0    0.20799950581460386 0.84488172225513947  -0.85811471939086914         2.0146582126617432 -0.087168455123901367 0.98291516304016113 
1    0.2851645724893021 0.63043268343464787  -0.91195136308670044         1.9937784671783447 0.18316888809204102 2.2214868068695068 
2    0.6138574423408989 0.374272337708284  -1.2123446464538574         2.6349546909332275 2.8790414333343506 0.19392871856689453 
3    0.26187915999344824 0.75428845928919475  -1.5194135904312134         -2.8520090579986572 -1.9669218063354492 0.72122859954833984 
4    0.58295463521642266 0.43862108364605135  -0.55222171545028687         -1.3431715965270996 -2.5589766502380371 -2.4645264148712158 
5    0.58252939125819259 0.41777003834849391  -2.2752258777618408         2.7051627635955811 -2.7053651809692383 -1.1575021743774414 
6    0.35610721269626588 0.582994812964021  -1.1981000900268555         -0.077896595001220703 2.689462423324585 0.45973873138427734 
7    0.39946421228124507 0.21500750846053973  -0.35582372546195984         -1.0136740207672119 -0.69789409637451172 -1.5593177080154419 
8    0.17929080964433519 0.58788203203987233  -1.4380478858947754         1.8363163471221924 2.0997745990753174 -1.0739703178405762 
9    0.5345736228415443 0.20657869254408001  -1.7638318538665771         -1.1597791910171509 -1.7581684589385986 2.2466180324554443 
10    0.5166786596463655 0.84759742715143949  -1.656639575958252         1.9327971935272217 -1.6421273946762085 1.8081581592559814 
11    0.4537069351070564 0.6877848861193786  -2.3421533107757568         1.615314245223999 2.4628198146820068 -2.8748793601989746 
12    0.85191021641152676 0.29638034598512608  -0.56757640838623047         0.34299635887145996 -1.0418214797973633 -0.4559638500213623 
13    0.36314762832152347 0.62832830448820309  -2.2409133911132812         2.772510290145874 -0.11073017120361328 -2.7142069339752197 
14    0.52889696786453499 0.35595750597667475  -0.86370134353637695         1.7415144443511963 2.8081128597259521 0.69250965118408203 
15    0.61333421360705498 0.60109918220216196  -1.5365341901779175         -1.4975161552429199 2.1660878658294678 1.0810940265655518 
16    0.14904031757655323 0.57715067364059935  -1.5371997356414795         2.1298143863677979 1.8765490055084229 -1.2503266334533691 
17    0.37835033794304018 0.6362957497268974  -0.40076908469200134         1.1928679943084717 1.0642807483673096 1.9714090824127197 
18    0.47686855693389574 0.55213081257082353  -2.1361789703369141         2.4163100719451904 -1.7267043590545654 -2.4230923652648926 
19    0.74894165315313366 0.53409510097956991  -1.9237263202667236         1.0565140247344971 -2.5687425136566162 1.8508741855621338 
20    0.69326656808722553 0.52864491303382299  -2.1955747604370117         0.40370464324951172 -2.554800271987915 2.813913106918335 
21    0.81127149095039264 0.66703922494733314  -1.2026693820953369         0.5009307861328125 -0.9925532341003418 1.9532773494720459 
22    0.18090253045908372 0.46022341949409479  -0.99642640352249146         -2.4530570507049561 -0.10135006904602051 -1.8428895473480225 
23    0.54398176869290504 0.40803912198015024  -1.2683893442153931         -0.19679903984069824 2.6405794620513916 2.3180716037750244 
24    0.39865176595884433 0.75107759559694354  -2.245781421661377         2.7266824245452881 -2.3883850574493408 1.9221370220184326 
25    0.65546821180613679 0.63273149890854041  -1.559539794921875         1.7463972568511963 -0.94038653373718262 -1.9487248659133911 
26    0.19859721774500649 0.83377300234686236  -0.59505528211593628         1.7973453998565674 0.43261861801147461 0.67164325714111328 
27    0.36458903835560452 0.49155940940751819  -0.84888529777526855         3.0842468738555908 1.2096798419952393 2.9262111186981201 
28    0.8213699680344414 0.41115377527896968  -1.3353562355041504         -0.33764839172363281 1.1797215938568115 -2.088442325592041 
29    0.34279227732514772 0.83064876231080942  -1.7932164669036865         2.8692061901092529 -0.7695772647857666 -1.0808558464050293 
30    0.14971031458399098 0.17945944460672469  -1.5155686140060425         -2.8233711719512939 0.48996305465698242 0.2833406925201416 
31    0.23610407485510021 0.20601131336173717  -1.2421139478683472         -1.5920810699462891 -1.6111717224121094 1.0332434177398682 
32    0.49409330642981647 0.43141882530637898  -0.43576818704605103         -1.5114758014678955 -1.7717905044555664 -2.5381262302398682 
33    0.83589945497678952 0.55408158645556371  -1.505901575088501         1.0294425487518311 -2.0208468437194824 1.3005797863006592 
34    0.42688857138884595 0.63783280208909221  -2.1286215782165527         2.3710267543792725 -0.51718473434448242 -2.8325085639953613 
35    0.55790940621823015 0.22275210055929506  -0.92583191394805908         0.21247577667236328 -1.957170844078064 -0.30075645446777344 
36    0.45660969397944717 0.70979546646979708  -1.6882606744766235         -2.6674642562866211 -2.8153841495513916 0.83762574195861816 
37    0.40349578872725378 0.33367033804679669  -0.56683790683746338         -1.1925219297409058 -0.80141854286193848 -2.1507258415222168 
38    0.088072665072807033 0.4662611136087238  -0.81104260683059692         -2.1877303123474121 -1.166455864906311 -0.2013545036315918 
39    0.38239624717597387 0.33731585056074903  -0.4400571882724762         -0.58433389663696289 -1.6423807144165039 -1.291764497756958 
40    0.31435126805524133 0.27127843991483036  -1.7940069437026978         2.85373854637146 2.3538887500762939 -1.1771501302719116 
41    0.8830636286430521 0.24810027204594121  -0.73423278331756592         -0.3452756404876709 -0.82524847984313965 0.91579079627990723 
42    0.60077183309759341 0.40371521952895328  -1.585471510887146         -1.0584657192230225 0.84554815292358398 2.8248870372772217 
43    0.44242260965964131 0.68405797680486846  -1.4624571800231934         -0.48861980438232422 2.7818515300750732 -0.11929416656494141 
44    0.86556298003253873 0.27163624590264585  -1.0606573820114136         -1.3015209436416626 1.2681186199188232 -0.34864664077758789 
45    0.65136815509711377 0.65950997405747425  -1.7778556346893311         -0.83586764335632324 2.8076064586639404 -1.0798728466033936 
46    0.60447947270479852 0.34688733577891728  -2.2300121784210205         -0.38800644874572754 -2.9448604583740234 2.5138976573944092 
47    0.56610545850716509 0.86576895695850054  -1.4785861968994141         2.2195231914520264 -0.7337181568145752 -1.0727932453155518 
48    0.7663796197270174 0.4042307277623608  -0.95620620250701904         0.80779194831848145 -1.1109068393707275 -1.3149286508560181 
49    0.44966929136235917 0.73648275143819819  -1.1661012172698975         1.4298398494720459 -0.31558561325073242 2.5152337551116943 
50    0.80031236990294896 0.3894992752293342  -1.1948455572128296         -0.76230907440185547 -0.21308159828186035 2.0019257068634033 
51    0.62134787722572693 0.76109231051938042  -1.0675402879714966         -0.43682575225830078 2.0475223064422607 0.098664999008178711 
52    0.59009506104384779 0.48862880416268639  -1.0921643972396851         -0.029996633529663086 -1.6900575160980225 -2.6768519878387451 
53    0.70191066482992714 0.8580762252178441  -0.32924503087997437         0.2167048454284668 1.003925085067749 0.45858001708984375 
54    0.63191861655868076 0.57277095104408293  -1.0035502910614014         -2.8343701362609863 -2.7222905158996582 -0.65169262886047363 
55    0.66406756245783116 0.69760777646639083  -1.8363195657730103         1.1148416996002197 -1.8862468004226685 2.5159199237823486 
56    0.31682245954406474 0.48767394859134694  -0.80232906341552734         -2.3325445652008057 -0.64124584197998047 -2.3537430763244629 
57    0.72392148467835504 0.76206240820523286  -1.2445586919784546         -0.18585896492004395 2.0122368335723877 -0.91614151000976562 
58    0.67311801027552709 0.14090032715225931  -1.1979656219482422         -1.5243500471115112 -0.041974306106567383 1.4100019931793213 
59    0.51279219063298165 0.51595030368561545  -2.0622262954711914         -2.3087148666381836 2.1734397411346436 1.9498403072357178 
60    0.57234749158037179 0.22939393476454711  -0.8486778736114502         -0.75209259986877441 -0.06853485107421875 -2.1105210781097412 
61    0.52370912796870317 0.8829377356255369  -1.4604904651641846         2.2006285190582275 -0.49391627311706543 -1.1845880746841431 
62    0.24946463384114059 0.79039933480202706  -1.7517287731170654         2.7369801998138428 -0.012251138687133789 -1.4906666278839111 
63    0.60879243842097852 0.63752991907551193  -1.3316373825073242         0.75852131843566895 -0.1915135383605957 2.9858615398406982 
64    0.04649221149230498 0.38853342446284345  -1.5590107440948486         3.0780093669891357 0.82483744621276855 -0.71873140335083008 
65    0.46015090158297423 0.97631785868029564  -0.53229445219039917         1.2309882640838623 0.6648705005645752 -0.069248676300048828 
66    0.93827240725640493 0.45399320254864772  -0.85894447565078735         -0.35510897636413574 0.95834088325500488 -1.1218209266662598 
67    0.73142866085518676 0.64286583499682848  -1.9014288187026978         1.3246181011199951 -2.3806490898132324 1.9158928394317627 
68    0.65053997068781411 0.56764850400084277  -0.94575244188308716         -0.81579923629760742 -3.1312618255615234 -1.9103683233261108 
69    0.52130729264238185 0.25564493069914018  -1.9601577520370483         -0.90366363525390625 -2.4298791885375977 2.2756874561309814 
70    0.41438258046488119 0.34439094790109648  -2.4414279460906982         -2.0247759819030762 -2.2109396457672119 3.0586831569671631 
71    0.48191628109410251 0.88534103829245203  -1.0714095830917358         1.5130798816680908 -0.66364169120788574 1.694382905960083 
72    0.64171164579374862 0.42299380759517902  -1.5512760877609253         -0.45311141014099121 2.5125601291656494 3.0870654582977295 
73    0.25477018822960967 0.56520032198179804  -1.4542372226715088         -3.0346858501434326 0.30512762069702148 -2.43756103515625 
74    0.591492313086733 0.058403968956273644  -0.32165801525115967         -0.72603130340576172 -0.87825179100036621 -0.13265728950500488 
75    0.70795044971689469 0.63755087377388742  -1.8087443113327026         0.45547914505004883 1.6861050128936768 -2.6151504516601562 
76    0.38109758301918822 0.71046637300324911  -1.3000038862228394         1.8039343357086182 -0.48896527290344238 2.5711209774017334 
77    0.35516557341817467 0.44392286898857236  -0.95598411560058594         0.69223928451538086 2.6794130802154541 0.61301183700561523 
78    0.45701739262570723 0.1472321914332167  -0.8591989278793335         -0.51190423965454102 -1.8054234981536865 0.27908039093017578 
79    0.46143875688794112 0.24132509182253775  -1.963975191116333         -1.3946100473403931 -2.0121088027954102 2.4283974170684814 
80    0.66832119236753917 0.47750748602083692  -2.2447750568389893         -1.4520150423049927 3.12211012840271 -1.8076032400131226 
81    0.4554220451411562 0.3564234485819342  -2.0605947971343994         -1.8799817562103271 1.5451757907867432 3.0432746410369873 
82    0.61926428264110212 0.32704932386591473  -0.9606744647026062         -0.33982419967651367 -0.35130453109741211 -2.3834383487701416 
83    0.8434082108241796 0.18088065274639831  -0.70676106214523315         -0.84246468544006348 -0.28289389610290527 0.8561091423034668 
84    0.4162676687093434 0.032748202428427797  -0.90203076601028442         -1.5174905061721802 -0.68740177154541016 0.67087912559509277 
85    0.29439787518167337 0.50303936954099948  -2.564335823059082         -2.899296760559082 -2.4042925834655762 2.7710654735565186 
86    0.18543634324784997 0.63972632583825362  -1.4280632734298706         1.7751500606536865 2.013784646987915 -1.1278548240661621 
87    0.84355939287309123 0.28483965710456877  -1.1925506591796875         -0.99005317687988281 1.3582212924957275 -1.3205760717391968 
88    0.54296078629336186 0.57868855390876017  -0.53698307275772095         3.0041673183441162 2.6731917858123779 1.7362186908721924 
89    0.52795403588480594 0.64781810978719778  -0.96112453937530518         1.2000210285186768 0.69873881340026855 2.941478967666626 
90    0.46978279777435333 0.58752061112594056  -1.3238530158996582         0.41381978988647461 -2.6809206008911133 -1.9723454713821411 
91    0.78932983774509169 0.31958432844186535  -1.5841594934463501         -1.6477400064468384 2.0343072414398193 -0.8673393726348877 
92    0.55670886961593591 0.24748449368533004  -2.2353610992431641         -3.0931763648986816 2.3805692195892334 -0.23648476600646973 
93    0.19320602010381649 0.38746147104526985  -1.7649804353713989         -2.8539488315582275 1.1975743770599365 -2.1347365379333496 
94    0.93338835145178201 0.61624321442997743  -0.7443423867225647         0.23003506660461426 0.61229133605957031 -1.1227328777313232 
95    0.77256716079923526 0.75422297472145383  -1.4843933582305908         1.5625216960906982 -1.7956026792526245 1.0907938480377197 
96    0.54790829056121548 0.6063225681949338  -1.5445811748504639         0.69398736953735352 -2.504321813583374 -2.6555681228637695 
97    0.69184114852848744 0.4690695957582548  -1.2439392805099487         0.37932801246643066 -0.30312895774841309 -2.5336551666259766 
98    0.10719216437225965 0.2589198011763103  -1.6807992458343506         -3.0846152305603027 0.9785001277923584 -0.47755074501037598 
99    0.72493893375749308 0.19299705709358361  -1.2692885398864746         -0.8016960620880127 -1.1050188541412354 1.7263658046722412 
100    0.55406756244178912 0.1545198592624884  -1.5437842607498169         -2.2620444297790527 0.69999337196350098 1.254770040512085 
101    0.28825246206877386 0.57524724017762374  -2.356673002243042         2.9128525257110596 0.96389269828796387 -2.7673420906066895 
102    0.12226324877850259 0.65256858750389968  -1.7341469526290894         -3.0072383880615234 -1.4219626188278198 1.1982972621917725 
103    0.41241344400517849 0.97422111262718103  -0.97677379846572876         1.7296974658966064 0.36348605155944824 -0.6544349193572998 
104    0.7559643900251023 0.40848853431074217  -1.5073157548904419         1.3194892406463623 -2.287128210067749 0.20045852661132812 
105    0.61552962967032121 0.65698387745290809  -1.8655434846878052         2.4703714847564697 -1.542184591293335 -1.429496169090271 
106    0.49720245531097995 0.52098716298872105  -2.0028917789459229         -2.1408557891845703 2.2278668880462646 1.9768412113189697 
107    0.43763930493476388 0.040741506581886855  -1.2065993547439575         -2.0742664337158203 0.21692013740539551 0.68821167945861816 
108    0.7834528805764287 0.63791553875201723  -1.5702624320983887         0.060851335525512695 1.792156457901001 -2.0480036735534668 
109    0.41784874955907381 0.90823585028840148  -1.4297289848327637         2.2433030605316162 -0.16970491409301758 -1.161292552947998 
110    0.23820600155287375 0.81552249075941186  -1.659928560256958         2.692274808883667 -0.051842927932739258 -1.2781482934951782 
111    0.70830147357699369 0.67027801050646374  -0.80361956357955933         -0.28568792343139648 0.79765868186950684 1.6793229579925537 
112    0.51477524903259897 0.69960202245408776  -0.79287070035934448         -2.9686460494995117 -1.8934087753295898 -1.0303859710693359 
113    0.52514620039214455 0.86406655567870672  -1.2979081869125366         0.77684259414672852 1.8110506534576416 -1.3095810413360596 
114    0.43622255374435348 0.72143586758061817  -2.0704810619354248         1.849442720413208 1.3847320079803467 -2.7565889358520508 
115    0.31327455895748901 0.47870476388823424  -1.3317091464996338         -0.6384577751159668 -2.8851017951965332 0.28638148307800293 
116    0.53703799308898748 0.75250435454228648  -1.8938356637954712         2.7153909206390381 -1.2840315103530884 -1.3198118209838867 
117    0.38496298161916098 0.72390963287687238  -2.348224401473999         2.824169397354126 -2.5102572441101074 2.0201876163482666 
118    0.46139548525255036 0.38484863229724942  -1.7228097915649414         -1.0660321712493896 2.7627913951873779 2.3850686550140381 
119    0.32794338826097746 0.3347695686600124  -0.91895937919616699         -0.48352241516113281 -2.2835910320281982 -0.21308541297912598 
120    0.55030178270756058 0.69305522752469251  -0.72479069232940674         0.38339972496032715 0.81537604331970215 2.0906941890716553 
121    0.65156418196880383 0.50053534816603584  -1.1574418544769287         -0.37915992736816406 -2.8980472087860107 -2.7655143737792969 
122    0.59980285569765979 0.98895003059595576  -0.70964694023132324         1.4307520389556885 -0.037299394607543945 -0.10938358306884766 
123    0.40508085301777275 0.38518240236984275  -1.450961709022522         -0.50818848609924316 3.0345795154571533 1.5089623928070068 
124    0.66047905699917431 0.35286549948069695  -2.0308406352996826         -0.023153305053710938 -2.7165484428405762 2.2521135807037354 
125    0.42500004207484615 0.62506378047382227  -0.42086440324783325         -1.9756063222885132 -2.1209549903869629 -1.1644107103347778 
126    0.80839971474658601 0.53060769866511426  -1.5028393268585205         -1.233282208442688 2.2021090984344482 -0.66098260879516602 
127    0.51272576890012522 0.44071359137583943  -1.1774741411209106         -0.18649744987487793 2.4222495555877686 2.1831614971160889 
128    0.61304226269023743 0.79086301550550242  -1.60219407081604         1.201371431350708 1.1167633533477783 -2.2389094829559326 
129    0.60055285560123828 0.31886064923376867  -1.9864360094070435         -0.063128232955932617 -2.865750789642334 1.9802167415618896 
130    0.40888996327859872 0.58357925520985821  -0.18729327619075775         3.0044233798980713 2.6871116161346436 2.558819055557251 
131    0.45345854427756171 0.85552008655381573  -1.4875456094741821         1.2548072338104248 1.6276381015777588 -1.6977759599685669 
132    0.69814637466123708 0.27952660532407547  -0.73793083429336548         0.38631343841552734 -1.268088698387146 -1.0714855194091797 
133    0.33202519447790602 0.58788743205720573  -2.2922670841217041         1.9292004108428955 2.9427120685577393 -2.3468036651611328 
134    0.83615768020475445 0.260370943775182  -1.0465672016143799         -0.17104101181030273 -1.3310444355010986 1.2287695407867432 
135    0.35789837899453641 0.46907135918715998  -2.4238607883453369         -2.3816366195678711 2.8928382396697998 2.6162984371185303 
136    0.51922132031034673 0.38043774485598159  -0.26521486043930054         -2.0601143836975098 -2.6860926151275635 -2.5235648155212402 
137    0.39692380651180359 0.5984655702081868  -0.023874595761299133         2.7329838275909424 2.732466459274292 2.7833688259124756 
138    0.18241677551657021 0.57400088712877595  -2.0725107192993164         2.838360071182251 1.2204396724700928 -2.1378059387207031 
139    0.048533030733477756 0.51102811460493169  -1.2982293367385864         2.5886247158050537 1.0900309085845947 -0.58965539932250977 
140    0.17232795768949816 0.84294418896708678  -1.2181766033172607         2.4353783130645752 -0.54146218299865723 0.76916599273681641 
141    0.153193925898921 0.61201942690938294  -2.0062046051025391         -3.0954701900482178 -1.4963101148605347 1.7282707691192627 
142    0.43034756735501672 0.38747585931319972  -1.9857546091079712         1.8863050937652588 -2.9045619964599609 -1.237270712852478 
143    0.7278488698690776 0.30209060129062665  -1.6040809154510498         -0.54494547843933105 -1.5087260007858276 2.2719800472259521 
144    0.69079538294384391 0.56274903312724744  -2.1103997230529785         0.50633645057678223 -2.3127422332763672 2.8493478298187256 
145    0.4907744046454216 0.7033098132380915  -2.2287259101867676         1.2042491436004639 2.6485426425933838 -2.6329901218414307 
146    0.67127451582828923 0.51894663670870433  -2.3948879241943359         2.8090770244598389 -3.0418434143066406 0.25069546699523926 
147    0.17149887950504894 0.58085961093589966  -1.9007169008255005         -2.7435092926025391 -1.911733865737915 1.639540433883667 
148    0.73137916438065642 0.91519262092169884  -0.15028178691864014         0.6934053897857666 0.33697056770324707 0.43552350997924805 
149    0.028674708237403257 0.38604212391075443  -1.2705061435699463         -2.646496057510376 -0.59081697463989258 0.40482401847839355 
150    0.61414538237520677 0.75074724190113029  -1.7562538385391235         2.4791557788848877 -1.4015119075775146 -1.0690453052520752 
151    0.69369512845189041 0.44912143594995907  -2.1380515098571777         -0.47694921493530273 2.4019296169281006 -2.8262736797332764 
152    0.6274868073518528 0.39621508078839784  -1.7058361768722534         -0.63503313064575195 2.8647129535675049 3.0917770862579346 
153    0.61304819763489893 0.14282506639551928  -1.1726803779602051         -0.46256184577941895 -1.7798995971679688 1.0893738269805908 
154    0.2711552138781983 0.61219892966065836  -2.0788335800170898         -2.6563320159912109 -2.5531926155090332 1.8042051792144775 
155    0.41881340259062239 0.2490870473290121  -0.50192034244537354         -1.0106809139251709 -0.63770508766174316 -1.8387495279312134 
156    0.47624098175667556 0.0048311360597595443  -0.91697055101394653         -1.7852275371551514 0.18000316619873047 0.13927888870239258 
157    0.58372042816669067 0.61353458979166908  -0.96786969900131226         0.77640843391418457 0.99276614189147949 2.9291813373565674 
158    0.3950120549073356 0.97471901943895578  -0.70977377891540527         1.6527321338653564 -0.057442188262939453 0.52656841278076172 
159    0.2706351187635116 0.78318237328829532  -0.99949699640274048         -2.9753305912017822 -1.2213230133056641 -0.61911511421203613 
160    0.16951857303462137 0.43683693467410373  -0.63364118337631226         2.1095778942108154 1.4502127170562744 0.56306195259094238 
161    0.30343555333228511 0.56265869184676975  -0.35401439666748047         -1.6779377460479736 -1.8547768592834473 -1.031160831451416 
162    0.39306794065173145 0.43071688158515442  -0.34557813405990601         -2.6898906230926514 -2.0719313621520996 -2.8819139003753662 
163    0.4210785249053291 0.60337654532116625  -0.059835389256477356         2.6146867275238037 2.5949904918670654 2.7306172847747803 
164    0.25235254002534208 0.63537742378208595  -1.6513222455978394         1.5590164661407471 2.4228498935699463 -1.4312351942062378 
165    0.77772524486676697 0.6567619396653458  -1.6401453018188477         1.0487015247344971 -1.9315119981765747 1.8918521404266357 
166    0.344215344996251 0.55186171004182816  -1.5272074937820435         -0.48086094856262207 3.0751273632049561 0.2912290096282959 
167    0.90589918672966274 0.41450341300522514  -0.8283461332321167         0.66446900367736816 -1.3087962865829468 0.086952686309814453 
168    0.15688852002238263 0.51294194829185014  -1.9234850406646729         -2.6966366767883301 -1.746502161026001 1.7749302387237549 
169    0.57112939827456999 0.66999354968445091  -2.2689938545227051         1.0768330097198486 2.3182117938995361 -2.9941439628601074 
170    0.39612951017164483 0.35711426190258355  -0.57490295171737671         1.9279344081878662 2.1995651721954346 0.86709904670715332 
171    0.56674402162649584 0.29234102605403789  -1.9096895456314087         -1.3464690446853638 1.7648050785064697 -2.8159096240997314 
172    0.44275686818275206 0.11235019742329522  -0.63499057292938232         -0.71573019027709961 -1.4762859344482422 0.078991889953613281 
173    0.42996408980050349 0.46251549189855129  -0.38358405232429504         -1.9516383409500122 -1.4814013242721558 -2.4209864139556885 
174    0.98269761447815629 0.50460523036379468  -0.44269171357154846         0.36012744903564453 -0.63815021514892578 0.22769427299499512 
175    0.8628735628127745 0.70833807163047924  -0.87796700000762939         1.0899422168731689 -0.37861943244934082 -1.0049312114715576 
176    0.6004861856643583 0.59395989458988019  -1.6352075338363647         1.5583746433258057 -0.99961233139038086 -2.3899059295654297 
177    0.67802367462925162 0.6253804704429381  -2.0062406063079834         -0.23029232025146484 2.7607510089874268 -2.1115667819976807 
178    0.96991523331204377 0.5013222855391275  -0.62140685319900513         -0.35873532295227051 0.83610820770263672 -0.57796573638916016 
179    0.54026494909813449 0.44981216423710624  -1.9449082612991333         2.1253573894500732 -2.3012199401855469 -1.613075852394104 
180    0.46431179520996502 0.27846943781845673  -2.0888421535491943         -3.0297272205352783 1.265639066696167 1.5256617069244385 
181    0.44376881422909159 0.26097270256570693  -0.40956172347068787         -0.46322369575500488 -1.3418200016021729 -1.3219083547592163 
182    0.62090368828281584 0.7221481798391729  -2.0760312080383301         2.8576438426971436 -2.1858901977539062 -0.22683882713317871 
183    0.47728835293762056 0.50483323547308601  -0.41416987776756287         2.995438814163208 2.0261185169219971 2.2514936923980713 
184    0.66229195561924215 0.40266068967877838  -1.5192117691040039         -0.96161556243896484 0.15737128257751465 2.6714622974395752 
185    0.54029433554543393 0.37255287535665371  -0.43648162484169006         -1.7675124406814575 -2.7322762012481689 -2.6489508152008057 
186    0.90382840925974373 0.79085519188153164  -0.3697059154510498         0.69587969779968262 -0.20838832855224609 0.2013709545135498 
187    0.32061176556512072 0.051173465169519816  -0.67665547132492065         -1.5840891599655151 -0.57714080810546875 0.059526681900024414 
188    0.79827828838216941 0.6988018841913739  -1.2984997034072876         0.75834894180297852 -1.2562992572784424 1.8825385570526123 
189    0.42375963256449156 0.35773895009779882  -1.2777912616729736         0.019538402557373047 3.105886697769165 1.1119148731231689 
190    0.47924110457298053 0.64124522381447513  -1.5762810707092285         -1.2117568254470825 2.6484482288360596 0.78970098495483398 
191    0.70966696558302711 0.4510476071669024  -1.4060714244842529         -1.5505834817886353 1.2912528514862061 1.5554578304290771 
192    0.082974999713556152 0.68903084799176662  -1.2816241979598999         2.3498079776763916 0.95284295082092285 -0.78340029716491699 
193    0.41424169533712968 0.18630958395552444  -2.0452291965484619         -2.7313332557678223 2.1198508739471436 -1.3887194395065308 
194    0.10434959121189269 0.68189116431934416  -1.5557440519332886         -3.0120754241943359 -1.2504280805587769 0.79517555236816406 
195    0.21207220506216024 0.28474488518080776  -0.85587477684020996         -2.0027906894683838 -0.033469438552856445 -1.6407676935195923 
196    0.15623396981508297 0.2320876302935711  -1.7854288816452026         -3.1011786460876465 1.2614743709564209 -0.65461993217468262 
197    0.76474636798538187 0.32110127358623891  -0.78822046518325806         0.56495237350463867 -1.2209479808807373 -0.96339678764343262 
198    0.0026861995179064957 0.5377785354826814  -1.4638990163803101         -3.1344685554504395 -0.17304873466491699 0.09723973274230957 
199    0.37496454633031795 0.48801817083977933  -1.3119542598724365         -0.40979504585266113 2.8023273944854736 1.1113545894622803 
200    0.43729947491916848 0.6327869934642727  -0.79556256532669067         1.5233361721038818 0.72959208488464355 2.6677677631378174 
201    0.6552028853391918 0.8060149130436508  -1.7000972032546997         1.8184702396392822 -1.9352116584777832 1.5033242702484131 
202    0.64604909815496936 0.60673260203820534  -1.8989752531051636         2.4613831043243408 -1.8572198152542114 -1.1944918632507324 
203    0.37583188497533437 0.38749216644017037  -0.53642565011978149         -1.4893454313278198 -0.91199207305908203 -2.2228641510009766 
204    0.64691109790498391 0.4827895475170858  -0.96359717845916748         2.6565792560577393 2.9324676990509033 0.76443672180175781 
205    0.75607329160820014 0.56332859558474124  -1.4691768884658813         -1.4704858064651489 2.1259443759918213 0.21623802185058594 
206    0.57617762161943542 0.55063903318751917  -1.1187903881072998         -0.083247184753417969 -2.4481987953186035 -2.4648337364196777 
207    0.51190634319049122 0.54583096310801882  -0.78119951486587524         0.40494847297668457 1.7475779056549072 2.2570412158966064 
208    0.38548464499457308 0.8168831533114933  -1.1652258634567261         1.7043325901031494 -0.59575271606445312 2.0178768634796143 
209    0.71659626128932352 0.26891476437103545  -1.554169774055481         -0.63456130027770996 -1.4636139869689941 2.1686756610870361 
210    0.23866708091704036 0.42099148871605252  -2.3311154842376709         3.0624325275421143 2.0105149745941162 -2.3239326477050781 
211    0.56660999781078669 0.34128448293733049  -1.8348044157028198         -2.2420988082885742 1.0513780117034912 2.0530431270599365 
212    0.17549884810442595 0.31817903984606477  -1.8532899618148804         -2.7239508628845215 -0.7341606616973877 1.80458664894104 
213    0.52462358240652407 0.30492236915879434  -0.80492722988128662         -0.72776484489440918 -0.54482841491699219 -2.3364396095275879 
214    0.5303347798689525 0.33314621786291687  -1.8589146137237549         -2.0529005527496338 0.63978338241577148 2.4733984470367432 
215    0.26346839722876791 0.35322447883006169  -2.005652904510498         -2.051079273223877 -2.1687507629394531 2.1434967517852783 
216    0.74732995691684301 0.075089006337618058  -0.61525976657867432         -1.1462881565093994 0.36063313484191895 -0.41131305694580078 
217    0.61938623193027209 0.93381372990638833  -1.0493571758270264         1.5472681522369385 0.12464165687561035 -1.0180346965789795 
218    0.38791551053401357 0.23684953601766312  -0.43891918659210205         -1.1048593521118164 -0.6346580982208252 -1.7070808410644531 
219    0.53407988599281264 0.66181326149672159  -0.76552259922027588         1.4240853786468506 3.0134742259979248 3.080460786819458 
220    0.42919472952221888 0.59344238983636222  -1.5731252431869507         -1.1549263000488281 2.6754438877105713 1.124197244644165 
221    0.66007305776114245 0.23503392886752611  -1.4690761566162109         -1.9387900829315186 0.73537826538085938 1.4835875034332275 
222    0.35731140001066708 0.085035053971365737  -0.81959927082061768         -1.2479257583618164 -1.224642276763916 0.50223159790039062 
223    0.24985090398389104 0.88865485450254611  -1.0161494016647339         1.7600915431976318 0.92612099647521973 -0.68787574768066406 
224    0.46631750295858621 0.56447740182974138  -2.0792160034179688         2.1988074779510498 -1.7489825487136841 -2.5617241859436035 
225    0.60387097214922136 0.71999694355644017  -0.67218613624572754         0.018661975860595703 1.0072076320648193 1.6532580852508545 
226    0.49560136713301339 0.20532119137880789  -2.1461458206176758         -2.8124580383300781 2.3511183261871338 -1.0849804878234863 
227    0.37103195389163168 0.36352767100922029  -2.4128024578094482         -2.2763767242431641 -1.9362092018127441 3.0035488605499268 
228    0.20800792686966596 0.16060615816408513  -1.4340513944625854         -2.559300422668457 0.94493651390075684 -1.0181510448455811 
229    0.32353443371149965 0.49794774595527902  -0.90701091289520264         2.5097448825836182 0.56900119781494141 2.475933313369751 
230    0.41187452395100244 0.6701358809839506  -1.6431548595428467         -2.207195520401001 -2.9610273838043213 0.83986473083496094 
231    0.53720289353759754 0.54145653661838244  -1.2167118787765503         0.28755068778991699 -2.1881463527679443 -2.3872871398925781 
232    0.29285850505049515 0.82192498922989954  -1.8156005144119263         2.9856870174407959 -0.8150031566619873 -0.91463041305541992 
233    0.34487166550254411 0.51361185927819852  -2.6792466640472412         2.7988884449005127 -2.8830077648162842 -2.8862946033477783 
234    0.36666861539853746 0.27456889464037215  -1.4889204502105713         -0.70912861824035645 -2.5554420948028564 1.0915582180023193 
235    0.60520229955727212 0.61932287587293733  -1.1197904348373413         0.76263785362243652 0.58880996704101562 3.0463831424713135 
236    0.72230901894214605 0.59804737769085292  -1.651073694229126         -1.4294698238372803 2.4999039173126221 -0.29376792907714844 
237    0.67405689272260971 0.2363612580171699  -1.4006760120391846         -1.6631128787994385 0.30988287925720215 1.754225492477417 
238    0.47656344025780684 0.82793593517179509  -1.4466495513916016         0.78746581077575684 2.0848853588104248 -1.4195387363433838 
239    0.61512998547355069 0.47574462761106556  -0.5676417350769043         1.8456361293792725 2.834824800491333 1.493999719619751 
240    0.83096887836296185 0.5939108058054996  -1.3811337947845459         0.50346779823303223 -1.4113374948501587 1.9614384174346924 
241    0.49092765071812783 0.5096209464464585  -0.6153138279914856         0.75002908706665039 2.017348051071167 2.0902130603790283 
242    0.43031564005144213 0.51330606601341788  -0.40551292896270752         2.4273478984832764 1.5847980976104736 2.4616668224334717 
243    0.48058918951988061 0.36615374432980929  -1.9592922925949097         -1.5000597238540649 2.4017236232757568 2.8709113597869873 
244    0.42914973616588431 0.66726376677011034  -0.98452222347259521         1.5322296619415283 0.26320457458496094 2.6736562252044678 
245    0.27578381176673483 0.89405771275670098  -1.5483732223510742         2.7140796184539795 -0.97118473052978516 0.095117330551147461 
246    0.58790398588458104 0.15861466155599041  -1.4710090160369873         -2.0911173820495605 0.56152462959289551 1.3470799922943115 
247    0.29106448685713276 0.40776843637594784  -0.80251044034957886         -2.0151238441467285 -0.42081737518310547 -2.2138338088989258 
248    0.43415305983574104 0.65369256445259116  -1.7504408359527588         -0.61933398246765137 3.1353294849395752 -0.5350639820098877 
249    0.44015745045513899 0.36063469834933859  -1.3405066728591919         -0.2310633659362793 3.0508949756622314 1.4986507892608643 
250    0.63262514762992705 0.41176251661941887  -1.0643699169158936         0.13228106498718262 -0.77176713943481445 -2.4375243186950684 
251    0.5955733930284548 0.44175084028926503  -0.97485202550888062         -0.40883469581604004 -1.4753004312515259 -2.7923383712768555 
252    0.54396584313561536 0.065431208340453184  -0.70375192165374756         -0.7829282283782959 -1.2339428663253784 0.43244600296020508 
253    0.41299837064911332 0.64027584516752745  -2.3979401588439941         2.0894730091094971 -2.883432149887085 -3.104041576385498 
254    0.82490638070496125 0.7002233178023296  -1.023084282875061         1.2022244930267334 -0.40114331245422363 -1.2674119472503662 
255    0.34552338804366034 0.62831902607386469  -1.3998287916183472         -1.704217791557312 -2.8468008041381836 0.5242621898651123 
256    0.37265654066476261 0.34526098195162125  -2.3430490493774414         -2.4439072608947754 2.3083555698394775 -2.8546113967895508 
257    0.68465645722579427 0.64820088667219533  -0.89219522476196289         -0.22554135322570801 0.70121908187866211 1.9518668651580811 
258    0.31944664223348973 0.17940187168215205  -0.27165499329566956         -1.2858620882034302 -0.65851902961730957 -1.1643220186233521 
259    0.27757007657239174 0.16439567289580564  -0.44243985414505005         -1.5229151248931885 -0.44497227668762207 -1.0809903144836426 
260    0.68178769531620187 0.53452762438055945  -2.2677297592163086         -0.29928255081176758 2.914874792098999 -2.6156702041625977 
261    0.49471054113958352 0.35103588192227719  -0.78241086006164551         -0.97208976745605469 -0.78968620300292969 -2.5330977439880371 
262    0.46947318877548966 0.66160424569063581  -2.0044035911560059         1.8000895977020264 -0.3463902473449707 -3.0972609519958496 
263    0.2812594772108159 0.74073324434863541  -1.6986278295516968         -2.8789646625518799 -2.1493563652038574 1.0333411693572998 
264    0.68036858049019378 0.39733155250406849  -1.0485730171203613         0.20815515518188477 -0.51014280319213867 -2.2865991592407227 
265    0.55256543418575932 0.43098196508236791  -0.60291177034378052         -3.0854246616363525 -2.6419022083282471 -1.6437340974807739 
266    0.19642714248613036 0.62377295066819916  -0.29103177785873413         1.6076405048370361 1.2291929721832275 0.89522385597229004 
267    0.040640763479760034 0.52251405925759919  -1.455477237701416         3.0766346454620361 -0.47021818161010742 0.99057507514953613 
268    0.22740268059016971 0.73476658566474495  -0.26261568069458008         1.395827054977417 1.1374580860137939 0.75646066665649414 
269    0.58270981718010406 0.34683428445164982  -1.9018268585205078         1.6467540264129639 -2.944490909576416 0.034218072891235352 
270    0.65255301627634188 0.44946441152859978  -1.1869819164276123         2.9141042232513428 2.9013445377349854 0.38977980613708496 
271    0.62785720174928494 0.23194809229751701  -1.3447321653366089         -1.0288228988647461 0.9440615177154541 -2.3267111778259277 
272    0.37218740819299012 0.54336616321986109  -1.7319968938827515         -1.2816624641418457 2.9294054508209229 1.2703464031219482 
273    0.66635000161754521 0.33255860690630523  -1.7924095392227173         -0.80477046966552734 -1.3061944246292114 2.7219140529632568 
274    0.72906707387963532 0.26986963337120035  -1.3208615779876709         -1.680946946144104 0.72928762435913086 1.3934257030487061 
275    0.10590297215178157 0.38752651803148619  -1.8436132669448853         -3.0280032157897949 -0.4614555835723877 1.4731457233428955 
276    0.2923533727420814 0.67027658812901036  -1.1914769411087036         0.8353724479675293 2.4124891757965088 -0.50275802612304688 
277    0.34700262235890761 0.40222799850645208  -1.7670104503631592         -2.5205869674682617 0.94298052787780762 -3.0367450714111328 
278    0.59724500120621027 0.68690261124910079  -1.5575441122055054         -1.0651612281799316 2.6218326091766357 -0.070960044860839844 
279    0.128129115586463 0.75724587653927489  -1.2889388799667358         2.5663521289825439 -0.58900284767150879 1.0832054615020752 
280    0.63483086476489736 0.52248346248563504  -0.98075997829437256         0.63312625885009766 2.7450253963470459 2.6807496547698975 
281    0.39400831916802237 0.49110213565094607  -1.0686566829681396         -0.040755271911621094 2.5764868259429932 1.2271864414215088 
282    0.45462673049316227 0.27298437384960206  -2.1109554767608643         -3.1021370887756348 1.3182113170623779 1.4313943386077881 
283    0.55119174253040437 0.75157357239918299  -1.520297646522522         1.296100378036499 -1.0840308666229248 2.5863783359527588 
284    0.64821591349124486 0.62395493137807478  -2.2848794460296631         3.0127103328704834 -2.5517504215240479 -0.28972864151000977 
285    0.50430516620602794 0.18688789013316887  -1.278538703918457         -0.33092761039733887 -2.2189264297485352 0.88899779319763184 
286    0.63377159479128653 0.49400330203744303  -1.3870797157287598         1.2069389820098877 -1.3390946388244629 -2.0144720077514648 
287    0.44408524158546159 0.8662099487782039  -1.6062532663345337         2.4631445407867432 -0.55025386810302734 -1.234398365020752 
288    0.35094606536809858 0.94996256765596365  -1.2367827892303467         2.2223880290985107 -0.22924518585205078 -0.54468250274658203 
289    0.57028379026278342 0.40272148501338556  -1.0884085893630981         0.24494194984436035 2.8293850421905518 2.1040322780609131 
290    0.13398225294930366 0.3561703133259263  -0.93782585859298706         2.778949499130249 0.6283714771270752 1.0043118000030518 
291    0.068580810533249603 0.54050181534337838  -0.90864372253417969         -2.5196006298065186 -0.85279941558837891 -0.40882754325866699 
292    0.62938871050355816 0.4689809737793823  -1.5266456604003906         -1.513095498085022 1.3618590831756592 1.995344877243042 
293    0.61785990873755081 0.54902817435266771  -0.55427950620651245         1.5174734592437744 2.8736059665679932 2.1390202045440674 
294    0.25337774946499214 0.48789630033337295  -2.0771756172180176         -2.2630715370178223 -2.5631999969482422 1.985546350479126 
295    0.49675170700835591 0.54407865139902023  -0.92568683624267578         -0.0072295665740966797 1.8732497692108154 2.0302250385284424 
296    0.60807414942757498 0.70948315326755307  -1.3131697177886963         -0.82568526268005371 2.3226115703582764 0.17746663093566895 
297    0.70392515804841849 0.55286303329197983  -1.4596982002258301         1.6572425365447998 -1.3944286108016968 -1.4821951389312744 
298    0.9347334956336828 0.51810403369577851  -0.60952788591384888         -0.29386472702026367 -0.025578737258911133 1.1122357845306396 
299    0.71955765916629566 0.55934922580805957  -1.7988529205322266         2.1824886798858643 -2.1923420429229736 -0.45996999740600586 
300    0.89186937661006427 0.61361557497894215  -1.0712708234786987         -0.29751348495483398 1.460315465927124 -1.1058523654937744 
301    0.77987819866334795 0.10559290415166056  -0.33441945910453796         -0.78119277954101562 0.014405012130737305 -0.5523073673248291 
302    0.089033225129232285 0.63278970407689861  -1.1151304244995117         -2.9381322860717773 -0.33367180824279785 -0.92287325859069824 
303    0.068225821616891835 0.62161628768586774  -0.91219419240951538         2.2046692371368408 0.98831486701965332 -0.026715755462646484 
304    0.6759524762986665 0.47029026892078535  -1.3942911624908447         0.057010173797607422 0.060718536376953125 -2.8988721370697021 
305    0.66730790951035757 0.56660275687979877  -1.8084324598312378         0.36397767066955566 -1.3323707580566406 3.0596330165863037 
306    0.38410773861933067 0.98600831198173877  -0.89487248659133911         1.8515079021453857 -0.046271324157714844 -0.047334909439086914 
307    0.34371524127345898 0.97288162900141817  -0.9980461597442627         2.0152261257171631 -0.18181395530700684 -0.01183772087097168 
308    0.42945134312451205 0.41221024844576548  -1.1924974918365479         -0.11764240264892578 2.7986767292022705 1.4838297367095947 
309    0.45459543658590817 0.39913991844552249  -2.1294150352478027         -2.3939738273620605 1.2195580005645752 2.6703417301177979 
310    0.56444123568539017 0.44088170205120891  -0.52782869338989258         2.6823050975799561 2.3300316333770752 1.4288375377655029 
311    0.78186862000607626 0.20426087901978635  -0.38137024641036987         -0.22657608985900879 -0.36339044570922852 -1.0952682495117188 
312    0.34482827941832866 0.48929513441811578  -1.1296244859695435         2.9481203556060791 0.51823186874389648 2.8794581890106201 
313    0.30082542531378476 0.60479572343912991  -1.7209432125091553         1.2507522106170654 2.7893731594085693 -1.3787442445755005 
314    0.55661144343636371 0.34808242546822904  -0.77906352281570435         -1.2787531614303589 -2.7401218414306641 -3.0722315311431885 
315    0.041490353447257822 0.40516966128427778  -1.4117562770843506         -2.6884586811065674 -0.7633662223815918 0.76191091537475586 
316    0.64961537006211989 0.41312703909075033  -1.6080724000930786         -1.8312417268753052 1.2956140041351318 1.8067018985748291 
317    0.24451790531076389 0.58699217676326643  -1.4434665441513062         2.5515196323394775 -0.57257509231567383 2.423419713973999 
318    0.60774259364559957 0.41992276509841187  -2.2472329139709473         -2.9929451942443848 2.2087490558624268 1.1673996448516846 
319    0.73598376539837318 0.56390705335088487  -1.9473114013671875         0.69201827049255371 -2.2837927341461182 2.4325039386749268 
320    0.70167561387490784 0.54066088522977107  -1.5665055513381958         -1.7171392440795898 2.0434892177581787 0.82346534729003906 
321    0.31720673518833742 0.46185324825495699  -1.3542362451553345         0.97948288917541504 2.9210808277130127 -0.37897753715515137 
322    0.5429297180029502 0.64809264590013882  -0.81914627552032471         1.2705490589141846 1.3896644115447998 3.064713716506958 
323    0.43068870423261874 0.57375216142786478  -2.363126277923584         -2.5995810031890869 2.724071741104126 2.030414342880249 
324    0.38805554300324008 0.45689850986652147  -0.58426398038864136         0.9512169361114502 2.2971808910369873 1.2029798030853271 
325    0.12072172494502198 0.42554978877853461  -1.0197088718414307         -2.4978642463684082 -0.012431144714355469 -1.4698450565338135 
326    0.66013884311069493 0.43313615352096263  -1.5093713998794556         -0.32757878303527832 0.46180844306945801 -3.0609133243560791 
327    0.23251116408816308 0.57729694037452839  -1.5566622018814087         2.6720154285430908 -0.75236415863037109 2.412273645401001 
328    0.48582676283743143 0.81687535291942948  -0.6657366156578064         0.24369311332702637 1.7118799686431885 0.36317777633666992 
329    0.39663449680746976 0.56712591456444073  -2.3538932800292969         2.7700798511505127 -1.2301663160324097 -2.8261778354644775 
330    0.66022037540447842 0.540180269703604  -1.2552812099456787         0.26337885856628418 2.6737120151519775 3.1218783855438232 
331    0.31583322722396762 0.51747466399389686  -1.6772719621658325         2.9330494403839111 -0.60195446014404297 2.9786651134490967 
332    0.86618715240060318 0.5218085108182231  -0.87961447238922119         0.93051838874816895 -0.80684208869934082 -1.0417611598968506 
333    0.3039881120574629 0.13674588019675477  -0.27013182640075684         -1.3072766065597534 -0.78574538230895996 -0.69384360313415527 
334    0.19949148928063865 0.77062891543734646  -0.5065649151802063         1.4977891445159912 1.1724574565887451 0.29812979698181152 
335    0.57521884739266138 0.25637111494321813  -1.9251854419708252         -0.92244863510131836 -2.0967864990234375 2.4456603527069092 
336    0.18779385420869799 0.54615598317233061  -0.92466318607330322         -2.5923576354980469 -0.34766650199890137 -1.7317947149276733 
337    0.66513980551887775 0.36329800609633389  -2.2345733642578125         -2.5810811519622803 2.8012402057647705 -0.75183343887329102 
338    0.53603464441390369 0.46605074786365952  -0.86183458566665649         0.4426875114440918 2.3573901653289795 2.1700065135955811 
339    0.32901790562356958 0.46463501381689037  -0.82336878776550293         0.92809605598449707 2.4780004024505615 0.5854346752166748 
340    0.50245434280584034 0.63766143714421952  -1.1971195936203003         -0.044211626052856445 -2.9672057628631592 -1.7082140445709229 
341    0.11199132464749112 0.44986581767507045  -0.81663739681243896         2.5256822109222412 0.63543009757995605 1.0137712955474854 
342    0.38109795061179363 0.79982121133979045  -1.772435188293457         1.9449656009674072 1.091200590133667 -2.1684033870697021 
343    0.59514763328750109 0.61692724160022694  -1.039911150932312         0.75852131843566895 0.80187129974365234 2.9858615398406982 
344    0.17522172101456857 0.64246974700478354  -1.7282356023788452         -2.7435092926025391 -1.911733865737915 1.2670557498931885 
345    0.26160960511893155 0.6415703352655614  -2.2048823833465576         2.9887869358062744 -1.9983047246932983 2.2906429767608643 
346    0.83793512269935899 0.54104368055795415  -0.86573320627212524         -0.77314543724060059 0.7676851749420166 1.2590558528900146 
347    0.5928489208067782 0.41699154349272494  -1.11799156665802         0.22638320922851562 2.8217127323150635 2.2808644771575928 
348    0.35730420114293227 0.42332462656894243  -1.0625679492950439         -2.6057760715484619 -0.63383245468139648 -3.0909624099731445 
349    0.48050005592957779 0.33447799755767826  -1.1386194229125977         0.6970672607421875 3.1415927410125732 0.75646066665649414 
350    0.49517260641098271 0.61560965363825493  -0.69714856147766113         0.3918452262878418 1.3880898952484131 2.0910899639129639 
351    0.62950652327236101 0.67269894932462071  -1.7709777355194092         2.333998441696167 -1.4019131660461426 -1.4433692693710327 
352    0.61876042567361744 0.38607704012603761  -1.750832200050354         -0.70472121238708496 2.9335711002349854 3.0807621479034424 
353    0.72418376168950005 0.35006106877678417  -0.89697462320327759         0.14732623100280762 -0.40500307083129883 -1.9705047607421875 
354    0.60312266593297481 0.36906684767978948  -2.350761890411377         -0.90366363525390625 -2.4298791885375977 3.1415927410125732 
355    0.39507993753215109 0.53641572622501454  -2.0397288799285889         -1.9174849987030029 2.8026220798492432 1.8612525463104248 
356    0.47447784922306835 0.97467749080085286  -1.0193846225738525         1.7253654003143311 0.2213902473449707 -0.75280189514160156 
357    0.9995324649388756 0.4818170458047577  -0.036103922873735428         -0.0085999965667724609 -0.057212591171264648 0.031072854995727539 
358    0.48807958778662114 0.71820998125656554  -0.79795795679092407         -2.9686460494995117 -1.7811651229858398 -1.0303859710693359 
359    0.3665537426779889 0.066754055501675236  -1.2853928804397583         -2.1858108043670654 0.94498658180236816 -0.90961337089538574 
360    0.61660987698043268 0.19302750919622103  -1.2927933931350708         -0.10942959785461426 -2.1272635459899902 0.99522280693054199 
361    0.35938617572357745 0.72709769118348366  -1.179699182510376         -2.4572324752807617 -2.2842872142791748 0.1272740364074707 
362    0.21392595442362972 0.52581507009515549  -1.8834279775619507         3.0610387325286865 -1.2231295108795166 2.4012773036956787 
363    0.25322428832251936 0.28142403878192734  -0.35481807589530945         -1.1723997592926025 -1.460421085357666 -0.60625958442687988 
364    0.39719498536529918 0.5824031913036809  -2.3084635734558105         2.3229019641876221 -2.1714589595794678 -2.8959877490997314 
365    0.5756460199465917 0.13524353533826522  -1.5147721767425537         -2.3062682151794434 0.9844062328338623 0.82365751266479492 
366    0.45563810400483351 0.62163924758645273  -0.70032060146331787         1.3725168704986572 0.9606316089630127 2.6087195873260498 
367    0.65651610218167611 0.13214080395971167  -0.44923049211502075         -0.65582799911499023 -0.18335628509521484 -1.2802395820617676 
368    0.32991466408852554 0.6509713747008562  -2.0647883415222168         2.5148050785064697 -1.7392902374267578 2.7567408084869385 
369    0.46470747888447711 0.67589172887929783  -0.73774009943008423         -3.0854246616363525 -1.4210126399993896 -1.6437340974807739 
370    0.3659632391084281 0.60026483382886187  -1.2255957126617432         -0.17346978187561035 2.6815493106842041 0.45027923583984375 
371    0.38040776238449003 0.62180369570784322  -0.3790995180606842         1.1928679943084717 1.143812894821167 1.9714090824127197 
372    0.14093805645785201 0.78753745449765822  -1.5741758346557617         2.8363382816314697 -0.19316577911376953 -0.74425792694091797 
373    0.68581282303940927 0.4900976152193019  -2.1692006587982178         -1.2594108581542969 3.0187857151031494 -1.8492718935012817 
374    0.69413738907471612 0.16938863418140937  -1.0990407466888428         -0.2236487865447998 -1.7219545841217041 0.96415925025939941 
375    0.13277764484866417 0.3051022436850257  -1.7689999341964722         -3.0488648414611816 1.2638251781463623 -1.2567332983016968 
376    0.42033364649876204 0.56191665168047045  -0.33204936981201172         2.6146867275238037 1.9754607677459717 2.7306172847747803 
377    0.24049184849762162 0.77688274360681953  -0.26381057500839233         1.395827054977417 0.9949648380279541 0.75646066665649414 
378    0.76561682529173791 0.26756786706348434  -0.6830751895904541         0.38631343841552734 -1.268088698387146 -0.65740108489990234 
379    0.52940409570592561 0.15363532360502646  -1.5179588794708252         -1.9967994689941406 0.035742998123168945 1.7158534526824951 
380    0.56832238679786096 0.6128646986131765  -1.5930249691009521         0.71254634857177734 -2.5254590511322021 -2.7922635078430176 
381    0.52244673499423178 0.61187091633070578  -0.63529932498931885         -1.5399115085601807 -2.6554796695709229 -1.1580923795700073 
382    0.56572364074987336 0.46175251714696774  -0.75533562898635864         0.7738802433013916 2.5483558177947998 2.114793062210083 
383    0.32187304057041011 0.71310856803283595  -1.8535096645355225         2.3866164684295654 -1.5165849924087524 2.4433743953704834 
384    0.54859297381947869 0.61948654445121987  -1.9061893224716187         2.2550899982452393 -1.2280402183532715 -2.17940354347229 
385    0.434711627913273 0.85749496826848293  -1.5547506809234619         2.0207622051239014 -1.3833668231964111 1.7973973751068115 
386    0.38563806597235561 0.5740150740661264  -1.7099922895431519         -1.2694981098175049 2.9073245525360107 1.0908434391021729 
387    0.23875998445476704 0.80001185516623363  -1.779086709022522         2.9526827335357666 -0.49349284172058105 -1.0804002285003662 
388    0.83216265492105224 0.30296975923409014  -1.208061695098877         -0.10089659690856934 -1.4685149192810059 1.4878642559051514 
389    0.33326660675126574 0.53744810257019127  -2.7494437694549561         2.8798835277557373 2.58772873878479 -3.0931541919708252 
390    0.69947425887573667 0.59202620142056539  -1.109049916267395         -0.94007515907287598 1.3600351810455322 1.4618113040924072 
391    0.39278374018101253 0.38940509424227515  -0.57126659154891968         -0.47125148773193359 -1.8493605852127075 -1.3704639673233032 
392    0.83026514662561024 0.48033582366413347  -1.5310817956924438         -0.9660494327545166 2.0894525051116943 -1.3216153383255005 
393    0.86346910304141677 0.6855688318204427  -0.89830583333969116         1.0921847820281982 -0.44106340408325195 -1.0412430763244629 
394    0.82181283821679729 0.66639490592044592  -1.069879412651062         0.3685910701751709 -0.73666191101074219 1.8738033771514893 
395    0.73699304818369105 0.34747574242608087  -1.3727325201034546         -1.680946946144104 1.0356247425079346 1.3934257030487061 
396    0.68184276563108426 0.46034801194091568  -1.3301562070846558         0.11332988739013672 -0.025621175765991211 -2.7752659320831299 
397    0.70964516968854152 0.3108311816790153  -1.7378968000411987         -1.0288228988647461 1.8333437442779541 -2.3267111778259277 
398    0.16638541269218454 0.18796050890216076  -0.83644199371337891         -1.8032140731811523 -0.98498916625976562 0.23262500762939453 
399    0.46048795911296908 0.54112765374485083  -2.2987537384033203         2.7640573978424072 -1.7267043590545654 -2.4230923652648926 
400    0.30196778253459122 0.57382843939242345  -1.5886270999908447         -1.704217791557312 -2.8468008041381836 0.94593310356140137 
401    0.25395161193424265 0.65214713674747293  -0.79299354553222656         -2.7299373149871826 -0.80337309837341309 -1.5520927906036377 
402    0.4704913479578503 0.87100883580905952  -1.0958960056304932         1.5174119472503662 -0.65742301940917969 1.7927181720733643 
403    0.15402771918183622 0.38871109113080804  -1.8540796041488647         -2.5924272537231445 -1.3379724025726318 1.8148806095123291 
404    0.68269914910392204 0.38090478363525382  -1.4590306282043457         -1.5215404033660889 0.78914523124694824 1.9949495792388916 
405    0.60721963275355317 0.30643414739593422  -1.8532654047012329         -1.1348855495452881 -1.1227340698242188 2.8025457859039307 
406    0.93796180098529924 0.29374855387225318  -0.52743840217590332         -0.61933398246765137 0.53928422927856445 -0.5350639820098877 
407    0.19014366369722868 0.8227871495811081  -0.58164024353027344         1.7951028347015381 0.49506282806396484 0.64030933380126953 
408    0.46889115170490242 0.17585298930809717  -1.9664992094039917         -2.4898309707641602 2.0907618999481201 -1.4901403188705444 
409    0.2071632997684979 0.17083443604068499  -1.4936544895172119         -2.6132893562316895 1.0312759876251221 -1.069169282913208 
410    0.53999324771540469 0.5573978600087679  -0.39273002743721008         1.5322625637054443 2.2573974132537842 2.4422791004180908 
411    0.53263962877717963 0.34722541420041131  -1.9246962070465088         -1.2310373783111572 2.6835334300994873 3.0015833377838135 
412    0.60716103048815762 0.49460504441592013  -0.79327136278152466         3.1081535816192627 2.5288646221160889 1.2122476100921631 
413    0.66143868836397079 0.8648380417872743  -1.1922956705093384         0.76346206665039062 1.3536546230316162 -1.4184994697570801 
414    0.51486274601826221 0.64388627576808533  -0.42169064283370972         2.7014496326446533 2.9992873668670654 1.993821382522583 
415    0.60065259325076581 0.047211460324759424  -0.32095429301261902         -0.80570888519287109 -0.75830340385437012 -0.10239815711975098 
416    0.45030828148742563 0.65908647868907211  -2.5044786930084229         1.8735506534576416 2.4257361888885498 -3.1415927410125732 
417    0.13634057483656664 0.50734706988079237  -1.3919472694396973         2.1733739376068115 1.8763434886932373 -0.91668128967285156 
418    0.65533873544757359 0.51389842651880235  -1.2246009111404419         -0.27806520462036133 -2.9616611003875732 -2.7805299758911133 
419    0.9453081516908356 0.62955075311665776  -0.67927497625350952         0.83330368995666504 -0.83022570610046387 0.03099822998046875 
420    0.31897630936148252 0.65571525028741062  -0.49766400456428528         1.5133736133575439 0.72313451766967773 1.9220912456512451 
421    0.62111388972551496 0.36165941193688522  -1.121616005897522         -0.4350278377532959 -0.20545578002929688 -2.6912276744842529 
422    0.66484756302232073 0.42098827612441431  -1.3323452472686768         -0.20124053955078125 0.097417593002319336 -2.8663830757141113 
423    0.54890410710931137 0.70576855328875809  -0.68975013494491577         0.38339972496032715 0.81537604331970215 2.0139358043670654 
424    0.55313461214179971 0.93613568276302972  -1.136176586151123         1.5589830875396729 0.42850494384765625 -1.2086527347564697 
425    0.23448806560214241 0.59708799656142031  -1.6354514360427856         2.6720154285430908 -0.91987180709838867 2.412273645401001 
426    0.39299659046112922 0.44797216382783484  -0.79790621995925903         -0.25857353210449219 -2.2126178741455078 -1.2706347703933716 
427    0.4386879647967204 0.58429006589424282  -2.3622524738311768         -2.6118192672729492 2.7543766498565674 1.9458510875701904 
428    0.44273339786955163 0.91417074872305004  -0.84148252010345459         0.9361426830291748 1.4213330745697021 -0.55615711212158203 
429    0.63828223494846137 0.92798344988097836  -1.0317093133926392         1.5037086009979248 0.12484455108642578 -1.0198333263397217 
430    0.50555091304293864 0.69420390641748742  -2.2642288208007812         1.1031544208526611 2.7788393497467041 -2.6376879215240479 
431    0.34157339014294574 0.47862608772429682  -1.0568152666091919         -2.6432485580444336 -0.47431349754333496 -2.7825675010681152 
432    0.51106233447424465 0.30657025868286514  -1.9354618787765503         -1.6985635757446289 -0.45976877212524414 2.8839256763458252 
433    0.57232336586768928 0.60100507070819098  -0.69405585527420044         -1.6570786237716675 -2.7999348640441895 -1.1384973526000977 
434    0.70897054891990863 0.6149674705036916  -1.3518079519271851         -1.2802034616470337 2.0204203128814697 0.5995490550994873 
435    0.39424047919253519 0.31577080066012619  -1.5358430147171021         -0.23350930213928223 -2.8257920742034912 0.83143258094787598 
436    0.15031042078735052 0.32162360495379183  -0.98270076513290405         -2.2796428203582764 0.087368011474609375 -1.475081205368042 
437    0.34789385315019994 0.35594852875724092  -1.6343238353729248         -2.2618951797485352 0.8735039234161377 -2.8497741222381592 
438    0.57464512943373625 0.24547235079785584  -0.62249618768692017         -0.4134678840637207 -0.63580870628356934 -1.8310379981994629 
439    0.84946484434338076 0.71341178277284034  -0.92316716909408569         1.1300241947174072 -0.36520910263061523 -1.0867002010345459 
440    0.70096781434723821 0.62908327678065534  -1.5771182775497437         0.51089358329772949 -1.1522833108901978 2.6989476680755615 
441    0.29490361194048281 0.47734657185798424  -2.5929441452026367         3.0185325145721436 2.3438365459442139 -2.7881577014923096 
442    0.6255049115170217 0.20768524626742157  -0.48096084594726562         -0.26498293876647949 -0.72957134246826172 -1.434866189956665 
