0 600 -0.0238746
1 800 -0.0238746
2 1000 -0.0238746
3 1200 -0.0238746
4 1400 -0.0238746
5 1600 -0.0238746
6 1800 -0.0238746
7 2000 -0.0238746
8 2200 -0.0238746
9 2400 -0.0238746
10 2600 -0.0238746
11 2800 -0.0238746
12 3000 -0.0238746
13 3200 -0.0238746
14 3400 -0.0238746
15 3600 -0.0238746
16 3800 -0.0238746
17 4000 -0.0238746
18 4200 -0.0238746
19 4400 -0.0238746
20 4600 -0.0238746
21 4800 -0.0238746
22 5000 -0.0238746
23 5200 -0.0238746
24 5400 -0.0238746
25 5600 -0.0238746
26 5800 -0.0238746
27 6000 -0.0238746
28 6200 -0.0238746
29 6400 -0.0238746
30 6600 -0.0238746
31 6800 -0.0238746
32 7000 -0.0170632
33 7200 -0.0170632
34 7400 -0.0170632
35 7600 -0.0170632
36 7800 -0.0170632
37 8000 -0.0170632
38 8200 -0.0170632
39 8400 -0.0170632
40 8600 -0.0170632
41 8800 -0.0170632
42 9000 -0.0170632
43 9200 -0.0170632
44 9400 -0.0170632
45 9600 -0.0170632
46 9800 -0.0170632
47 10000 -0.0170632
48 10200 -0.0170632
49 10400 -0.0170632
50 10600 -0.0170632
51 10800 -0.0170632
52 11000 -0.0170632
53 11200 -0.0170632
54 11400 -0.0123825
55 11600 -0.0123825
56 11800 -0.0123825
57 12000 -0.0123825
58 12200 -0.0123825
59 12400 -0.0123825
60 12600 -0.0123825
61 12800 -0.0123825
62 13000 -0.0123825
63 13200 -0.0123825
64 13400 -0.0123825
65 13600 -0.0123825
66 13800 -0.0123825
67 14000 -0.0123825
68 14200 -0.0123825
69 14400 -0.0123825
70 14600 -0.0123825
71 14800 -0.0123825
72 15000 -0.0123825
73 15200 -0.0123825
74 15400 -0.0123825
75 15600 -0.0123825
76 15800 -0.0123825
77 16000 -0.0123825
78 16200 -0.0123825
79 16400 -0.0123825
80 16600 -0.0123825
81 16800 -0.0123825
82 17000 -0.0123825
83 17200 -0.0123825
84 17400 -0.0100744
85 17600 -0.0100744
86 17800 -0.0100744
87 18000 -0.0100744
88 18200 -0.0100744
89 18400 -0.0100744
90 18600 -0.0100744
91 18800 -0.0100744
92 19000 -0.0100744
93 19200 -0.0100744
94 19400 -0.0100744
95 19600 -0.0100744
96 19800 -0.0100744
97 20000 -0.0100744
98 20200 -0.0100744
99 20400 -0.0100744
100 20600 -0.0100744
101 20800 -0.0100744
102 21000 -0.0100744
103 21200 -0.0100744
104 21400 -0.0100744
105 21600 -0.0100744
106 21800 -0.0100744
107 22000 -0.0100744
108 22200 -0.0100744
109 22400 -0.0100744
110 22600 -0.0100744
111 22800 -0.0100744
112 23000 -0.0100744
113 23200 -0.0100744
114 23400 -0.0100744
115 23600 -0.0100744
116 23800 -0.0100744
117 24000 -0.0100744
118 24200 -0.0100744
119 24400 -0.0100744
120 24600 -0.0100744
121 24800 -0.0100744
122 25000 -0.0100744
123 25200 -0.0100744
124 25400 -0.0100744
125 25600 -0.0100744
126 25800 -0.0100744
127 26000 -0.0100744
128 26200 -0.0100744
129 26400 -0.0100744
130 26600 -0.0100744
131 26800 -0.0100744
132 27000 -0.0100744
133 27200 -0.0100744
134 27400 -0.0100744
135 27600 -0.0100744
136 27800 -0.0100744
137 28000 -0.0100744
138 28200 -0.0100744
139 28400 -0.0100744
140 28600 -0.0100744
141 28800 -0.0100744
142 29000 -0.0100744
143 29200 -0.0100744
144 29400 -0.0100744
145 29600 -0.0100744
146 29800 -0.0100744
147 30000 -0.0100744
148 30200 -0.0100744
149 30400 -0.0100744
150 30600 -0.0100744
151 30800 -0.0100744
152 31000 -0.00505967
153 31200 -0.00505967
154 31400 -0.00505967
155 31600 -0.00505967
156 31800 -0.00505967
157 32000 -0.00505967
158 32200 -0.00505967
159 32400 -0.00505967
160 32600 -0.00505967
161 32800 -0.00505967
162 33000 -0.00505967
163 33200 -0.00505967
164 33400 -0.00505967
165 33600 -0.00505967
166 33800 -0.00505967
167 34000 -0.00505967
168 34200 -0.00505967
169 34400 -0.00505967
170 34600 -0.00505967
171 34800 -0.00505967
172 35000 -0.00505967
173 35200 -0.00505967
174 35400 -0.00505967
175 35600 -0.00505967
176 35800 -0.00505967
177 36000 -0.00505967
178 36200 -0.00505967
179 36400 -0.00143094
180 36600 -0.00143094
181 36800 -0.00143094
182 37000 -0.00143094
183 37200 -0.00143094
184 37400 -0.00143094
185 37600 -0.00143094
186 37800 -0.00143094
187 38000 -0.00143094
188 38200 -0.00143094
189 38400 -0.00143094
190 38600 -0.00143094
191 38800 -0.00143094
192 39000 -0.00143094
193 39200 -0.00143094
194 39400 -0.00143094
195 39600 -0.00143094
196 39800 -0.00143094
197 40000 -0.00143094
198 40200 -0.00143094
199 40400 -0.00143094
200 40600 -0.00143094
201 40800 -0.00143094
202 41000 -0.00143094
203 41200 -0.00143094
204 41400 -0.00143094
205 41600 -0.00143094
206 41800 -0.00143094
207 42000 -0.00143094
208 42200 -0.00143094
209 42400 -0.00143094
210 42600 -0.00143094
211 42800 -0.00143094
212 43000 -0.00143094
213 43200 -0.00143094
214 43400 -0.00143094
215 43600 -0.00143094
216 43800 -0.00143094
217 44000 -0.00143094
218 44200 -0.00143094
219 44400 -0.00143094
220 44600 -0.00143094
221 44800 -0.00143094
222 45000 -0.00143094
223 45200 -0.00143094
224 45400 -0.00143094
225 45600 -0.00143094
226 45800 -0.00143094
227 46000 -0.00143094
228 46200 -0.00143094
229 46400 -0.00143094
230 46600 -0.00143094
231 46800 -0.00143094
232 47000 -0.00143094
233 47200 -0.00143094
234 47400 -0.00143094
235 47600 -0.00143094
236 47800 -0.00143094
237 48000 -0.00143094
238 48200 -0.00143094
239 48400 -0.00143094
240 48600 -0.00143094
241 48800 -0.00143094
242 49000 -0.00143094
243 49200 -0.00143094
244 49400 -0.00143094
245 49600 -0.00143094
246 49800 -0.00143094
247 50000 -0.00143094
248 50200 -0.00143094
249 50400 -0.00143094
250 50600 -0.00143094
251 50800 -0.00143094
252 51000 -0.00143094
253 51200 -0.00143094
254 51400 -0.00143094
255 51600 -0.00143094
256 51800 -0.00143094
257 52000 -0.00143094
258 52200 -0.00143094
259 52400 -0.00143094
260 52600 -0.00143094
261 52800 -0.00143094
262 53000 -0.00143094
263 53200 -0.00143094
264 53400 -0.00143094
265 53600 -0.00143094
266 53800 -0.00143094
267 54000 -0.00143094
268 54200 -0.00143094
269 54400 -0.00143094
270 54600 -0.00143094
271 54800 -0.00143094
272 55000 -0.00143094
273 55200 -0.00143094
274 55400 -0.00143094
275 55600 -0.00143094
276 55800 -0.00143094
277 56000 -0.00143094
278 56200 -0.00143094
279 56400 -0.00143094
280 56600 -0.00143094
281 56800 -0.00143094
282 57000 -0.00143094
283 57200 -0.00143094
284 57400 -0.00143094
285 57600 -0.00143094
286 57800 -0.00143094
287 58000 -0.00143094
288 58200 -0.00143094
289 58400 -0.00143094
290 58600 -0.00143094
291 58800 -0.00143094
292 59000 -0.00143094
293 59200 -0.00143094
294 59400 -0.00143094
295 59600 -0.00143094
296 59800 -0.00143094
297 60000 -0.00143094
298 60200 -0.00143094
299 60400 -0.00143094
300 60600 -0.00143094
301 60800 -0.00143094
302 61000 -0.00143094
303 61200 -0.00143094
304 61400 -0.00143094
305 61600 -0.00143094
306 61800 -0.00143094
307 62000 -0.00143094
308 62200 -0.00143094
309 62400 -0.00143094
310 62600 -0.00143094
311 62800 -0.00143094
312 63000 -0.00143094
313 63200 -0.00143094
314 63400 -0.00143094
315 63600 -0.00143094
316 63800 -0.00143094
317 64000 -0.00143094
318 64200 -0.00143094
319 64400 -0.00143094
320 64600 -0.00143094
321 64800 -0.00143094
322 65000 -0.00143094
323 65200 -0.00143094
324 65400 -0.00143094
325 65600 -0.00143094
326 65800 -0.00143094
327 66000 -0.00143094
328 66200 -0.00143094
329 66400 -0.00143094
330 66600 -0.00143094
331 66800 -0.00143094
332 67000 -0.00143094
333 67200 -0.00143094
334 67400 -0.00143094
335 67600 -0.00143094
336 67800 -0.00143094
337 68000 -0.00143094
338 68200 -0.00143094
339 68400 -0.00143094
340 68600 -0.00143094
341 68800 -0.00143094
342 69000 -0.00143094
343 69200 -0.00143094
344 69400 -0.00143094
345 69600 -0.00143094
346 69800 -0.00143094
347 70000 -0.00143094
348 70200 -0.00143094
349 70400 -0.00143094
350 70600 -0.00143094
351 70800 -0.00143094
352 71000 -0.00143094
353 71200 -0.00143094
354 71400 -0.00143094
355 71600 -0.00143094
356 71800 -0.00143094
357 72000 -0.00143094
358 72200 -0.00143094
359 72400 -0.00143094
360 72600 -0.00143094
361 72800 -0.00143094
362 73000 -0.00143094
363 73200 -0.00143094
364 73400 -0.00143094
365 73600 -0.00143094
366 73800 -0.00143094
367 74000 -0.00143094
368 74200 -0.00143094
369 74400 -0.00143094
370 74600 -0.00143094
371 74800 -0.00143094
372 75000 -0.00143094
373 75200 -0.00143094
374 75400 -0.00143094
375 75600 -0.00143094
376 75800 -0.00143094
377 76000 -0.00143094
378 76200 -0.00143094
379 76400 -0.00143094
380 76600 -0.00143094
381 76800 -0.00143094
382 77000 -0.00143094
383 77200 -0.00143094
384 77400 -0.00143094
385 77600 -0.00143094
386 77800 -0.00143094
387 78000 -0.00143094
388 78200 -0.00143094
389 78400 -0.00143094
390 78600 -0.00143094
391 78800 -0.00143094
392 79000 -0.00143094
393 79200 -0.00143094
394 79400 -0.00143094
395 79600 -0.00143094
396 79800 -0.00143094
397 80000 -0.00143094
398 80200 -0.00143094
399 80400 -0.00143094
400 80600 -0.00143094
401 80800 -0.00143094
402 81000 -0.00143094
403 81200 -0.00143094
404 81400 -0.00143094
405 81600 -0.00143094
406 81800 -0.00143094
407 82000 -0.00143094
408 82200 -0.00143094
409 82400 -0.00143094
410 82600 -0.00143094
411 82800 -0.00143094
412 83000 -0.00143094
413 83200 -0.00143094
414 83400 -0.00143094
415 83600 -0.00143094
416 83800 -0.00143094
417 84000 -0.00143094
418 84200 -0.00143094
419 84400 -0.00143094
420 84600 -0.00143094
421 84800 -0.00143094
422 85000 -0.00143094
423 85200 -0.00143094
424 85400 -0.00143094
425 85600 -0.00143094
426 85800 -0.00143094
427 86000 -0.00143094
428 86200 -0.00143094
429 86400 -0.00143094
430 86600 -0.00143094
431 86800 -0.00143094
432 87000 -0.00143094
433 87200 -0.00143094
434 87400 -0.00143094
435 87600 -0.00143094
436 87800 -0.00143094
437 88000 -0.00143094
438 88200 -0.00143094
439 88400 -0.00143094
440 88600 -0.00143094
441 88800 -0.00143094
442 89000 -0.00143094
443 89200 -0.00143094
444 89400 -0.00143094
445 89600 -0.00143094
446 89800 -0.00143094
447 90000 -0.00143094
448 90200 -0.00143094
449 90400 -0.00143094
450 90600 -0.00143094
451 90800 -0.00143094
452 91000 -0.00143094
453 91200 -0.00143094
454 91400 -0.00143094
455 91600 -0.00143094
456 91800 -0.00143094
457 92000 -0.00143094
458 92200 -0.00143094
459 92400 -0.00143094
460 92600 -0.00143094
461 92800 -0.00143094
462 93000 -0.00143094
463 93200 -0.00143094
464 93400 -0.00143094
465 93600 -0.00143094
466 93800 -0.00143094
467 94000 -0.00143094
468 94200 -0.00143094
469 94400 -0.00143094
470 94600 -0.00143094
471 94800 -0.00143094
472 95000 -0.00143094
473 95200 -0.00143094
474 95400 -0.00143094
475 95600 -0.00143094
476 95800 -0.00143094
477 96000 -0.00143094
478 96200 -0.00143094
479 96400 -0.00143094
480 96600 -0.00143094
481 96800 -0.00143094
482 97000 -0.00143094
483 97200 -0.00143094
484 97400 -0.00143094
485 97600 -0.00143094
486 97800 -0.00143094
487 98000 -0.00143094
488 98200 -0.00143094
489 98400 -0.00143094
490 98600 -0.00143094
491 98800 -0.00143094
492 99000 -0.00143094
493 99200 -0.00143094
494 99400 -0.00143094
495 99600 -0.00143094
496 99800 -0.00143094
497 100000 -0.00143094
498 100200 -0.00143094
499 100400 -0.00143094
500 100600 -0.00143094
501 100800 -0.00143094
502 101000 -0.00143094
503 101200 -0.00143094
504 101400 -0.00143094
505 101600 -0.00143094
506 101800 -0.00143094
507 102000 -0.00143094
508 102200 -0.00143094
509 102400 -0.00143094
510 102600 -0.00143094
511 102800 -0.00143094
512 103000 -0.00143094
513 103200 -0.00143094
514 103400 -0.00143094
515 103600 -0.00143094
516 103800 -0.00143094
517 104000 -0.00143094
518 104200 -0.00143094
519 104400 -0.00143094
520 104600 -0.00143094
521 104800 -0.00143094
522 105000 -0.00143094
523 105200 -0.00143094
524 105400 -0.00143094
525 105600 -0.00143094
526 105800 -0.00143094
527 106000 -0.00143094
528 106200 -0.00143094
529 106400 -0.00143094
530 106600 -0.00143094
531 106800 -0.00143094
532 107000 -0.00143094
533 107200 -0.00143094
534 107400 -0.00143094
535 107600 -0.00143094
536 107800 -0.00143094
537 108000 -0.00143094
538 108200 -0.00143094
539 108400 -0.00143094
540 108600 -0.00143094
541 108800 -0.00143094
542 109000 -0.00143094
543 109200 -0.00143094
544 109400 -0.00143094
545 109600 -0.00143094
546 109800 -0.00143094
547 110000 -0.00143094
548 110200 -0.00143094
549 110400 -0.00143094
550 110600 -0.00143094
551 110800 -0.00143094
552 111000 -0.00143094
553 111200 -0.00143094
554 111400 -0.00143094
555 111600 -0.00143094
556 111800 -0.00143094
557 112000 -0.00143094
558 112200 -0.00143094
559 112400 -0.00143094
560 112600 -0.00143094
561 112800 -0.00143094
562 113000 -0.00143094
563 113200 -0.00143094
564 113400 -0.00143094
565 113600 -0.00143094
566 113800 -0.00143094
567 114000 -0.00143094
568 114200 -0.00143094
569 114400 -0.00143094
570 114600 -0.00143094
571 114800 -0.00143094
572 115000 -0.00143094
573 115200 -0.00143094
574 115400 -0.00143094
575 115600 -0.00143094
576 115800 -0.00143094
577 116000 -0.00143094
578 116200 -0.00143094
579 116400 -0.00143094
580 116600 -0.00143094
581 116800 -0.00143094
582 117000 -0.00143094
583 117200 -0.00143094
584 117400 -0.00143094
585 117600 -0.00143094
586 117800 -0.00143094
587 118000 -0.00143094
588 118200 -0.00143094
589 118400 -0.00143094
590 118600 -0.00143094
591 118800 -0.00143094
592 119000 -0.00143094
593 119200 -0.00143094
594 119400 -0.00143094
595 119600 -0.00143094
596 119800 -0.00143094
597 120000 -0.00143094
598 120200 -0.00143094
599 120400 -0.00143094
600 120600 -0.00143094
601 120800 -0.00143094
602 121000 -0.00143094
603 121200 -0.00143094
604 121400 -0.00143094
605 121600 -0.00143094
606 121800 -0.00143094
607 122000 -0.00143094
608 122200 -0.00143094
609 122400 -0.00143094
610 122600 -0.00143094
611 122800 -0.00143094
612 123000 -0.00143094
613 123200 -0.00143094
614 123400 -0.00143094
615 123600 -0.00143094
616 123800 -0.00143094
617 124000 -0.00143094
618 124200 -0.00143094
619 124400 -0.00143094
620 124600 -0.00143094
621 124800 -0.00143094
622 125000 -0.00143094
623 125200 -0.00143094
624 125400 -0.00143094
625 125600 -0.00143094
626 125800 -0.00143094
627 126000 -0.00143094
628 126200 -0.00143094
629 126400 -0.00143094
630 126600 -0.00143094
631 126800 -0.00143094
632 127000 -0.00143094
633 127200 -0.00143094
634 127400 -0.00143094
635 127600 -0.00143094
636 127800 -0.00143094
637 128000 -0.00143094
638 128200 -0.00143094
639 128400 -0.00143094
640 128600 -0.00143094
641 128800 -0.00143094
642 129000 -0.00143094
643 129200 -0.00143094
644 129400 -0.00143094
645 129600 -0.00143094
646 129800 -0.00143094
647 130000 -0.00143094
648 130200 -0.00143094
649 130400 -0.00143094
650 130600 -0.00143094
651 130800 -0.00143094
652 131000 -0.00143094
653 131200 -0.00143094
654 131400 -0.00143094
655 131600 -0.00143094
656 131800 -0.00143094
657 132000 -0.00143094
658 132200 -0.00143094
659 132400 -0.00143094
660 132600 -0.00143094
661 132800 -0.00143094
662 133000 -0.00143094
663 133200 -0.00143094
664 133400 -0.00143094
665 133600 -0.00143094
666 133800 -0.00143094
667 134000 -0.00143094
668 134200 -0.00143094
669 134400 -0.00143094
670 134600 -0.00143094
671 134800 -0.00143094
672 135000 -0.00143094
673 135200 -0.00143094
674 135400 -0.00143094
675 135600 -0.00143094
676 135800 -0.00143094
677 136000 -0.00143094
678 136200 -0.00143094
679 136400 -0.00143094
680 136600 -0.00143094
681 136800 -0.00143094
682 137000 -0.00143094
683 137200 -0.00143094
684 137400 -0.00143094
685 137600 -0.00143094
686 137800 -0.00143094
687 138000 -0.00143094
688 138200 -0.00143094
689 138400 -0.00143094
690 138600 -0.00143094
691 138800 -0.00143094
692 139000 -0.00143094
693 139200 -0.00143094
694 139400 -0.00143094
695 139600 -0.00143094
696 139800 -0.00143094
697 140000 -0.00143094
698 140200 -0.00143094
699 140400 -0.00143094
700 140600 -0.00143094
701 140800 -0.00143094
702 141000 -0.00143094
703 141200 -0.00143094
704 141400 -0.00143094
705 141600 -0.00143094
706 141800 -0.00143094
707 142000 -0.00143094
708 142200 -0.00143094
709 142400 -0.00143094
710 142600 -0.00143094
711 142800 -0.00143094
712 143000 -0.00143094
713 143200 -0.00143094
714 143400 -0.00143094
715 143600 -0.00143094
716 143800 -0.00143094
717 144000 -0.00143094
718 144200 -0.00143094
719 144400 -0.00143094
720 144600 -0.00143094
721 144800 -0.00143094
722 145000 -0.00143094
723 145200 -0.00143094
724 145400 -0.00143094
725 145600 -0.00143094
726 145800 -0.00143094
727 146000 -0.00143094
728 146200 -0.00143094
729 146400 -0.00143094
730 146600 -0.00143094
731 146800 -0.00143094
732 147000 -0.00143094
733 147200 -0.00143094
734 147400 -0.00143094
735 147600 -0.00143094
736 147800 -0.00143094
737 148000 -0.00143094
738 148200 -0.00143094
739 148400 -0.00143094
740 148600 -0.00143094
741 148800 -0.00143094
742 149000 -0.00143094
743 149200 -0.00143094
744 149400 -0.00143094
745 149600 -0.00143094
746 149800 -0.00143094
747 150000 -0.00143094
748 150200 -0.00143094
749 150400 -0.00143094
750 150600 -0.00143094
751 150800 -0.00143094
752 151000 -0.00143094
753 151200 -0.00143094
754 151400 -0.00143094
755 151600 -0.00143094
756 151800 -0.00143094
757 152000 -0.00143094
758 152200 -0.00143094
759 152400 -0.00143094
760 152600 -0.00143094
761 152800 -0.00143094
762 153000 -0.00143094
763 153200 -0.00143094
764 153400 -0.00143094
765 153600 -0.00143094
766 153800 -0.00143094
767 154000 -0.00143094
768 154200 -0.00143094
769 154400 -0.00143094
770 154600 -0.00143094
771 154800 -0.00143094
772 155000 -0.00143094
773 155200 -0.00143094
774 155400 -0.00143094
775 155600 -0.00143094
776 155800 -0.00143094
777 156000 -0.00143094
778 156200 -0.00143094
779 156400 -0.00143094
780 156600 -0.00143094
781 156800 -0.00143094
782 157000 -0.00143094
783 157200 -0.00143094
784 157400 -0.00143094
785 157600 -0.00143094
786 157800 -0.00143094
787 158000 -0.00143094
788 158200 -0.00143094
789 158400 -0.00143094
790 158600 -0.00143094
791 158800 -0.00143094
792 159000 -0.00143094
793 159200 -0.00143094
794 159400 -0.00143094
795 159600 -0.00143094
796 159800 -0.00143094
797 160000 -0.00143094
798 160200 -0.00143094
799 160400 -0.00143094
800 160600 -0.00143094
801 160800 -0.00143094
802 161000 -0.00143094
803 161200 -0.00143094
804 161400 -0.00143094
805 161600 -0.00143094
806 161800 -0.00143094
807 162000 -0.00143094
808 162200 -0.00143094
809 162400 -0.00143094
810 162600 -0.00143094
811 162800 -0.00143094
812 163000 -0.00143094
813 163200 -0.00143094
814 163400 -0.00143094
815 163600 -0.00143094
816 163800 -0.00143094
817 164000 -0.00143094
818 164200 -0.00143094
819 164400 -0.00143094
820 164600 -0.00143094
821 164800 -0.00143094
822 165000 -0.00143094
823 165200 -0.00143094
824 165400 -0.00143094
825 165600 -0.00143094
826 165800 -0.00143094
827 166000 -0.00143094
828 166200 -0.00143094
829 166400 -0.00143094
830 166600 -0.00143094
831 166800 -0.00143094
832 167000 -0.00143094
833 167200 -0.00143094
834 167400 -0.00143094
835 167600 -0.00143094
836 167800 -0.00143094
837 168000 -0.00143094
838 168200 -0.00143094
839 168400 -0.00143094
840 168600 -0.00143094
841 168800 -0.00143094
842 169000 -0.00143094
843 169200 -0.00143094
844 169400 -0.00143094
845 169600 -0.00143094
846 169800 -0.00143094
847 170000 -0.00143094
848 170200 -0.00143094
849 170400 -0.00143094
850 170600 -0.00143094
851 170800 -0.00143094
852 171000 -0.00143094
853 171200 -0.00143094
854 171400 -0.00143094
855 171600 -0.00143094
856 171800 -0.00143094
857 172000 -0.00143094
858 172200 -0.00143094
859 172400 -0.00143094
860 172600 -0.00143094
861 172800 -0.00143094
862 173000 -0.00143094
863 173200 -0.00143094
864 173400 -0.00143094
865 173600 -0.00143094
866 173800 -0.00143094
867 174000 -0.00143094
868 174200 -0.00143094
869 174400 -0.00143094
870 174600 -0.00143094
871 174800 -0.00143094
872 175000 -0.00143094
873 175200 -0.00143094
874 175400 -0.00143094
875 175600 -0.00143094
876 175800 -0.00143094
877 176000 -0.00143094
878 176200 -0.00143094
879 176400 -0.00143094
880 176600 -0.00143094
881 176800 -0.00143094
882 177000 -0.00143094
883 177200 -0.00143094
884 177400 -0.00143094
885 177600 -0.00143094
886 177800 -0.00143094
887 178000 -0.00143094
888 178200 -0.00143094
889 178400 -0.00143094
890 178600 -0.00143094
891 178800 -0.00143094
892 179000 -0.00143094
893 179200 -0.00143094
894 179400 -0.00143094
895 179600 -0.00143094
896 179800 -0.00143094
897 180000 -0.00143094
898 180200 -0.00143094
899 180400 -0.00143094
900 180600 -0.00143094
901 180800 -0.00143094
902 181000 -0.00143094
903 181200 -0.00143094
904 181400 -0.00143094
905 181600 -0.00143094
906 181800 -0.00143094
907 182000 -0.00143094
908 182200 -0.00143094
909 182400 -0.00143094
910 182600 -0.00143094
911 182800 -0.00143094
912 183000 -0.00143094
913 183200 -0.00143094
914 183400 -0.00143094
915 183600 -0.00143094
916 183800 -0.00143094
917 184000 -0.00143094
918 184200 -0.00143094
919 184400 -0.00143094
920 184600 -0.00143094
921 184800 -0.00143094
922 185000 -0.00143094
923 185200 -0.00143094
924 185400 -0.00143094
925 185600 -0.00143094
926 185800 -0.00143094
927 186000 -0.00143094
928 186200 -0.00143094
929 186400 -0.00143094
930 186600 -0.00143094
931 186800 -0.00143094
932 187000 -0.00143094
933 187200 -0.00143094
934 187400 -0.00143094
935 187600 -0.00143094
936 187800 -0.00143094
937 188000 -0.00143094
938 188200 -0.00143094
939 188400 -0.00143094
940 188600 -0.00143094
941 188800 -0.00143094
942 189000 -0.00143094
943 189200 -0.00143094
944 189400 -0.00143094
945 189600 -0.00143094
946 189800 -0.00143094
947 190000 -0.00143094
948 190200 -0.00143094
949 190400 -0.00143094
950 190600 -0.00143094
951 190800 -0.00143094
952 191000 -0.00143094
953 191200 -0.00143094
954 191400 -0.00143094
955 191600 -0.00143094
956 191800 -0.00143094
957 192000 -0.00143094
958 192200 -0.00143094
959 192400 -0.00143094
960 192600 -0.00143094
961 192800 -0.00143094
962 193000 -0.00143094
963 193200 -0.00143094
964 193400 -0.00143094
965 193600 -0.00143094
966 193800 -0.00143094
967 194000 -0.00143094
968 194200 -0.00143094
969 194400 -0.00143094
970 194600 -0.00143094
971 194800 -0.00143094
972 195000 -0.00143094
973 195200 -0.00143094
974 195400 -0.00143094
975 195600 -0.00143094
976 195800 -0.00143094
977 196000 -0.00143094
978 196200 -0.00143094
979 196400 -0.00143094
980 196600 -0.00143094
981 196800 -0.00143094
982 197000 -0.00143094
983 197200 -0.00143094
984 197400 -0.00143094
985 197600 -0.00143094
986 197800 -0.00143094
987 198000 -0.00143094
988 198200 -0.00143094
989 198400 -0.00143094
990 198600 -0.00143094
991 198800 -0.00143094
992 199000 -0.00143094
993 199200 -0.00143094
994 199400 -0.00143094
995 199600 -0.00143094
996 199800 -0.00143094
997 200000 -0.00143094
998 200200 -0.00143094
999 200400 -0.00143094
1000 200600 -0.00143094
1001 200800 -0.00143094
1002 201000 -0.00143094
1003 201200 -0.00143094
1004 201400 -0.00143094
1005 201600 -0.00143094
1006 201800 -0.00143094
1007 202000 -0.00143094
1008 202200 -0.00143094
1009 202400 -0.00143094
1010 202600 -0.00143094
1011 202800 -0.00143094
1012 203000 -0.00143094
1013 203200 -0.00143094
1014 203400 -0.00143094
1015 203600 -0.00143094
1016 203800 -0.00143094
1017 204000 -0.00143094
1018 204200 -0.00143094
1019 204400 -0.00143094
1020 204600 -0.00143094
1021 204800 -0.00143094
1022 205000 -0.00143094
1023 205200 -0.00143094
1024 205400 -0.00143094
1025 205600 -0.00143094
1026 205800 -0.00143094
1027 206000 -0.00143094
1028 206200 -0.00143094
1029 206400 -0.00143094
1030 206600 -0.00143094
1031 206800 -0.00143094
1032 207000 -0.00143094
1033 207200 -0.00143094
1034 207400 -0.00143094
1035 207600 -0.00143094
1036 207800 -0.00143094
1037 208000 -0.00143094
1038 208200 -0.00143094
1039 208400 -0.00143094
1040 208600 -0.00143094
1041 208800 -0.00143094
1042 209000 -0.00143094
1043 209200 -0.00143094
1044 209400 -0.00143094
1045 209600 -0.00143094
1046 209800 -0.00143094
1047 210000 -0.00143094
1048 210200 -0.00143094
1049 210400 -0.00143094
1050 210600 -0.00143094
1051 210800 -0.00143094
1052 211000 -0.00143094
1053 211200 -0.00143094
1054 211400 -0.00143094
1055 211600 -0.00143094
1056 211800 -0.00143094
1057 212000 -0.00143094
1058 212200 -0.00143094
1059 212400 -0.00143094
1060 212600 -0.00143094
1061 212800 -0.00143094
1062 213000 -0.00143094
1063 213200 -0.00143094
1064 213400 -0.00143094
1065 213600 -0.00143094
1066 213800 -0.00143094
1067 214000 -0.00143094
1068 214200 -0.00143094
1069 214400 -0.00143094
1070 214600 -0.00143094
1071 214800 -0.00143094
1072 215000 -0.00143094
1073 215200 -0.00143094
1074 215400 -0.00143094
1075 215600 -0.00143094
1076 215800 -0.00143094
1077 216000 -0.00143094
1078 216200 -0.00143094
1079 216400 -0.00143094
1080 216600 -0.00143094
1081 216800 -0.00143094
1082 217000 -0.00143094
1083 217200 -0.00143094
1084 217400 -0.00143094
1085 217600 -0.00143094
1086 217800 -0.00143094
1087 218000 -0.00143094
1088 218200 -0.00143094
1089 218400 -0.00143094
1090 218600 -0.00143094
1091 218800 -0.00143094
1092 219000 -0.00143094
1093 219200 -0.00143094
1094 219400 -0.00143094
1095 219600 -0.00143094
1096 219800 -0.00143094
1097 220000 -0.00143094
1098 220200 -0.00143094
1099 220400 -0.00143094
1100 220600 -0.00143094
1101 220800 -0.00143094
1102 221000 -0.00143094
1103 221200 -0.00143094
1104 221400 -0.00143094
1105 221600 -0.00143094
1106 221800 -0.00143094
1107 222000 -0.00143094
1108 222200 -0.00143094
1109 222400 -0.00143094
1110 222600 -0.00143094
1111 222800 -0.00143094
1112 223000 -0.00143094
1113 223200 -0.00143094
1114 223400 -0.00143094
1115 223600 -0.00143094
1116 223800 -0.00143094
1117 224000 -0.00143094
1118 224200 -0.00143094
1119 224400 -0.00143094
1120 224600 -0.00143094
1121 224800 -0.00143094
1122 225000 -0.00143094
1123 225200 -0.00143094
1124 225400 -0.00143094
1125 225600 -0.00143094
1126 225800 -0.00143094
1127 226000 -0.00143094
1128 226200 -0.00143094
1129 226400 -0.00143094
1130 226600 -0.00143094
1131 226800 -0.00143094
1132 227000 -0.00143094
1133 227200 -0.00143094
1134 227400 -0.00143094
1135 227600 -0.00143094
1136 227800 -0.00143094
1137 228000 -0.00143094
1138 228200 -0.00143094
1139 228400 -0.00143094
1140 228600 -0.00143094
1141 228800 -0.00143094
1142 229000 -0.00143094
1143 229200 -0.00143094
1144 229400 -0.00143094
1145 229600 -0.00143094
1146 229800 -0.00143094
1147 230000 -0.00143094
1148 230200 -0.00143094
1149 230400 -0.00143094
1150 230600 -0.00143094
1151 230800 -0.00143094
1152 231000 -0.00143094
1153 231200 -0.00143094
1154 231400 -0.00143094
1155 231600 -0.00143094
1156 231800 -0.00143094
1157 232000 -0.00143094
1158 232200 -0.00143094
1159 232400 -0.00143094
1160 232600 -0.00143094
1161 232800 -0.00143094
1162 233000 -0.00143094
1163 233200 -0.00143094
1164 233400 -0.00143094
1165 233600 -0.00143094
1166 233800 -0.00143094
1167 234000 -0.00143094
1168 234200 -0.00143094
1169 234400 -0.00143094
1170 234600 -0.00143094
1171 234800 -0.00143094
1172 235000 -0.00143094
1173 235200 -0.00143094
1174 235400 -0.00143094
1175 235600 -0.00143094
1176 235800 -0.00143094
1177 236000 -0.00143094
1178 236200 -0.00143094
1179 236400 -0.00143094
1180 236600 -0.00143094
1181 236800 -0.00143094
1182 237000 -0.00143094
1183 237200 -0.00143094
1184 237400 -0.00143094
1185 237600 -0.00143094
1186 237800 -0.00143094
1187 238000 -0.00143094
1188 238200 -0.00143094
1189 238400 -0.00143094
1190 238600 -0.00143094
1191 238800 -0.00143094
1192 239000 -0.00143094
1193 239200 -0.00143094
1194 239400 -0.00143094
1195 239600 -0.00143094
1196 239800 -0.00143094
1197 240000 -0.00143094
1198 240200 -0.00143094
1199 240400 -0.00143094
1200 240600 -0.00143094
1201 240800 -0.00143094
1202 241000 -0.00143094
1203 241200 -0.00143094
1204 241400 -0.00143094
1205 241600 -0.00143094
1206 241800 -0.00143094
1207 242000 -0.00143094
1208 242200 -0.00143094
1209 242400 -0.00143094
1210 242600 -0.00143094
1211 242800 -0.00143094
1212 243000 -0.00143094
1213 243200 -0.00143094
1214 243400 -0.00143094
1215 243600 -0.00143094
1216 243800 -0.00143094
1217 244000 -0.00143094
1218 244200 -0.00143094
1219 244400 -0.00143094
1220 244600 -0.00143094
1221 244800 -0.00143094
1222 245000 -0.00143094
1223 245200 -0.00143094
1224 245400 -0.00143094
1225 245600 -0.00143094
1226 245800 -0.00143094
1227 246000 -0.00143094
1228 246200 -0.00143094
1229 246400 -0.00143094
1230 246600 -0.00143094
1231 246800 -0.00143094
1232 247000 -0.00143094
1233 247200 -0.00143094
1234 247400 -0.00143094
1235 247600 -0.00143094
1236 247800 -0.00143094
1237 248000 -0.00143094
1238 248200 -0.00143094
1239 248400 -0.00143094
1240 248600 -0.00143094
1241 248800 -0.00143094
1242 249000 -0.00143094
1243 249200 -0.00143094
1244 249400 -0.00143094
1245 249600 -0.00143094
1246 249800 -0.00143094
1247 250000 -0.00143094
1248 250200 -0.00143094
1249 250400 -0.00143094
1250 250600 -0.00143094
1251 250800 -0.00143094
1252 251000 -0.00143094
1253 251200 -0.00143094
1254 251400 -0.00143094
1255 251600 -0.00143094
1256 251800 -0.00143094
1257 252000 -0.00143094
1258 252200 -0.00143094
1259 252400 -0.00143094
1260 252600 -0.00143094
1261 252800 -0.00143094
1262 253000 -0.00143094
1263 253200 -0.00143094
1264 253400 -0.00143094
1265 253600 -0.00143094
1266 253800 -0.00143094
1267 254000 -0.00143094
1268 254200 -0.00143094
1269 254400 -0.00143094
1270 254600 -0.00143094
1271 254800 -0.00143094
1272 255000 -0.00143094
1273 255200 -0.00143094
1274 255400 -0.00143094
1275 255600 -0.00143094
1276 255800 -0.00143094
1277 256000 -0.00143094
1278 256200 -0.00143094
1279 256400 -0.00143094
1280 256600 -0.00143094
1281 256800 -0.00143094
1282 257000 -0.00143094
1283 257200 -0.00143094
1284 257400 -0.00143094
1285 257600 -0.00143094
1286 257800 -0.00143094
1287 258000 -0.00143094
1288 258200 -0.00143094
1289 258400 -0.00143094
1290 258600 -0.00143094
1291 258800 -0.00143094
1292 259000 -0.00143094
1293 259200 -0.00143094
1294 259400 -0.00143094
1295 259600 -0.00143094
1296 259800 -0.00143094
1297 260000 -0.00143094
1298 260200 -0.00143094
1299 260400 -0.00143094
1300 260600 -0.00143094
1301 260800 -0.00143094
1302 261000 -0.00143094
1303 261200 -0.00143094
1304 261400 -0.00143094
1305 261600 -0.00143094
1306 261800 -0.00143094
1307 262000 -0.00143094
1308 262200 -0.00143094
1309 262400 -0.00143094
1310 262600 -0.00143094
1311 262800 -0.00143094
1312 263000 -0.00143094
1313 263200 -0.00143094
1314 263400 -0.00143094
1315 263600 -0.00143094
1316 263800 -0.00143094
1317 264000 -0.00143094
1318 264200 -0.00143094
1319 264400 -0.00143094
1320 264600 -0.00143094
1321 264800 -0.00143094
1322 265000 -0.00143094
1323 265200 -0.00143094
1324 265400 -0.00143094
1325 265600 -0.00143094
1326 265800 -0.00143094
1327 266000 -0.00143094
1328 266200 -0.00143094
1329 266400 -0.00143094
1330 266600 -0.00143094
1331 266800 -0.00143094
1332 267000 -0.00143094
1333 267200 -0.00143094
1334 267400 -0.00143094
1335 267600 -0.00143094
1336 267800 -0.00143094
1337 268000 -0.00143094
1338 268200 -0.00143094
1339 268400 -0.00143094
1340 268600 -0.00143094
1341 268800 -0.00143094
1342 269000 -0.00143094
1343 269200 -0.00143094
1344 269400 -0.00143094
1345 269600 -0.00143094
1346 269800 -0.00143094
1347 270000 -0.00143094
1348 270200 -0.00143094
1349 270400 -0.00143094
1350 270600 -0.00143094
1351 270800 -0.00143094
1352 271000 -0.00143094
1353 271200 -0.00143094
1354 271400 -0.00143094
1355 271600 -0.00143094
1356 271800 -0.00143094
1357 272000 -0.00143094
1358 272200 -0.00143094
1359 272400 -0.00143094
1360 272600 -0.00143094
1361 272800 -0.00143094
1362 273000 -0.00143094
1363 273200 -0.00143094
1364 273400 -0.00143094
1365 273600 -0.00143094
1366 273800 -0.00143094
1367 274000 -0.00143094
1368 274200 -0.00143094
1369 274400 -0.00143094
1370 274600 -0.00143094
1371 274800 -0.00143094
1372 275000 -0.00143094
1373 275200 -0.00143094
1374 275400 -0.00143094
1375 275600 -0.00143094
1376 275800 -0.00143094
1377 276000 -0.00143094
1378 276200 -0.00143094
1379 276400 -0.00143094
1380 276600 -0.00143094
1381 276800 -0.00143094
1382 277000 -0.00143094
1383 277200 -0.00143094
1384 277400 -0.00143094
1385 277600 -0.00143094
1386 277800 -0.00143094
1387 278000 -0.00143094
1388 278200 -0.00143094
1389 278400 -0.00143094
1390 278600 -0.00143094
1391 278800 -0.00143094
1392 279000 -0.00143094
1393 279200 -0.00143094
1394 279400 -0.00143094
1395 279600 -0.00143094
1396 279800 -0.00143094
1397 280000 -0.00143094
1398 280200 -0.00143094
1399 280400 -0.00143094
1400 280600 -0.00143094
1401 280800 -0.00143094
1402 281000 -0.00143094
1403 281200 -0.00143094
1404 281400 -0.00143094
1405 281600 -0.00143094
1406 281800 -0.00143094
1407 282000 -0.00143094
1408 282200 -0.00143094
1409 282400 -0.00143094
1410 282600 -0.00143094
1411 282800 -0.00143094
1412 283000 -0.00143094
1413 283200 -0.00143094
1414 283400 -0.00143094
1415 283600 -0.00143094
1416 283800 -0.00143094
1417 284000 -0.00143094
1418 284200 -0.00143094
1419 284400 -0.00143094
1420 284600 -0.00143094
1421 284800 -0.00143094
1422 285000 -0.00143094
1423 285200 -0.00143094
1424 285400 -0.00143094
1425 285600 -0.00143094
1426 285800 -0.00143094
1427 286000 -0.00143094
1428 286200 -0.00143094
1429 286400 -0.00143094
1430 286600 -0.00143094
1431 286800 -0.00143094
1432 287000 -0.00143094
1433 287200 -0.00143094
1434 287400 -0.00143094
1435 287600 -0.00143094
1436 287800 -0.00143094
1437 288000 -0.00143094
1438 288200 -0.00143094
1439 288400 -0.00143094
1440 288600 -0.00143094
1441 288800 -0.00143094
1442 289000 -0.00143094
1443 289200 -0.00143094
1444 289400 -0.00143094
1445 289600 -0.00143094
1446 289800 -0.00143094
1447 290000 -0.00143094
1448 290200 -0.00143094
1449 290400 -0.00143094
1450 290600 -0.00143094
1451 290800 -0.00143094
1452 291000 -0.00143094
1453 291200 -0.00143094
1454 291400 -0.00143094
1455 291600 -0.00143094
1456 291800 -0.00143094
1457 292000 -0.00143094
1458 292200 -0.00143094
1459 292400 -0.00143094
1460 292600 -0.00143094
1461 292800 -0.00143094
1462 293000 -0.00143094
1463 293200 -0.00143094
1464 293400 -0.00143094
1465 293600 -0.00143094
1466 293800 -0.00143094
1467 294000 -0.00143094
1468 294200 -0.00143094
1469 294400 -0.00143094
1470 294600 -0.00143094
1471 294800 -0.00143094
1472 295000 -0.00143094
1473 295200 -0.00143094
1474 295400 -0.00143094
1475 295600 -0.00143094
1476 295800 -0.00143094
1477 296000 -0.00143094
1478 296200 -0.00143094
1479 296400 -0.00143094
1480 296600 -0.00143094
1481 296800 -0.00143094
1482 297000 -0.00143094
1483 297200 -0.00143094
1484 297400 -0.00143094
1485 297600 -0.00143094
1486 297800 -0.00143094
1487 298000 -0.00143094
1488 298200 -0.00143094
1489 298400 -0.00143094
1490 298600 -0.00143094
1491 298800 -0.00143094
1492 299000 -0.00143094
1493 299200 -0.00143094
1494 299400 -0.00143094
1495 299600 -0.00143094
1496 299800 -0.00143094
1497 300000 -0.00143094
1498 300200 -0.00143094
1499 300400 -0.00143094
1500 300600 -0.00143094
1501 300800 -0.00143094
1502 301000 -0.00143094
1503 301200 -0.00143094
1504 301400 -0.00143094
1505 301600 -0.00143094
1506 301800 -0.00143094
1507 302000 -0.00143094
1508 302200 -0.00143094
1509 302400 -0.00143094
1510 302600 -0.00143094
1511 302800 -0.00143094
1512 303000 -0.00143094
1513 303200 -0.00143094
1514 303400 -0.00143094
1515 303600 -0.00143094
1516 303800 -0.00143094
1517 304000 -0.00143094
1518 304200 -0.00143094
1519 304400 -0.00143094
1520 304600 -0.00143094
1521 304800 -0.00143094
1522 305000 -0.00143094
1523 305200 -0.00143094
1524 305400 -0.00143094
1525 305600 -0.00143094
1526 305800 -0.00143094
1527 306000 -0.00143094
1528 306200 -0.00143094
1529 306400 -0.00143094
1530 306600 -0.00143094
1531 306800 -0.00143094
1532 307000 -0.00143094
1533 307200 -0.00143094
1534 307400 -0.00143094
1535 307600 -0.00143094
1536 307800 -0.00143094
1537 308000 -0.00143094
1538 308200 -0.00143094
1539 308400 -0.00143094
1540 308600 -0.00143094
1541 308800 -0.00143094
1542 309000 -0.00143094
1543 309200 -0.00143094
1544 309400 -0.00143094
1545 309600 -0.00143094
1546 309800 -0.00143094
1547 310000 -0.00143094
1548 310200 -0.00143094
1549 310400 -0.00143094
1550 310600 -0.00143094
1551 310800 -0.00143094
1552 311000 -0.00143094
1553 311200 -0.00143094
1554 311400 -0.00143094
1555 311600 -0.00143094
1556 311800 -0.00143094
1557 312000 -0.00143094
1558 312200 -0.00143094
1559 312400 -0.00143094
1560 312600 -0.00143094
1561 312800 -0.00143094
1562 313000 -0.00143094
1563 313200 -0.00143094
1564 313400 -0.00143094
1565 313600 -0.00143094
1566 313800 -0.00143094
1567 314000 -0.00143094
1568 314200 -0.00143094
1569 314400 -0.00143094
1570 314600 -0.00143094
1571 314800 -0.00143094
1572 315000 -0.00143094
1573 315200 -0.00143094
1574 315400 -0.00143094
1575 315600 -0.00143094
1576 315800 -0.00143094
1577 316000 -0.00143094
1578 316200 -0.00143094
1579 316400 -0.00143094
1580 316600 -0.00143094
1581 316800 -0.00143094
1582 317000 -0.00143094
1583 317200 -0.00143094
1584 317400 -0.00143094
1585 317600 -0.00143094
1586 317800 -0.00143094
1587 318000 -0.00143094
1588 318200 -0.00143094
1589 318400 -0.00143094
1590 318600 -0.00143094
1591 318800 -0.00143094
1592 319000 -0.00143094
1593 319200 -0.00143094
1594 319400 -0.00143094
1595 319600 -0.00143094
1596 319800 -0.00143094
1597 320000 -0.00143094
1598 320200 -0.00143094
1599 320400 -0.00143094
1600 320600 -0.00143094
1601 320800 -0.00143094
1602 321000 -0.00143094
1603 321200 -0.00143094
1604 321400 -0.00143094
1605 321600 -0.00143094
1606 321800 -0.00143094
1607 322000 -0.00143094
1608 322200 -0.00143094
1609 322400 -0.00143094
1610 322600 -0.00143094
1611 322800 -0.00143094
1612 323000 -0.00143094
1613 323200 -0.00143094
1614 323400 -0.00143094
1615 323600 -0.00143094
1616 323800 -0.00143094
1617 324000 -0.00143094
1618 324200 -0.00143094
1619 324400 -0.00143094
1620 324600 -0.00143094
1621 324800 -0.00143094
1622 325000 -0.00143094
1623 325200 -0.00143094
1624 325400 -0.00143094
1625 325600 -0.00143094
1626 325800 -0.00143094
1627 326000 -0.00143094
1628 326200 -0.00143094
1629 326400 -0.00143094
1630 326600 -0.00143094
1631 326800 -0.00143094
1632 327000 -0.00143094
1633 327200 -0.00143094
1634 327400 -0.00143094
1635 327600 -0.00143094
1636 327800 -0.00143094
1637 328000 -0.00143094
1638 328200 -0.00143094
1639 328400 -0.00143094
1640 328600 -0.00143094
1641 328800 -0.00143094
1642 329000 -0.00143094
1643 329200 -0.00143094
1644 329400 -0.00143094
1645 329600 -0.00143094
1646 329800 -0.00143094
1647 330000 -0.00143094
1648 330200 -0.00143094
1649 330400 -0.00143094
1650 330600 -0.00143094
1651 330800 -0.00143094
1652 331000 -0.00143094
1653 331200 -0.00143094
1654 331400 -0.00143094
1655 331600 -0.00143094
1656 331800 -0.00143094
1657 332000 -0.00143094
1658 332200 -0.00143094
1659 332400 -0.00143094
1660 332600 -0.00143094
1661 332800 -0.00143094
1662 333000 -0.00143094
1663 333200 -0.00143094
1664 333400 -0.00143094
1665 333600 -0.00143094
1666 333800 -0.00143094
1667 334000 -0.00143094
1668 334200 -0.00143094
1669 334400 -0.00143094
1670 334600 -0.00143094
1671 334800 -0.00143094
1672 335000 -0.00143094
1673 335200 -0.00143094
1674 335400 -0.00143094
1675 335600 -0.00143094
1676 335800 -0.00143094
1677 336000 -0.00143094
1678 336200 -0.00143094
1679 336400 -0.00143094
1680 336600 -0.00143094
1681 336800 -0.00143094
1682 337000 -0.00143094
1683 337200 -0.00143094
1684 337400 -0.00143094
1685 337600 -0.00143094
1686 337800 -0.00143094
1687 338000 -0.00143094
1688 338200 -0.00143094
1689 338400 -0.00143094
1690 338600 -0.00143094
1691 338800 -0.00143094
1692 339000 -0.00143094
1693 339200 -0.00143094
1694 339400 -0.00143094
1695 339600 -0.00143094
1696 339800 -0.00143094
1697 340000 -0.00143094
1698 340200 -0.00143094
1699 340400 -0.00143094
1700 340600 -0.00143094
1701 340800 -0.00143094
1702 341000 -0.00143094
1703 341200 -0.00143094
1704 341400 -0.00143094
1705 341600 -0.00143094
1706 341800 -0.00143094
1707 342000 -0.00143094
1708 342200 -0.00143094
1709 342400 -0.00143094
1710 342600 -0.00143094
1711 342800 -0.00143094
1712 343000 -0.00143094
1713 343200 -0.00143094
1714 343400 -0.00143094
1715 343600 -0.00143094
1716 343800 -0.00143094
1717 344000 -0.00143094
1718 344200 -0.00143094
1719 344400 -0.00143094
1720 344600 -0.00143094
1721 344800 -0.00143094
1722 345000 -0.00143094
1723 345200 -0.00143094
1724 345400 -0.00143094
1725 345600 -0.00143094
1726 345800 -0.00143094
1727 346000 -0.00143094
1728 346200 -0.00143094
1729 346400 -0.00143094
1730 346600 -0.00143094
1731 346800 -0.00143094
1732 347000 -0.00143094
1733 347200 -0.00143094
1734 347400 -0.00143094
1735 347600 -0.00143094
1736 347800 -0.00143094
1737 348000 -0.00143094
1738 348200 -0.00143094
1739 348400 -0.00143094
1740 348600 -0.00143094
1741 348800 -0.00143094
1742 349000 -0.00143094
1743 349200 -0.00143094
1744 349400 -0.00143094
1745 349600 -0.00143094
1746 349800 -0.00143094
1747 350000 -0.00143094
1748 350200 -0.00143094
1749 350400 -0.00143094
1750 350600 -0.00143094
1751 350800 -0.00143094
1752 351000 -0.00143094
1753 351200 -0.00143094
1754 351400 -0.00143094
1755 351600 -0.00143094
1756 351800 -0.00143094
1757 352000 -0.00143094
1758 352200 -0.00143094
1759 352400 -0.00143094
1760 352600 -0.00143094
1761 352800 -0.00143094
1762 353000 -0.00143094
1763 353200 -0.00143094
1764 353400 -0.00143094
1765 353600 -0.00143094
1766 353800 -0.00143094
1767 354000 -0.00143094
1768 354200 -0.00143094
1769 354400 -0.00143094
1770 354600 -0.00143094
1771 354800 -0.00143094
1772 355000 -0.00143094
1773 355200 -0.00143094
1774 355400 -0.00143094
1775 355600 -0.00143094
1776 355800 -0.00143094
1777 356000 -0.00143094
1778 356200 -0.00143094
1779 356400 -0.00143094
1780 356600 -0.00143094
1781 356800 -0.00143094
1782 357000 -0.00143094
1783 357200 -0.00143094
1784 357400 -0.00143094
1785 357600 -0.00143094
1786 357800 -0.00143094
1787 358000 -0.00143094
1788 358200 -0.00143094
1789 358400 -0.00143094
1790 358600 -0.00143094
1791 358800 -0.00143094
1792 359000 -0.00143094
1793 359200 -0.00143094
1794 359400 -0.00143094
1795 359600 -0.00143094
1796 359800 -0.00143094
1797 360000 -0.00143094
1798 360200 -0.00143094
1799 360400 -0.00143094
1800 360600 -0.00143094
1801 360800 -0.00143094
1802 361000 -0.00143094
1803 361200 -0.00143094
1804 361400 -0.00143094
1805 361600 -0.00143094
1806 361800 -0.00143094
1807 362000 -0.00143094
1808 362200 -0.00143094
1809 362400 -0.00143094
1810 362600 -0.00143094
1811 362800 -0.00143094
1812 363000 -0.00143094
1813 363200 -0.00143094
1814 363400 -0.00143094
1815 363600 -0.00143094
1816 363800 -0.00143094
1817 364000 -0.00143094
1818 364200 -0.00143094
1819 364400 -0.00143094
1820 364600 -0.00143094
1821 364800 -0.00143094
1822 365000 -0.00143094
1823 365200 -0.00143094
1824 365400 -0.00143094
1825 365600 -0.00143094
1826 365800 -0.00143094
1827 366000 -0.00143094
1828 366200 -0.00143094
1829 366400 -0.00143094
1830 366600 -0.00143094
1831 366800 -0.00143094
1832 367000 -0.00143094
1833 367200 -0.00143094
1834 367400 -0.00143094
1835 367600 -0.00143094
1836 367800 -0.00143094
1837 368000 -0.00143094
1838 368200 -0.00143094
1839 368400 -0.00143094
1840 368600 -0.00143094
1841 368800 -0.00143094
1842 369000 -0.00143094
1843 369200 -0.00143094
1844 369400 -0.00143094
1845 369600 -0.00143094
1846 369800 -0.00143094
1847 370000 -0.00143094
1848 370200 -0.00143094
1849 370400 -0.00143094
1850 370600 -0.00143094
1851 370800 -0.00143094
1852 371000 -0.00143094
1853 371200 -0.00143094
1854 371400 -0.00143094
1855 371600 -0.00143094
1856 371800 -0.00143094
1857 372000 -0.00143094
1858 372200 -0.00143094
1859 372400 -0.00143094
1860 372600 -0.00143094
1861 372800 -0.00143094
1862 373000 -0.00143094
1863 373200 -0.00143094
1864 373400 -0.00143094
1865 373600 -0.00143094
1866 373800 -0.00143094
1867 374000 -0.00143094
1868 374200 -0.00143094
1869 374400 -0.00143094
1870 374600 -0.00143094
1871 374800 -0.00143094
1872 375000 -0.00143094
1873 375200 -0.00143094
1874 375400 -0.00143094
1875 375600 -0.00143094
1876 375800 -0.00143094
1877 376000 -0.00143094
1878 376200 -0.00143094
1879 376400 -0.00143094
1880 376600 -0.00143094
1881 376800 -0.00143094
1882 377000 -0.00143094
1883 377200 -0.00143094
1884 377400 -0.00143094
1885 377600 -0.00143094
1886 377800 -0.00143094
1887 378000 -0.00143094
1888 378200 -0.00143094
1889 378400 -0.00143094
1890 378600 -0.00143094
1891 378800 -0.00143094
1892 379000 -0.00143094
1893 379200 -0.00143094
1894 379400 -0.00143094
1895 379600 -0.00143094
1896 379800 -0.00143094
1897 380000 -0.00143094
1898 380200 -0.00143094
1899 380400 -0.00143094
1900 380600 -0.00143094
1901 380800 -0.00143094
1902 381000 -0.00143094
1903 381200 -0.00143094
1904 381400 -0.00143094
1905 381600 -0.00143094
1906 381800 -0.00143094
1907 382000 -0.00143094
1908 382200 -0.00143094
1909 382400 -0.00143094
1910 382600 -0.00143094
1911 382800 -0.00143094
1912 383000 -0.00143094
1913 383200 -0.00143094
1914 383400 -0.00143094
1915 383600 -0.00143094
1916 383800 -0.00143094
1917 384000 -0.00143094
1918 384200 -0.00143094
1919 384400 -0.00143094
1920 384600 -0.00143094
1921 384800 -0.00143094
1922 385000 -0.00143094
1923 385200 -0.00143094
1924 385400 -0.00143094
1925 385600 -0.00143094
1926 385800 -0.00143094
1927 386000 -0.00143094
1928 386200 -0.00143094
1929 386400 -0.00143094
1930 386600 -0.00143094
1931 386800 -0.00143094
1932 387000 -0.00143094
1933 387200 -0.00143094
1934 387400 -0.00143094
1935 387600 -0.00143094
1936 387800 -0.00143094
1937 388000 -0.00143094
1938 388200 -0.00143094
1939 388400 -0.00143094
1940 388600 -0.00143094
1941 388800 -0.00143094
1942 389000 -0.00143094
1943 389200 -0.00143094
1944 389400 -0.00143094
1945 389600 -0.00143094
1946 389800 -0.00143094
1947 390000 -0.00143094
1948 390200 -0.00143094
1949 390400 -0.00143094
1950 390600 -0.00143094
1951 390800 -0.00143094
1952 391000 -0.00143094
1953 391200 -0.00143094
1954 391400 -0.00143094
1955 391600 -0.00143094
1956 391800 -0.00143094
1957 392000 -0.00143094
1958 392200 -0.00143094
1959 392400 -0.00143094
1960 392600 -0.00143094
1961 392800 -0.00143094
1962 393000 -0.00143094
1963 393200 -0.00143094
1964 393400 -0.00143094
1965 393600 -0.00143094
1966 393800 -0.00143094
1967 394000 -0.00143094
1968 394200 -0.00143094
1969 394400 -0.00143094
1970 394600 -0.00143094
1971 394800 -0.00143094
1972 395000 -0.00143094
1973 395200 -0.00143094
1974 395400 -0.00143094
1975 395600 -0.00143094
1976 395800 -0.00143094
1977 396000 -0.00143094
1978 396200 -0.00143094
1979 396400 -0.00143094
1980 396600 -0.00143094
1981 396800 -0.00143094
1982 397000 -0.00143094
1983 397200 -0.00143094
1984 397400 -0.00143094
1985 397600 -0.00143094
1986 397800 -0.00143094
1987 398000 -0.00143094
1988 398200 -0.00143094
1989 398400 -0.00143094
1990 398600 -0.00143094
1991 398800 -0.00143094
1992 399000 -0.00143094
1993 399200 -0.00143094
1994 399400 -0.00143094
1995 399600 -0.00143094
1996 399800 -0.00143094
1997 400000 -0.00143094
1998 400200 -0.00143094
1999 400400 -0.00143094
2000 400600 -0.00143094
2001 400800 -0.00143094
2002 401000 -0.00143094
2003 401200 -0.00143094
2004 401400 -0.00143094
2005 401600 -0.00143094
2006 401800 -0.00143094
2007 402000 -0.00143094
2008 402200 -0.00143094
2009 402400 -0.00143094
2010 402600 -0.00143094
2011 402800 -0.00143094
2012 403000 -0.00143094
2013 403200 -0.00143094
2014 403400 -0.00143094
2015 403600 -0.00143094
2016 403800 -0.00143094
2017 404000 -0.00143094
2018 404200 -0.00143094
2019 404400 -0.00143094
2020 404600 -0.00143094
2021 404800 -0.00143094
2022 405000 -0.00143094
2023 405200 -0.00143094
2024 405400 -0.00143094
2025 405600 -0.00143094
2026 405800 -0.00143094
2027 406000 -0.00143094
2028 406200 -0.00143094
2029 406400 -0.00143094
2030 406600 -0.00143094
2031 406800 -0.00143094
2032 407000 -0.00143094
2033 407200 -0.00143094
2034 407400 -0.00143094
2035 407600 -0.00143094
2036 407800 -0.00143094
2037 408000 -0.00143094
2038 408200 -0.00143094
2039 408400 -0.00143094
2040 408600 -0.00143094
2041 408800 -0.00143094
2042 409000 -0.00143094
2043 409200 -0.00143094
2044 409400 -0.00143094
2045 409600 -0.00143094
2046 409800 -0.00143094
2047 410000 -0.00143094
2048 410200 -0.00143094
2049 410400 -0.00143094
2050 410600 -0.00143094
2051 410800 -0.00143094
2052 411000 -0.00143094
2053 411200 -0.00143094
2054 411400 -0.00143094
2055 411600 -0.00143094
2056 411800 -0.00143094
2057 412000 -0.00143094
2058 412200 -0.00143094
2059 412400 -0.00143094
2060 412600 -0.00143094
2061 412800 -0.00143094
2062 413000 -0.00143094
2063 413200 -0.00143094
2064 413400 -0.00143094
2065 413600 -0.00143094
2066 413800 -0.00143094
2067 414000 -0.00143094
2068 414200 -0.00143094
2069 414400 -0.00143094
2070 414600 -0.00143094
2071 414800 -0.00143094
2072 415000 -0.00143094
2073 415200 -0.00143094
2074 415400 -0.00143094
2075 415600 -0.00143094
2076 415800 -0.00143094
2077 416000 -0.00143094
2078 416200 -0.00143094
2079 416400 -0.00143094
2080 416600 -0.00143094
2081 416800 -0.00143094
2082 417000 -0.00143094
2083 417200 -0.00143094
2084 417400 -0.00143094
2085 417600 -0.00143094
2086 417800 -0.00143094
2087 418000 -0.00143094
2088 418200 -0.00143094
2089 418400 -0.00143094
2090 418600 -0.00143094
2091 418800 -0.00143094
2092 419000 -0.00143094
2093 419200 -0.00143094
2094 419400 -0.00143094
2095 419600 -0.00143094
2096 419800 -0.00143094
2097 420000 -0.00143094
2098 420200 -0.00143094
2099 420400 -0.00143094
2100 420600 -0.00143094
2101 420800 -0.00143094
2102 421000 -0.00143094
2103 421200 -0.00143094
2104 421400 -0.00143094
2105 421600 -0.00143094
2106 421800 -0.00143094
2107 422000 -0.00143094
2108 422200 -0.00143094
2109 422400 -0.00143094
2110 422600 -0.00143094
2111 422800 -0.00143094
2112 423000 -0.00143094
2113 423200 -0.00143094
2114 423400 -0.00143094
2115 423600 -0.00143094
2116 423800 -0.00143094
2117 424000 -0.00143094
2118 424200 -0.00143094
2119 424400 -0.00143094
2120 424600 -0.00143094
2121 424800 -0.00143094
2122 425000 -0.00143094
2123 425200 -0.00143094
2124 425400 -0.00143094
2125 425600 -0.00143094
2126 425800 -0.00143094
2127 426000 -0.00143094
2128 426200 -0.00143094
2129 426400 -0.00143094
2130 426600 -0.00143094
2131 426800 -0.00143094
2132 427000 -0.00143094
2133 427200 -0.00143094
2134 427400 -0.00143094
2135 427600 -0.00143094
2136 427800 -0.00143094
2137 428000 -0.00143094
2138 428200 -0.00143094
2139 428400 -0.00143094
2140 428600 -0.00143094
2141 428800 -0.00143094
2142 429000 -0.00143094
2143 429200 -0.00143094
2144 429400 -0.00143094
2145 429600 -0.00143094
2146 429800 -0.00143094
2147 430000 -0.00143094
2148 430200 -0.00143094
2149 430400 -0.00143094
2150 430600 -0.00143094
2151 430800 -0.00143094
2152 431000 -0.00143094
2153 431200 -0.00143094
2154 431400 -0.00143094
2155 431600 -0.00143094
2156 431800 -0.00143094
2157 432000 -0.00143094
2158 432200 -0.00143094
2159 432400 -0.00143094
2160 432600 -0.00143094
2161 432800 -0.00143094
2162 433000 -0.00143094
2163 433200 -0.00143094
2164 433400 -0.00143094
2165 433600 -0.00143094
2166 433800 -0.00143094
2167 434000 -0.00143094
2168 434200 -0.00143094
2169 434400 -0.00143094
2170 434600 -0.00143094
2171 434800 -0.00143094
2172 435000 -0.00143094
2173 435200 -0.00143094
2174 435400 -0.00143094
2175 435600 -0.00143094
2176 435800 -0.00143094
2177 436000 -0.00143094
2178 436200 -0.00143094
2179 436400 -0.00143094
2180 436600 -0.00143094
2181 436800 -0.00143094
2182 437000 -0.00143094
2183 437200 -0.00143094
2184 437400 -0.00143094
2185 437600 -0.00143094
2186 437800 -0.00143094
2187 438000 -0.00143094
2188 438200 -0.00143094
2189 438400 -0.00143094
2190 438600 -0.00143094
2191 438800 -0.00143094
2192 439000 -0.00143094
2193 439200 -0.00143094
2194 439400 -0.00143094
2195 439600 -0.00143094
2196 439800 -0.00143094
2197 440000 -0.00143094
2198 440200 -0.00143094
2199 440400 -0.00143094
2200 440600 -0.00143094
2201 440800 -0.00143094
2202 441000 -0.00143094
2203 441200 -0.00143094
2204 441400 -0.00143094
2205 441600 -0.00143094
2206 441800 -0.00143094
2207 442000 -0.00143094
2208 442200 -0.00143094
2209 442400 -0.00143094
2210 442600 -0.00143094
2211 442800 -0.00143094
2212 443000 -0.00143094
2213 443200 -0.00143094
2214 443400 -0.00143094
2215 443600 -0.00143094
2216 443800 -0.00143094
2217 444000 -0.00143094
2218 444200 -0.00143094
2219 444400 -0.00143094
2220 444600 -0.00143094
2221 444800 -0.00143094
2222 445000 -0.00143094
2223 445200 -0.00143094
2224 445400 -0.00143094
2225 445600 -0.00143094
2226 445800 -0.00143094
2227 446000 -0.00143094
2228 446200 -0.00143094
2229 446400 -0.00143094
2230 446600 -0.00143094
2231 446800 -0.00143094
2232 447000 -0.00143094
2233 447200 -0.00143094
2234 447400 -0.00143094
2235 447600 -0.00143094
2236 447800 -0.00143094
2237 448000 -0.00143094
2238 448200 -0.00143094
2239 448400 -0.00143094
2240 448600 -0.00143094
2241 448800 -0.00143094
2242 449000 -0.00143094
2243 449200 -0.00143094
2244 449400 -0.00143094
2245 449600 -0.00143094
2246 449800 -0.00143094
2247 450000 -0.00143094
2248 450200 -0.00143094
2249 450400 -0.00143094
2250 450600 -0.00143094
2251 450800 -0.00143094
2252 451000 -0.00143094
2253 451200 -0.00143094
2254 451400 -0.00143094
2255 451600 -0.00143094
2256 451800 -0.00143094
2257 452000 -0.00143094
2258 452200 -0.00143094
2259 452400 -0.00143094
2260 452600 -0.00143094
2261 452800 -0.00143094
2262 453000 -0.00143094
2263 453200 -0.00143094
2264 453400 -0.00143094
2265 453600 -0.00143094
2266 453800 -0.00143094
2267 454000 -0.00143094
2268 454200 -0.00143094
2269 454400 -0.00143094
2270 454600 -0.00143094
2271 454800 -0.00143094
2272 455000 -0.00143094
2273 455200 -0.00143094
2274 455400 -0.00143094
2275 455600 -0.00143094
2276 455800 -0.00143094
2277 456000 -0.00143094
2278 456200 -0.00143094
2279 456400 -0.00143094
2280 456600 -0.00143094
2281 456800 -0.00143094
2282 457000 -0.00143094
2283 457200 -0.00143094
2284 457400 -0.00143094
2285 457600 -0.00143094
2286 457800 -0.00143094
2287 458000 -0.00143094
2288 458200 -0.00143094
2289 458400 -0.00143094
2290 458600 -0.00143094
2291 458800 -0.00143094
2292 459000 -0.00143094
2293 459200 -0.00143094
2294 459400 -0.00143094
2295 459600 -0.00143094
2296 459800 -0.00143094
2297 460000 -0.00143094
2298 460200 -0.00143094
2299 460400 -0.00143094
2300 460600 -0.00143094
2301 460800 -0.00143094
2302 461000 -0.00143094
2303 461200 -0.00143094
2304 461400 -0.00143094
2305 461600 -0.00143094
2306 461800 -0.00143094
2307 462000 -0.00143094
2308 462200 -0.00143094
2309 462400 -0.00143094
2310 462600 -0.00143094
2311 462800 -0.00143094
2312 463000 -0.00143094
2313 463200 -0.00143094
2314 463400 -0.00143094
2315 463600 -0.00143094
2316 463800 -0.00143094
2317 464000 -0.00143094
2318 464200 -0.00143094
2319 464400 -0.00143094
2320 464600 -0.00143094
2321 464800 -0.00143094
2322 465000 -0.00143094
2323 465200 -0.00143094
2324 465400 -0.00143094
2325 465600 -0.00143094
2326 465800 -0.00143094
2327 466000 -0.00143094
2328 466200 -0.00143094
2329 466400 -0.00143094
2330 466600 -0.00143094
2331 466800 -0.00143094
2332 467000 -0.00143094
2333 467200 -0.00143094
2334 467400 -0.00143094
2335 467600 -0.00143094
2336 467800 -0.00143094
2337 468000 -0.00143094
2338 468200 -0.00143094
2339 468400 -0.00143094
2340 468600 -0.00143094
2341 468800 -0.00143094
2342 469000 -0.00143094
2343 469200 -0.00143094
2344 469400 -0.00143094
2345 469600 -0.00143094
2346 469800 -0.00143094
2347 470000 -0.00143094
2348 470200 -0.00143094
2349 470400 -0.00143094
2350 470600 -0.00143094
2351 470800 -0.00143094
2352 471000 -0.00143094
2353 471200 -0.00143094
2354 471400 -0.00143094
2355 471600 -0.00143094
2356 471800 -0.00143094
2357 472000 -0.00143094
2358 472200 -0.00143094
2359 472400 -0.00143094
2360 472600 -0.00143094
2361 472800 -0.00143094
2362 473000 -0.00143094
2363 473200 -0.00143094
2364 473400 -0.00143094
2365 473600 -0.00143094
2366 473800 -0.00143094
2367 474000 -0.00143094
2368 474200 -0.00143094
2369 474400 -0.00143094
2370 474600 -0.00143094
2371 474800 -0.00143094
2372 475000 -0.00143094
2373 475200 -0.00143094
2374 475400 -0.00143094
2375 475600 -0.00143094
2376 475800 -0.00143094
2377 476000 -0.00143094
2378 476200 -0.00143094
2379 476400 -0.00143094
2380 476600 -0.00143094
2381 476800 -0.00143094
2382 477000 -0.00143094
2383 477200 -0.00143094
2384 477400 -0.00143094
2385 477600 -0.00143094
2386 477800 -0.00143094
2387 478000 -0.00143094
2388 478200 -0.00143094
2389 478400 -0.00143094
2390 478600 -0.00143094
2391 478800 -0.00143094
2392 479000 -0.00143094
2393 479200 -0.00143094
2394 479400 -0.00143094
2395 479600 -0.00143094
2396 479800 -0.00143094
2397 480000 -0.00143094
2398 480200 -0.00143094
2399 480400 -0.00143094
2400 480600 -0.00143094
2401 480800 -0.00143094
2402 481000 -0.00143094
2403 481200 -0.00143094
2404 481400 -0.00143094
2405 481600 -0.00143094
2406 481800 -0.00143094
2407 482000 -0.00143094
2408 482200 -0.00143094
2409 482400 -0.00143094
2410 482600 -0.00143094
2411 482800 -0.00143094
2412 483000 -0.00143094
2413 483200 -0.00143094
2414 483400 -0.00143094
2415 483600 -0.00143094
2416 483800 -0.00143094
2417 484000 -0.00143094
2418 484200 -0.00143094
2419 484400 -0.00143094
2420 484600 -0.00143094
2421 484800 -0.00143094
2422 485000 -0.00143094
2423 485200 -0.00143094
2424 485400 -0.00143094
2425 485600 -0.00143094
2426 485800 -0.00143094
2427 486000 -0.00143094
2428 486200 -0.00143094
2429 486400 -0.00143094
2430 486600 -0.00143094
2431 486800 -0.00143094
2432 487000 -0.00143094
2433 487200 -0.00143094
2434 487400 -0.00143094
2435 487600 -0.00143094
2436 487800 -0.00143094
2437 488000 -0.00143094
2438 488200 -0.00143094
2439 488400 -0.00143094
2440 488600 -0.00143094
2441 488800 -0.00143094
2442 489000 -0.00143094
2443 489200 -0.00143094
2444 489400 -0.00143094
2445 489600 -0.00143094
2446 489800 -0.00143094
2447 490000 -0.00143094
2448 490200 -0.00143094
2449 490400 -0.00143094
2450 490600 -0.00143094
2451 490800 -0.00143094
2452 491000 -0.00143094
2453 491200 -0.00143094
2454 491400 -0.00143094
2455 491600 -0.00143094
2456 491800 -0.00143094
2457 492000 -0.00143094
2458 492200 -0.00143094
2459 492400 -0.00143094
2460 492600 -0.00143094
2461 492800 -0.00143094
2462 493000 -0.00143094
2463 493200 -0.00143094
2464 493400 -0.00143094
2465 493600 -0.00143094
2466 493800 -0.00143094
2467 494000 -0.00143094
2468 494200 -0.00143094
2469 494400 -0.00143094
2470 494600 -0.00143094
2471 494800 -0.00143094
2472 495000 -0.00143094
2473 495200 -0.00143094
2474 495400 -0.00143094
2475 495600 -0.00143094
2476 495800 -0.00143094
2477 496000 -0.00143094
2478 496200 -0.00143094
2479 496400 -0.00143094
2480 496600 -0.00143094
2481 496800 -0.00143094
2482 497000 -0.00143094
2483 497200 -0.00143094
2484 497400 -0.00143094
2485 497600 -0.00143094
2486 497800 -0.00143094
2487 498000 -0.00143094
2488 498200 -0.00143094
2489 498400 -0.00143094
2490 498600 -0.00143094
2491 498800 -0.00143094
2492 499000 -0.00143094
2493 499200 -0.00143094
2494 499400 -0.00143094
2495 499600 -0.00143094
2496 499800 -0.00143094
2497 500000 -0.00143094
2498 500200 -0.00143094
2499 500400 -0.00143094
2500 500600 -0.00143094
2501 500800 -0.00143094
2502 501000 -0.00143094
2503 501200 -0.00143094
2504 501400 -0.00143094
2505 501600 -0.00143094
2506 501800 -0.00143094
2507 502000 -0.00143094
2508 502200 -0.00143094
2509 502400 -0.00143094
2510 502600 -0.00143094
2511 502800 -0.00143094
2512 503000 -0.00143094
2513 503200 -0.00143094
2514 503400 -0.00143094
2515 503600 -0.00143094
2516 503800 -0.00143094
2517 504000 -0.00143094
2518 504200 -0.00143094
2519 504400 -0.00143094
2520 504600 -0.00143094
2521 504800 -0.00143094
2522 505000 -0.00143094
2523 505200 -0.00143094
2524 505400 -0.00143094
2525 505600 -0.00143094
2526 505800 -0.00143094
2527 506000 -0.00143094
2528 506200 -0.00143094
2529 506400 -0.00143094
2530 506600 -0.00143094
2531 506800 -0.00143094
2532 507000 -0.00143094
2533 507200 -0.00143094
2534 507400 -0.00143094
2535 507600 -0.00143094
2536 507800 -0.00143094
2537 508000 -0.00143094
2538 508200 -0.00143094
2539 508400 -0.00143094
2540 508600 -0.00143094
2541 508800 -0.00143094
2542 509000 -0.00143094
2543 509200 -0.00143094
2544 509400 -0.00143094
2545 509600 -0.00143094
2546 509800 -0.00143094
2547 510000 -0.00143094
2548 510200 -0.00143094
2549 510400 -0.00143094
2550 510600 -0.00143094
2551 510800 -0.00143094
2552 511000 -0.00143094
2553 511200 -0.00143094
2554 511400 -0.00143094
2555 511600 -0.00143094
2556 511800 -0.00143094
2557 512000 -0.00143094
2558 512200 -0.00143094
2559 512400 -0.00143094
2560 512600 -0.00143094
2561 512800 -0.00143094
2562 513000 -0.00143094
2563 513200 -0.00143094
2564 513400 -0.00143094
2565 513600 -0.00143094
2566 513800 -0.00143094
2567 514000 -0.00143094
2568 514200 -0.00143094
2569 514400 -0.00143094
2570 514600 -0.00143094
2571 514800 -0.00143094
2572 515000 -0.00143094
2573 515200 -0.00143094
2574 515400 -0.00143094
2575 515600 -0.00143094
2576 515800 -0.00143094
2577 516000 -0.00143094
2578 516200 -0.00143094
2579 516400 -0.00143094
2580 516600 -0.00143094
2581 516800 -0.00143094
2582 517000 -0.00143094
2583 517200 -0.00143094
2584 517400 -0.00143094
2585 517600 -0.00143094
2586 517800 -0.00143094
2587 518000 -0.00143094
2588 518200 -0.00143094
2589 518400 -0.00143094
2590 518600 -0.00143094
2591 518800 -0.00143094
2592 519000 -0.00143094
2593 519200 -0.00143094
2594 519400 -0.00143094
2595 519600 -0.00143094
2596 519800 -0.00143094
2597 520000 -0.00143094
2598 520200 -0.00143094
2599 520400 -0.00143094
2600 520600 -0.00143094
2601 520800 -0.00143094
2602 521000 -0.00143094
2603 521200 -0.00143094
2604 521400 -0.00143094
2605 521600 -0.00143094
2606 521800 -0.00143094
2607 522000 -0.00143094
2608 522200 -0.00143094
2609 522400 -0.00143094
2610 522600 -0.00143094
2611 522800 -0.00143094
2612 523000 -0.00143094
2613 523200 -0.00143094
2614 523400 -0.00143094
2615 523600 -0.00143094
2616 523800 -0.00143094
2617 524000 -0.00143094
2618 524200 -0.00143094
2619 524400 -0.00143094
2620 524600 -0.00143094
2621 524800 -0.00143094
2622 525000 -0.00143094
2623 525200 -0.00143094
2624 525400 -0.00143094
2625 525600 -0.00143094
2626 525800 -0.00143094
2627 526000 -0.00143094
2628 526200 -0.00143094
2629 526400 -0.00143094
2630 526600 -0.00143094
2631 526800 -0.00143094
2632 527000 -0.00143094
2633 527200 -0.00143094
2634 527400 -0.00143094
2635 527600 -0.00143094
2636 527800 -0.00143094
2637 528000 -0.00143094
2638 528200 -0.00143094
2639 528400 -0.00143094
2640 528600 -0.00143094
2641 528800 -0.00143094
2642 529000 -0.00143094
2643 529200 -0.00143094
2644 529400 -0.00143094
2645 529600 -0.00143094
2646 529800 -0.00143094
2647 530000 -0.00143094
2648 530200 -0.00143094
2649 530400 -0.00143094
2650 530600 -0.00143094
2651 530800 -0.00143094
2652 531000 -0.00143094
2653 531200 -0.00143094
2654 531400 -0.00143094
2655 531600 -0.00143094
2656 531800 -0.00143094
2657 532000 -0.00143094
2658 532200 -0.00143094
2659 532400 -0.00143094
2660 532600 -0.00143094
2661 532800 -0.00143094
2662 533000 -0.00143094
2663 533200 -0.00143094
2664 533400 -0.00143094
2665 533600 -0.00143094
2666 533800 -0.00143094
2667 534000 -0.00143094
2668 534200 -0.00143094
2669 534400 -0.00143094
2670 534600 -0.00143094
2671 534800 -0.00143094
2672 535000 -0.00143094
2673 535200 -0.00143094
2674 535400 -0.00143094
2675 535600 -0.00143094
2676 535800 -0.00143094
2677 536000 -0.00143094
2678 536200 -0.00143094
2679 536400 -0.00143094
2680 536600 -0.00143094
2681 536800 -0.00143094
2682 537000 -0.00143094
2683 537200 -0.00143094
2684 537400 -0.00143094
2685 537600 -0.00143094
2686 537800 -0.00143094
2687 538000 -0.00143094
2688 538200 -0.00143094
2689 538400 -0.00143094
2690 538600 -0.00143094
2691 538800 -0.00143094
2692 539000 -0.00143094
2693 539200 -0.00143094
2694 539400 -0.00143094
2695 539600 -0.00143094
2696 539800 -0.00143094
2697 540000 -0.00143094
2698 540200 -0.00143094
2699 540400 -0.00143094
2700 540600 -0.00143094
2701 540800 -0.00143094
2702 541000 -0.00143094
2703 541200 -0.00143094
2704 541400 -0.00143094
2705 541600 -0.00143094
2706 541800 -0.00143094
2707 542000 -0.00143094
2708 542200 -0.00143094
2709 542400 -0.00143094
2710 542600 -0.00143094
2711 542800 -0.00143094
2712 543000 -0.00143094
2713 543200 -0.00143094
2714 543400 -0.00143094
2715 543600 -0.00143094
2716 543800 -0.00143094
2717 544000 -0.00143094
2718 544200 -0.00143094
2719 544400 -0.00143094
2720 544600 -0.00143094
2721 544800 -0.00143094
2722 545000 -0.00143094
2723 545200 -0.00143094
2724 545400 -0.00143094
2725 545600 -0.00143094
2726 545800 -0.00143094
2727 546000 -0.00143094
2728 546200 -0.00143094
2729 546400 -0.00143094
2730 546600 -0.00143094
2731 546800 -0.00143094
2732 547000 -0.00143094
2733 547200 -0.00143094
2734 547400 -0.00143094
2735 547600 -0.00143094
2736 547800 -0.00143094
2737 548000 -0.00143094
2738 548200 -0.00143094
2739 548400 -0.00143094
2740 548600 -0.00143094
2741 548800 -0.00143094
2742 549000 -0.00143094
2743 549200 -0.00143094
2744 549400 -0.00143094
2745 549600 -0.00143094
2746 549800 -0.00143094
2747 550000 -0.00143094
2748 550200 -0.00143094
2749 550400 -0.00143094
2750 550600 -0.00143094
2751 550800 -0.00143094
2752 551000 -0.00143094
2753 551200 -0.00143094
2754 551400 -0.00143094
2755 551600 -0.00143094
2756 551800 -0.00143094
2757 552000 -0.00143094
2758 552200 -0.00143094
2759 552400 -0.00143094
2760 552600 -0.00143094
2761 552800 -0.00143094
2762 553000 -0.00143094
2763 553200 -0.00143094
2764 553400 -0.00143094
2765 553600 -0.00143094
2766 553800 -0.00143094
2767 554000 -0.00143094
2768 554200 -0.00143094
2769 554400 -0.00143094
2770 554600 -0.00143094
2771 554800 -0.00143094
2772 555000 -0.00143094
2773 555200 -0.00143094
2774 555400 -0.00143094
2775 555600 -0.00143094
2776 555800 -0.00143094
2777 556000 -0.00143094
2778 556200 -0.00143094
2779 556400 -0.00143094
2780 556600 -0.00143094
2781 556800 -0.00143094
2782 557000 -0.00143094
2783 557200 -0.00143094
2784 557400 -0.00143094
2785 557600 -0.00143094
2786 557800 -0.00143094
2787 558000 -0.00143094
2788 558200 -0.00143094
2789 558400 -0.00143094
2790 558600 -0.00143094
2791 558800 -0.00143094
2792 559000 -0.00143094
2793 559200 -0.00143094
2794 559400 -0.00143094
2795 559600 -0.00143094
2796 559800 -0.00143094
2797 560000 -0.00143094
2798 560200 -0.00143094
2799 560400 -0.00143094
2800 560600 -0.00143094
2801 560800 -0.00143094
2802 561000 -0.00143094
2803 561200 -0.00143094
2804 561400 -0.00143094
2805 561600 -0.00143094
2806 561800 -0.00143094
2807 562000 -0.00143094
2808 562200 -0.00143094
2809 562400 -0.00143094
2810 562600 -0.00143094
2811 562800 -0.00143094
2812 563000 -0.00143094
2813 563200 -0.00143094
2814 563400 -0.00143094
2815 563600 -0.00143094
2816 563800 -0.00143094
2817 564000 -0.00143094
2818 564200 -0.00143094
2819 564400 -0.00143094
2820 564600 -0.00143094
2821 564800 -0.00143094
2822 565000 -0.00143094
2823 565200 -0.00143094
2824 565400 -0.00143094
2825 565600 -0.00143094
2826 565800 -0.00143094
2827 566000 -0.00143094
2828 566200 -0.00143094
2829 566400 -0.00143094
2830 566600 -0.00143094
2831 566800 -0.00143094
2832 567000 -0.00143094
2833 567200 -0.00143094
2834 567400 -0.00143094
2835 567600 -0.00143094
2836 567800 -0.00143094
2837 568000 -0.00143094
2838 568200 -0.00143094
2839 568400 -0.00143094
2840 568600 -0.00143094
2841 568800 -0.00143094
2842 569000 -0.00143094
2843 569200 -0.00143094
2844 569400 -0.00143094
2845 569600 -0.00143094
2846 569800 -0.00143094
2847 570000 -0.00143094
2848 570200 -0.00143094
2849 570400 -0.00143094
2850 570600 -0.00143094
2851 570800 -0.00143094
2852 571000 -0.00143094
2853 571200 -0.00143094
2854 571400 -0.00143094
2855 571600 -0.00143094
2856 571800 -0.00143094
2857 572000 -0.00143094
2858 572200 -0.00143094
2859 572400 -0.00143094
2860 572600 -0.00143094
2861 572800 -0.00143094
2862 573000 -0.00143094
2863 573200 -0.00143094
2864 573400 -0.00143094
2865 573600 -0.00143094
2866 573800 -0.00143094
2867 574000 -0.00143094
2868 574200 -0.00143094
2869 574400 -0.00143094
2870 574600 -0.00143094
2871 574800 -0.00143094
2872 575000 -0.00143094
2873 575200 -0.00143094
2874 575400 -0.00143094
2875 575600 -0.00143094
2876 575800 -0.00143094
2877 576000 -0.00143094
2878 576200 -0.00143094
2879 576400 -0.00143094
2880 576600 -0.00143094
2881 576800 -0.00143094
2882 577000 -0.00143094
2883 577200 -0.00143094
2884 577400 -0.00143094
2885 577600 -0.00143094
2886 577800 -0.00143094
2887 578000 -0.00143094
2888 578200 -0.00143094
2889 578400 -0.00143094
2890 578600 -0.00143094
2891 578800 -0.00143094
2892 579000 -0.00143094
2893 579200 -0.00143094
2894 579400 -0.00143094
2895 579600 -0.00143094
2896 579800 -0.00143094
2897 580000 -0.00143094
2898 580200 -0.00143094
2899 580400 -0.00143094
2900 580600 -0.00143094
2901 580800 -0.00143094
2902 581000 -0.00143094
2903 581200 -0.00143094
2904 581400 -0.00143094
2905 581600 -0.00143094
2906 581800 -0.00143094
2907 582000 -0.00143094
2908 582200 -0.00143094
2909 582400 -0.00143094
2910 582600 -0.00143094
2911 582800 -0.00143094
2912 583000 -0.00143094
2913 583200 -0.00143094
2914 583400 -0.00143094
2915 583600 -0.00143094
2916 583800 -0.00143094
2917 584000 -0.00143094
2918 584200 -0.00143094
2919 584400 -0.00143094
2920 584600 -0.00143094
2921 584800 -0.00143094
2922 585000 -0.00143094
2923 585200 -0.00143094
2924 585400 -0.00143094
2925 585600 -0.00143094
2926 585800 -0.00143094
2927 586000 -0.00143094
2928 586200 -0.00143094
2929 586400 -0.00143094
2930 586600 -0.00143094
2931 586800 -0.00143094
2932 587000 -0.00143094
2933 587200 -0.00143094
2934 587400 -0.00143094
2935 587600 -0.00143094
2936 587800 -0.00143094
2937 588000 -0.00143094
2938 588200 -0.00143094
2939 588400 -0.00143094
2940 588600 -0.00143094
2941 588800 -0.00143094
2942 589000 -0.00143094
2943 589200 -0.00143094
2944 589400 -0.00143094
2945 589600 -0.00143094
2946 589800 -0.00143094
2947 590000 -0.00143094
2948 590200 -0.00143094
2949 590400 -0.00143094
2950 590600 -0.00143094
2951 590800 -0.00143094
2952 591000 -0.00143094
2953 591200 -0.00143094
2954 591400 -0.00143094
2955 591600 -0.00143094
2956 591800 -0.00143094
2957 592000 -0.00143094
2958 592200 -0.00143094
2959 592400 -0.00143094
2960 592600 -0.00143094
2961 592800 -0.00143094
2962 593000 -0.00143094
2963 593200 -0.00143094
2964 593400 -0.00143094
2965 593600 -0.00143094
2966 593800 -0.00143094
2967 594000 -0.00143094
2968 594200 -0.00143094
2969 594400 -0.00143094
2970 594600 -0.00143094
2971 594800 -0.00143094
2972 595000 -0.00143094
2973 595200 -0.00143094
2974 595400 -0.00143094
2975 595600 -0.00143094
2976 595800 -0.00143094
2977 596000 -0.00143094
2978 596200 -0.00143094
2979 596400 -0.00143094
2980 596600 -0.00143094
2981 596800 -0.00143094
2982 597000 -0.00143094
2983 597200 -0.00143094
2984 597400 -0.00143094
2985 597600 -0.00143094
2986 597800 -0.00143094
2987 598000 -0.00143094
2988 598200 -0.00143094
2989 598400 -0.00143094
2990 598600 -0.00143094
2991 598800 -0.00143094
2992 599000 -0.00143094
2993 599200 -0.00143094
2994 599400 -0.00143094
2995 599600 -0.00143094
2996 599800 -0.00143094
2997 600000 -0.00143094
2998 600200 -0.00143094
2999 600400 -0.00143094
3000 600600 -0.00143094
3001 600800 -0.00143094
3002 601000 -0.00143094
3003 601200 -0.00143094
3004 601400 -0.00143094
3005 601600 -0.00143094
3006 601800 -0.00143094
3007 602000 -0.00143094
3008 602200 -0.00143094
3009 602400 -0.00143094
3010 602600 -0.00143094
3011 602800 -0.00143094
3012 603000 -0.00143094
3013 603200 -0.00143094
3014 603400 -0.00143094
3015 603600 -0.00143094
3016 603800 -0.00143094
3017 604000 -0.00143094
3018 604200 -0.00143094
3019 604400 -0.00143094
3020 604600 -0.00143094
3021 604800 -0.00143094
3022 605000 -0.00143094
3023 605200 -0.00143094
3024 605400 -0.00143094
3025 605600 -0.00143094
3026 605800 -0.00143094
3027 606000 -0.00143094
3028 606200 -0.00143094
3029 606400 -0.00143094
3030 606600 -0.00143094
3031 606800 -0.00143094
3032 607000 -0.00143094
3033 607200 -0.00143094
3034 607400 -0.00143094
3035 607600 -0.00143094
3036 607800 -0.00143094
3037 608000 -0.00143094
3038 608200 -0.00143094
3039 608400 -0.00143094
3040 608600 -0.00143094
3041 608800 -0.00143094
3042 609000 -0.00143094
3043 609200 -0.00143094
3044 609400 -0.00143094
3045 609600 -0.00143094
3046 609800 -0.00143094
3047 610000 -0.00143094
3048 610200 -0.00143094
3049 610400 -0.00143094
3050 610600 -0.00143094
3051 610800 -0.00143094
3052 611000 -0.00143094
3053 611200 -0.00143094
3054 611400 -0.00143094
3055 611600 -0.00143094
3056 611800 -0.00143094
3057 612000 -0.00143094
3058 612200 -0.00143094
3059 612400 -0.00143094
3060 612600 -0.00143094
3061 612800 -0.00143094
3062 613000 -0.00143094
3063 613200 -0.00143094
3064 613400 -0.00143094
3065 613600 -0.00143094
3066 613800 -0.00143094
3067 614000 -0.00143094
3068 614200 -0.00143094
3069 614400 -0.00143094
3070 614600 -0.00143094
3071 614800 -0.00143094
3072 615000 -0.00143094
3073 615200 -0.00143094
3074 615400 -0.00143094
3075 615600 -0.00143094
3076 615800 -0.00143094
3077 616000 -0.00143094
3078 616200 -0.00143094
3079 616400 -0.00143094
3080 616600 -0.00143094
3081 616800 -0.00143094
3082 617000 -0.00143094
3083 617200 -0.00143094
3084 617400 -0.00143094
3085 617600 -0.00143094
3086 617800 -0.00143094
3087 618000 -0.00143094
3088 618200 -0.00143094
3089 618400 -0.00143094
3090 618600 -0.00143094
3091 618800 -0.00143094
3092 619000 -0.00143094
3093 619200 -0.00143094
3094 619400 -0.00143094
3095 619600 -0.00143094
3096 619800 -0.00143094
3097 620000 -0.00143094
3098 620200 -0.00143094
3099 620400 -0.00143094
3100 620600 -0.00143094
3101 620800 -0.00143094
3102 621000 -0.00143094
3103 621200 -0.00143094
3104 621400 -0.00143094
3105 621600 -0.00143094
3106 621800 -0.00143094
3107 622000 -0.00143094
3108 622200 -0.00143094
3109 622400 -0.00143094
3110 622600 -0.00143094
3111 622800 -0.00143094
3112 623000 -0.00143094
3113 623200 -0.00143094
3114 623400 -0.00143094
3115 623600 -0.00143094
3116 623800 -0.00143094
3117 624000 -0.00143094
3118 624200 -0.00143094
3119 624400 -0.00143094
3120 624600 -0.00143094
3121 624800 -0.00143094
3122 625000 -0.00143094
3123 625200 -0.00143094
3124 625400 -0.00143094
3125 625600 -0.00143094
3126 625800 -0.00143094
3127 626000 -0.00143094
3128 626200 -0.00143094
3129 626400 -0.00143094
3130 626600 -0.00143094
3131 626800 -0.00143094
3132 627000 -0.00143094
3133 627200 -0.00143094
3134 627400 -0.00143094
3135 627600 -0.00143094
3136 627800 -0.00143094
3137 628000 -0.00143094
3138 628200 -0.00143094
3139 628400 -0.00143094
3140 628600 -0.00143094
3141 628800 -0.00143094
3142 629000 -0.00143094
3143 629200 -0.00143094
3144 629400 -0.00143094
3145 629600 -0.00143094
3146 629800 -0.00143094
3147 630000 -0.00143094
3148 630200 -0.00143094
3149 630400 -0.00143094
3150 630600 -0.00143094
3151 630800 -0.00143094
3152 631000 -0.00143094
3153 631200 -0.00143094
3154 631400 -0.00143094
3155 631600 -0.00143094
3156 631800 -0.00143094
3157 632000 -0.00143094
3158 632200 -0.00143094
3159 632400 -0.00143094
3160 632600 -0.00143094
3161 632800 -0.00143094
3162 633000 -0.00143094
3163 633200 -0.00143094
3164 633400 -0.00143094
3165 633600 -0.00143094
3166 633800 -0.00143094
3167 634000 -0.00143094
3168 634200 -0.00143094
3169 634400 -0.00143094
3170 634600 -0.00143094
3171 634800 -0.00143094
3172 635000 -0.00143094
3173 635200 -0.00143094
3174 635400 -0.00143094
3175 635600 -0.00143094
3176 635800 -0.00143094
3177 636000 -0.00143094
3178 636200 -0.00143094
3179 636400 -0.00143094
3180 636600 -0.00143094
3181 636800 -0.00143094
3182 637000 -0.00143094
3183 637200 -0.00143094
3184 637400 -0.00143094
3185 637600 -0.00143094
3186 637800 -0.00143094
3187 638000 -0.00143094
3188 638200 -0.00143094
3189 638400 -0.00143094
3190 638600 -0.00143094
3191 638800 -0.00143094
3192 639000 -0.00143094
3193 639200 -0.00143094
3194 639400 -0.00143094
3195 639600 -0.00143094
3196 639800 -0.00143094
3197 640000 -0.00143094
3198 640200 -0.00143094
3199 640400 -0.00143094
3200 640600 -0.00143094
3201 640800 -0.00143094
3202 641000 -0.00143094
3203 641200 -0.00143094
3204 641400 -0.00143094
3205 641600 -0.00143094
3206 641800 -0.00143094
3207 642000 -0.00143094
3208 642200 -0.00143094
3209 642400 -0.00143094
3210 642600 -0.00143094
3211 642800 -0.00143094
3212 643000 -0.00143094
3213 643200 -0.00143094
3214 643400 -0.00143094
3215 643600 -0.00143094
3216 643800 -0.00143094
3217 644000 -0.00143094
3218 644200 -0.00143094
3219 644400 -0.00143094
3220 644600 -0.00143094
3221 644800 -0.00143094
3222 645000 -0.00143094
3223 645200 -0.00143094
3224 645400 -0.00143094
3225 645600 -0.00143094
3226 645800 -0.00143094
3227 646000 -0.00143094
3228 646200 -0.00143094
3229 646400 -0.00143094
3230 646600 -0.00143094
3231 646800 -0.00143094
3232 647000 -0.00143094
3233 647200 -0.00143094
3234 647400 -0.00143094
3235 647600 -0.00143094
3236 647800 -0.00143094
3237 648000 -0.00143094
3238 648200 -0.00143094
3239 648400 -0.00143094
3240 648600 -0.00143094
3241 648800 -0.00143094
3242 649000 -0.00143094
3243 649200 -0.00143094
3244 649400 -0.00143094
3245 649600 -0.00143094
3246 649800 -0.00143094
3247 650000 -0.00143094
3248 650200 -0.00143094
3249 650400 -0.00143094
3250 650600 -0.00143094
3251 650800 -0.00143094
3252 651000 -0.00143094
3253 651200 -0.00143094
3254 651400 -0.00143094
3255 651600 -0.00143094
3256 651800 -0.00143094
3257 652000 -0.00143094
3258 652200 -0.00143094
3259 652400 -0.00143094
3260 652600 -0.00143094
3261 652800 -0.00143094
3262 653000 -0.00143094
3263 653200 -0.00143094
3264 653400 -0.00143094
3265 653600 -0.00143094
3266 653800 -0.00143094
3267 654000 -0.00143094
3268 654200 -0.00143094
3269 654400 -0.00143094
3270 654600 -0.00143094
3271 654800 -0.00143094
3272 655000 -0.00143094
3273 655200 -0.00143094
3274 655400 -0.00143094
3275 655600 -0.00143094
3276 655800 -0.00143094
3277 656000 -0.00143094
3278 656200 -0.00143094
3279 656400 -0.00143094
3280 656600 -0.00143094
3281 656800 -0.00143094
3282 657000 -0.00143094
3283 657200 -0.00143094
3284 657400 -0.00143094
3285 657600 -0.00143094
3286 657800 -0.00143094
3287 658000 -0.00143094
3288 658200 -0.00143094
3289 658400 -0.00143094
3290 658600 -0.00143094
3291 658800 -0.00143094
3292 659000 -0.00143094
3293 659200 -0.00143094
3294 659400 -0.00143094
3295 659600 -0.00143094
3296 659800 -0.00143094
3297 660000 -0.00143094
3298 660200 -0.00143094
3299 660400 -0.00143094
3300 660600 -0.00143094
3301 660800 -0.00143094
3302 661000 -0.00143094
3303 661200 -0.00143094
3304 661400 -0.00143094
3305 661600 -0.00143094
3306 661800 -0.00143094
3307 662000 -0.00143094
3308 662200 -0.00143094
3309 662400 -0.00143094
3310 662600 -0.00143094
3311 662800 -0.00143094
3312 663000 -0.00143094
3313 663200 -0.00143094
3314 663400 -0.00143094
3315 663600 -0.00143094
3316 663800 -0.00143094
3317 664000 -0.00143094
3318 664200 -0.00143094
3319 664400 -0.00143094
3320 664600 -0.00143094
3321 664800 -0.00143094
3322 665000 -0.00143094
3323 665200 -0.00143094
3324 665400 -0.00143094
3325 665600 -0.00143094
3326 665800 -0.00143094
3327 666000 -0.00143094
3328 666200 -0.00143094
3329 666400 -0.00143094
3330 666600 -0.00143094
3331 666800 -0.00143094
3332 667000 -0.00143094
3333 667200 -0.00143094
3334 667400 -0.00143094
3335 667600 -0.00143094
3336 667800 -0.00143094
3337 668000 -0.00143094
3338 668200 -0.00143094
3339 668400 -0.00143094
3340 668600 -0.00143094
3341 668800 -0.00143094
3342 669000 -0.00143094
3343 669200 -0.00143094
3344 669400 -0.00143094
3345 669600 -0.00143094
3346 669800 -0.00143094
3347 670000 -0.00143094
3348 670200 -0.00143094
3349 670400 -0.00143094
3350 670600 -0.00143094
3351 670800 -0.00143094
3352 671000 -0.00143094
3353 671200 -0.00143094
3354 671400 -0.00143094
3355 671600 -0.00143094
3356 671800 -0.00143094
3357 672000 -0.00143094
3358 672200 -0.00143094
3359 672400 -0.00143094
3360 672600 -0.00143094
3361 672800 -0.00143094
3362 673000 -0.00143094
3363 673200 -0.00143094
3364 673400 -0.00143094
3365 673600 -0.00143094
3366 673800 -0.00143094
3367 674000 -0.00143094
3368 674200 -0.00143094
3369 674400 -0.00143094
3370 674600 -0.00143094
3371 674800 -0.00143094
3372 675000 -0.00143094
3373 675200 -0.00143094
3374 675400 -0.00143094
3375 675600 -0.00143094
3376 675800 -0.00143094
3377 676000 -0.00143094
3378 676200 -0.00143094
3379 676400 -0.00143094
3380 676600 -0.00143094
3381 676800 -0.00143094
3382 677000 -0.00143094
3383 677200 -0.00143094
3384 677400 -0.00143094
3385 677600 -0.00143094
3386 677800 -0.00143094
3387 678000 -0.00143094
3388 678200 -0.00143094
3389 678400 -0.00143094
3390 678600 -0.00143094
3391 678800 -0.00143094
3392 679000 -0.00143094
3393 679200 -0.00143094
3394 679400 -0.00143094
3395 679600 -0.00143094
3396 679800 -0.00143094
3397 680000 -0.00143094
3398 680200 -0.00143094
3399 680400 -0.00143094
3400 680600 -0.00143094
3401 680800 -0.00143094
3402 681000 -0.00143094
3403 681200 -0.00143094
3404 681400 -0.00143094
3405 681600 -0.00143094
3406 681800 -0.00143094
3407 682000 -0.00143094
3408 682200 -0.00143094
3409 682400 -0.00143094
3410 682600 -0.00143094
3411 682800 -0.00143094
3412 683000 -0.00143094
3413 683200 -0.00143094
3414 683400 -0.00143094
3415 683600 -0.00143094
3416 683800 -0.00143094
3417 684000 -0.00143094
3418 684200 -0.00143094
3419 684400 -0.00143094
3420 684600 -0.00143094
3421 684800 -0.00143094
3422 685000 -0.00143094
3423 685200 -0.00143094
3424 685400 -0.00143094
3425 685600 -0.00143094
3426 685800 -0.00143094
3427 686000 -0.00143094
3428 686200 -0.00143094
3429 686400 -0.00143094
3430 686600 -0.00143094
3431 686800 -0.00143094
3432 687000 -0.00143094
3433 687200 -0.00143094
3434 687400 -0.00143094
3435 687600 -0.00143094
3436 687800 -0.00143094
3437 688000 -0.00143094
3438 688200 -0.00143094
3439 688400 -0.00143094
3440 688600 -0.00143094
3441 688800 -0.00143094
3442 689000 -0.00143094
3443 689200 -0.00143094
3444 689400 -0.00143094
3445 689600 -0.00143094
3446 689800 -0.00143094
3447 690000 -0.00143094
3448 690200 -0.00143094
3449 690400 -0.00143094
3450 690600 -0.00143094
3451 690800 -0.00143094
3452 691000 -0.00143094
3453 691200 -0.00143094
3454 691400 -0.00143094
3455 691600 -0.00143094
3456 691800 -0.00143094
3457 692000 -0.00143094
3458 692200 -0.00143094
3459 692400 -0.00143094
3460 692600 -0.00143094
3461 692800 -0.00143094
3462 693000 -0.00143094
3463 693200 -0.00143094
3464 693400 -0.00143094
3465 693600 -0.00143094
3466 693800 -0.00143094
3467 694000 -0.00143094
3468 694200 -0.00143094
3469 694400 -0.00143094
3470 694600 -0.00143094
3471 694800 -0.00143094
3472 695000 -0.00143094
3473 695200 -0.00143094
3474 695400 -0.00143094
3475 695600 -0.00143094
3476 695800 -0.00143094
3477 696000 -0.00143094
3478 696200 -0.00143094
3479 696400 -0.00143094
3480 696600 -0.00143094
3481 696800 -0.00143094
3482 697000 -0.00143094
3483 697200 -0.00143094
3484 697400 -0.00143094
3485 697600 -0.00143094
3486 697800 -0.00143094
3487 698000 -0.00143094
3488 698200 -0.00143094
3489 698400 -0.00143094
3490 698600 -0.00143094
3491 698800 -0.00143094
3492 699000 -0.00143094
3493 699200 -0.00143094
3494 699400 -0.00143094
3495 699600 -0.00143094
3496 699800 -0.00143094
3497 700000 -0.00143094
3498 700200 -0.00143094
3499 700400 -0.00143094
3500 700600 -0.00143094
3501 700800 -0.00143094
3502 701000 -0.00143094
3503 701200 -0.00143094
3504 701400 -0.00143094
3505 701600 -0.00143094
3506 701800 -0.00143094
3507 702000 -0.00143094
3508 702200 -0.00143094
3509 702400 -0.00143094
3510 702600 -0.00143094
3511 702800 -0.00143094
3512 703000 -0.00143094
3513 703200 -0.00143094
3514 703400 -0.00143094
3515 703600 -0.00143094
3516 703800 -0.00143094
3517 704000 -0.00143094
3518 704200 -0.00143094
3519 704400 -0.00143094
3520 704600 -0.00143094
3521 704800 -0.00143094
3522 705000 -0.00143094
3523 705200 -0.00143094
3524 705400 -0.00143094
3525 705600 -0.00143094
3526 705800 -0.00143094
3527 706000 -0.00143094
3528 706200 -0.00143094
3529 706400 -0.00143094
3530 706600 -0.00143094
3531 706800 -0.00143094
3532 707000 -0.00143094
3533 707200 -0.00143094
3534 707400 -0.00143094
3535 707600 -0.00143094
3536 707800 -0.00143094
3537 708000 -0.00143094
3538 708200 -0.00143094
3539 708400 -0.00143094
3540 708600 -0.00143094
3541 708800 -0.00143094
3542 709000 -0.00143094
3543 709200 -0.00143094
3544 709400 -0.00143094
3545 709600 -0.00143094
3546 709800 -0.00143094
3547 710000 -0.00143094
3548 710200 -0.00143094
3549 710400 -0.00143094
3550 710600 -0.00143094
3551 710800 -0.00143094
3552 711000 -0.00143094
3553 711200 -0.00143094
3554 711400 -0.00143094
3555 711600 -0.00143094
3556 711800 -0.00143094
3557 712000 -0.00143094
3558 712200 -0.00143094
3559 712400 -0.00143094
3560 712600 -0.00143094
3561 712800 -0.00143094
3562 713000 -0.00143094
3563 713200 -0.00143094
3564 713400 -0.00143094
3565 713600 -0.00143094
3566 713800 -0.00143094
3567 714000 -0.00143094
3568 714200 -0.00143094
3569 714400 -0.00143094
3570 714600 -0.00143094
3571 714800 -0.00143094
3572 715000 -0.00143094
3573 715200 -0.00143094
3574 715400 -0.00143094
3575 715600 -0.00143094
3576 715800 -0.00143094
3577 716000 -0.00143094
3578 716200 -0.00143094
3579 716400 -0.00143094
3580 716600 -0.00143094
3581 716800 -0.00143094
3582 717000 -0.00143094
3583 717200 -0.00143094
3584 717400 -0.00143094
3585 717600 -0.00143094
3586 717800 -0.00143094
3587 718000 -0.00143094
3588 718200 -0.00143094
3589 718400 -0.00143094
3590 718600 -0.00143094
3591 718800 -0.00143094
3592 719000 -0.00143094
3593 719200 -0.00143094
3594 719400 -0.00143094
3595 719600 -0.00143094
3596 719800 -0.00143094
3597 720000 -0.00143094
3598 720200 -0.00143094
3599 720400 -0.00143094
3600 720600 -0.00143094
3601 720800 -0.00143094
3602 721000 -0.00143094
3603 721200 -0.00143094
3604 721400 -0.00143094
3605 721600 -0.00143094
3606 721800 -0.00143094
3607 722000 -0.00143094
3608 722200 -0.00143094
3609 722400 -0.00143094
3610 722600 -0.00143094
3611 722800 -0.00143094
3612 723000 -0.00143094
3613 723200 -0.00143094
3614 723400 -0.00143094
3615 723600 -0.00143094
3616 723800 -0.00143094
3617 724000 -0.00143094
3618 724200 -0.00143094
3619 724400 -0.00143094
3620 724600 -0.00143094
3621 724800 -0.00143094
3622 725000 -0.00143094
3623 725200 -0.00143094
3624 725400 -0.00143094
3625 725600 -0.00143094
3626 725800 -0.00143094
3627 726000 -0.00143094
3628 726200 -0.00143094
3629 726400 -0.00143094
3630 726600 -0.00143094
3631 726800 -0.00143094
3632 727000 -0.00143094
3633 727200 -0.00143094
3634 727400 -0.00143094
3635 727600 -0.00143094
3636 727800 -0.00143094
3637 728000 -0.00143094
3638 728200 -0.00143094
3639 728400 -0.00143094
3640 728600 -0.00143094
3641 728800 -0.00143094
3642 729000 -0.00143094
3643 729200 -0.00143094
3644 729400 -0.00143094
3645 729600 -0.00143094
3646 729800 -0.00143094
3647 730000 -0.00143094
3648 730200 -0.00143094
3649 730400 -0.00143094
3650 730600 -0.00143094
3651 730800 -0.00143094
3652 731000 -0.00143094
3653 731200 -0.00143094
3654 731400 -0.00143094
3655 731600 -0.00143094
3656 731800 -0.00143094
3657 732000 -0.00143094
3658 732200 -0.00143094
3659 732400 -0.00143094
3660 732600 -0.00143094
3661 732800 -0.00143094
3662 733000 -0.00143094
3663 733200 -0.00143094
3664 733400 -0.00143094
3665 733600 -0.00143094
3666 733800 -0.00143094
3667 734000 -0.00143094
3668 734200 -0.00143094
3669 734400 -0.00143094
3670 734600 -0.00143094
3671 734800 -0.00143094
3672 735000 -0.00143094
3673 735200 -0.00143094
3674 735400 -0.00143094
3675 735600 -0.00143094
3676 735800 -0.00143094
3677 736000 -0.00143094
3678 736200 -0.00143094
3679 736400 -0.00143094
3680 736600 -0.00143094
3681 736800 -0.00143094
3682 737000 -0.00143094
3683 737200 -0.00143094
3684 737400 -0.00143094
3685 737600 -0.00143094
3686 737800 -0.00143094
3687 738000 -0.00143094
3688 738200 -0.00143094
3689 738400 -0.00143094
3690 738600 -0.00143094
3691 738800 -0.00143094
3692 739000 -0.00143094
3693 739200 -0.00143094
3694 739400 -0.00143094
3695 739600 -0.00143094
3696 739800 -0.00143094
3697 740000 -0.00143094
3698 740200 -0.00143094
3699 740400 -0.00143094
3700 740600 -0.00143094
3701 740800 -0.00143094
3702 741000 -0.00143094
3703 741200 -0.00143094
3704 741400 -0.00143094
3705 741600 -0.00143094
3706 741800 -0.00143094
3707 742000 -0.00143094
3708 742200 -0.00143094
3709 742400 -0.00143094
3710 742600 -0.00143094
3711 742800 -0.00143094
3712 743000 -0.00143094
3713 743200 -0.00143094
3714 743400 -0.00143094
3715 743600 -0.00143094
3716 743800 -0.00143094
3717 744000 -0.00143094
3718 744200 -0.00143094
3719 744400 -0.00143094
3720 744600 -0.00143094
3721 744800 -0.00143094
3722 745000 -0.00143094
3723 745200 -0.00143094
3724 745400 -0.00143094
3725 745600 -0.00143094
3726 745800 -0.00143094
3727 746000 -0.00143094
3728 746200 -0.00143094
3729 746400 -0.00143094
3730 746600 -0.00143094
3731 746800 -0.00143094
3732 747000 -0.00143094
3733 747200 -0.00143094
3734 747400 -0.00143094
3735 747600 -0.00143094
3736 747800 -0.00143094
3737 748000 -0.00143094
3738 748200 -0.00143094
3739 748400 -0.00143094
3740 748600 -0.00143094
3741 748800 -0.00143094
3742 749000 -0.00143094
3743 749200 -0.00143094
3744 749400 -0.00143094
3745 749600 -0.00143094
3746 749800 -0.00143094
3747 750000 -0.00143094
3748 750200 -0.00143094
3749 750400 -0.00143094
3750 750600 -0.00143094
3751 750800 -0.00143094
3752 751000 -0.00143094
3753 751200 -0.00143094
3754 751400 -0.00143094
3755 751600 -0.00143094
3756 751800 -0.00143094
3757 752000 -0.00143094
3758 752200 -0.00143094
3759 752400 -0.00143094
3760 752600 -0.00143094
3761 752800 -0.00143094
3762 753000 -0.00143094
3763 753200 -0.00143094
3764 753400 -0.00143094
3765 753600 -0.00143094
3766 753800 -0.00143094
3767 754000 -0.00143094
3768 754200 -0.00143094
3769 754400 -0.00143094
3770 754600 -0.00143094
3771 754800 -0.00143094
3772 755000 -0.00143094
3773 755200 -0.00143094
3774 755400 -0.00143094
3775 755600 -0.00143094
3776 755800 -0.00143094
3777 756000 -0.00143094
3778 756200 -0.00143094
3779 756400 -0.00143094
3780 756600 -0.00143094
3781 756800 -0.00143094
3782 757000 -0.00143094
3783 757200 -0.00143094
3784 757400 -0.00143094
3785 757600 -0.00143094
3786 757800 -0.00143094
3787 758000 -0.00143094
3788 758200 -0.00143094
3789 758400 -0.00143094
3790 758600 -0.00143094
3791 758800 -0.00143094
3792 759000 -0.00143094
3793 759200 -0.00143094
3794 759400 -0.00143094
3795 759600 -0.00143094
3796 759800 -0.00143094
3797 760000 -0.00143094
3798 760200 -0.00143094
3799 760400 -0.00143094
3800 760600 -0.00143094
3801 760800 -0.00143094
3802 761000 -0.00143094
3803 761200 -0.00143094
3804 761400 -0.00143094
3805 761600 -0.00143094
3806 761800 -0.00143094
3807 762000 -0.00143094
3808 762200 -0.00143094
3809 762400 -0.00143094
3810 762600 -0.00143094
3811 762800 -0.00143094
3812 763000 -0.00143094
3813 763200 -0.00143094
3814 763400 -0.00143094
3815 763600 -0.00143094
3816 763800 -0.00143094
3817 764000 -0.00143094
3818 764200 -0.00143094
3819 764400 -0.00143094
3820 764600 -0.00143094
3821 764800 -0.00143094
3822 765000 -0.00143094
3823 765200 -0.00143094
3824 765400 -0.00143094
3825 765600 -0.00143094
3826 765800 -0.00143094
3827 766000 -0.00143094
3828 766200 -0.00143094
3829 766400 -0.00143094
3830 766600 -0.00143094
3831 766800 -0.00143094
3832 767000 -0.00143094
3833 767200 -0.00143094
3834 767400 -0.00143094
3835 767600 -0.00143094
3836 767800 -0.00143094
3837 768000 -0.00143094
3838 768200 -0.00143094
3839 768400 -0.00143094
3840 768600 -0.00143094
3841 768800 -0.00143094
3842 769000 -0.00143094
3843 769200 -0.00143094
3844 769400 -0.00143094
3845 769600 -0.00143094
3846 769800 -0.00143094
3847 770000 -0.00143094
3848 770200 -0.00143094
3849 770400 -0.00143094
3850 770600 -0.00143094
3851 770800 -0.00143094
3852 771000 -0.00143094
3853 771200 -0.00143094
3854 771400 -0.00143094
3855 771600 -0.00143094
3856 771800 -0.00143094
3857 772000 -0.00143094
3858 772200 -0.00143094
3859 772400 -0.00143094
3860 772600 -0.00143094
3861 772800 -0.00143094
3862 773000 -0.00143094
3863 773200 -0.00143094
3864 773400 -0.00143094
3865 773600 -0.00143094
3866 773800 -0.00143094
3867 774000 -0.00143094
3868 774200 -0.00143094
3869 774400 -0.00143094
3870 774600 -0.00143094
3871 774800 -0.00143094
3872 775000 -0.00143094
3873 775200 -0.00143094
3874 775400 -0.00143094
3875 775600 -0.00143094
3876 775800 -0.00143094
3877 776000 -0.00143094
3878 776200 -0.00143094
3879 776400 -0.00143094
3880 776600 -0.00143094
3881 776800 -0.00143094
3882 777000 -0.00143094
3883 777200 -0.00143094
3884 777400 -0.00143094
3885 777600 -0.00143094
3886 777800 -0.00143094
3887 778000 -0.00143094
3888 778200 -0.00143094
3889 778400 -0.00143094
3890 778600 -0.00143094
3891 778800 -0.00143094
3892 779000 -0.00143094
3893 779200 -0.00143094
3894 779400 -0.00143094
3895 779600 -0.00143094
3896 779800 -0.00143094
3897 780000 -0.00143094
3898 780200 -0.00143094
3899 780400 -0.00143094
3900 780600 -0.00143094
3901 780800 -0.00143094
3902 781000 -0.00143094
3903 781200 -0.00143094
3904 781400 -0.00143094
3905 781600 -0.00143094
3906 781800 -0.00143094
3907 782000 -0.00143094
3908 782200 -0.00143094
3909 782400 -0.00143094
3910 782600 -0.00143094
3911 782800 -0.00143094
3912 783000 -0.00143094
3913 783200 -0.00143094
3914 783400 -0.00143094
3915 783600 -0.00143094
3916 783800 -0.00143094
3917 784000 -0.00143094
3918 784200 -0.00143094
3919 784400 -0.00143094
3920 784600 -0.00143094
3921 784800 -0.00143094
3922 785000 -0.00143094
3923 785200 -0.00143094
3924 785400 -0.00143094
3925 785600 -0.00143094
3926 785800 -0.00143094
3927 786000 -0.00143094
3928 786200 -0.00143094
3929 786400 -0.00143094
