0.00538576
-0.081607
0.0307838
-0.0168001
0.0402381
0.0820642
0.0524396
-0.0475094
-0.0905071
0.0472164
-0.0343532
0.0265277
0.0512821
0.0982075
-0.0269323
-0.0505922
0.0965101
0.0445321
0.0506712
0.0303037
-0.0854628
0.0263269
0.0769414
-0.045458
-0.0127177
0.053299
-0.00445365
-0.0524451
-0.0450186
-0.028147
-0.0666986
-0.00269652
0.0795313
0.0818416
-0.0878871
0.0809306
0.000904579
0.00325839
-0.0361934
0.0973284
-0.00120466
-0.0467711
-0.0818534
0.0895528
-0.0852502
0.000141419
-0.0231716
-0.0445836
0.0827635
0.00594948
-0.00711084
0.088196
-0.0899832
0.0523029
0.0540409
0.0655635
-0.0749269
-0.0968265
0.0376911
0.0736494
0.0259087
0.0472449
0.0450824
0.0998916
0.0777144
-0.053361
-0.0387356
-0.029797
0.00265474
0.0182227
0.0691963
-0.0175838
0.0683021
-0.0461365
-0.0169211
0.0074608
-0.00641653
-0.0425575
-0.0643345
-0.069256
0.014331
0.0604811
-0.0933892
0.00688997
-0.000303976
0.0910722
0.0496585
0.0109168
0.0781475
0.0249699
0.0684079
-0.0680465
-0.0574497
0.042942
-0.0739145
-0.0818019
-0.0450824
-0.0994001
-0.0171413
-0.0946247
