0 60 -1.81509
1 80 -1.81509
2 100 -1.78886
3 120 -1.68217
4 140 -0.383717
5 160 -0.383717
6 180 -0.383717
7 200 -0.383717
8 220 -0.383717
9 240 -0.383717
10 260 -0.383717
11 280 -0.383717
12 300 -0.383717
13 320 -0.383717
14 340 -0.383717
15 360 -0.383717
16 380 -0.383717
17 400 -0.383717
18 420 -0.383717
19 440 -0.383717
20 460 -0.383717
21 480 -0.383717
22 500 -0.383717
23 520 -0.383717
24 540 -0.383717
25 560 -0.383717
26 580 -0.383717
27 600 -0.383717
28 620 -0.383717
29 640 -0.383717
30 660 -0.383717
31 680 -0.3822
32 700 -0.3822
33 720 -0.3822
34 740 -0.3822
35 760 -0.3822
36 780 -0.3822
37 800 -0.3822
38 820 -0.3822
39 840 -0.3822
40 860 -0.3822
41 880 -0.3822
42 900 -0.3822
43 920 -0.3822
44 940 -0.3822
45 960 -0.3822
46 980 -0.3822
47 1000 -0.3822
48 1020 -0.3822
49 1040 -0.3822
50 1060 -0.3822
51 1080 -0.3822
52 1100 -0.3822
53 1120 -0.3822
54 1140 -0.3822
55 1160 -0.298833
56 1180 -0.298833
57 1200 -0.298833
58 1220 -0.298833
59 1240 -0.298833
60 1260 -0.272055
61 1280 -0.272055
62 1300 -0.272055
63 1320 -0.272055
64 1340 -0.272055
65 1360 -0.272055
66 1380 -0.272055
67 1400 -0.272055
68 1420 -0.272055
69 1440 -0.272055
70 1460 -0.272055
71 1480 -0.272055
72 1500 -0.272055
73 1520 -0.272055
74 1540 -0.272055
75 1560 -0.272055
76 1580 -0.272055
77 1600 -0.272055
78 1620 -0.272055
79 1640 -0.272055
80 1660 -0.272055
81 1680 -0.272055
82 1700 -0.272055
83 1720 -0.272055
84 1740 -0.272055
85 1760 -0.272055
86 1780 -0.272055
87 1800 -0.272055
88 1820 -0.272055
89 1840 -0.272055
90 1860 -0.272055
91 1880 -0.272055
92 1900 -0.272055
93 1920 -0.272055
94 1940 -0.272055
95 1960 -0.272055
96 1980 -0.272055
97 2000 -0.272055
98 2020 -0.272055
99 2040 -0.272055
100 2060 -0.272055
101 2080 -0.272055
102 2100 -0.272055
103 2120 -0.272055
104 2140 -0.272055
105 2160 -0.272055
106 2180 -0.272055
107 2200 -0.272055
108 2220 -0.272055
109 2240 -0.244078
110 2260 -0.244078
111 2280 -0.244078
112 2300 -0.244078
113 2320 -0.244078
114 2340 -0.244078
115 2360 -0.244078
116 2380 -0.244078
117 2400 -0.244078
118 2420 -0.193429
119 2440 -0.193429
120 2460 -0.193429
121 2480 -0.193429
122 2500 -0.193429
123 2520 -0.193429
124 2540 -0.193429
125 2560 -0.193429
126 2580 -0.193429
127 2600 -0.193429
128 2620 -0.193429
129 2640 -0.193429
130 2660 -0.193429
131 2680 -0.193429
132 2700 -0.193429
133 2720 -0.193429
134 2740 -0.193429
135 2760 -0.193429
136 2780 -0.193429
137 2800 -0.193429
138 2820 -0.193429
139 2840 -0.193429
140 2860 -0.193429
141 2880 -0.193429
142 2900 -0.193429
143 2920 -0.193429
144 2940 -0.193429
145 2960 -0.193429
146 2980 -0.193429
147 3000 -0.193429
148 3020 -0.193429
149 3040 -0.193429
150 3060 -0.193429
151 3080 -0.193429
152 3100 -0.193429
153 3120 -0.193429
154 3140 -0.193429
155 3160 -0.193429
156 3180 -0.193429
157 3200 -0.193429
158 3220 -0.193429
159 3240 -0.193429
160 3260 -0.193429
161 3280 -0.193429
162 3300 -0.193429
163 3320 -0.193429
164 3340 -0.193429
165 3360 -0.193429
166 3380 -0.193429
167 3400 -0.193429
168 3420 -0.193429
169 3440 -0.193429
170 3460 -0.193429
171 3480 -0.193429
172 3500 -0.193429
173 3520 -0.193429
174 3540 -0.193429
175 3560 -0.193429
176 3580 -0.193429
177 3600 -0.193429
178 3620 -0.193429
179 3640 -0.193429
180 3660 -0.193429
181 3680 -0.193429
182 3700 -0.193429
183 3720 -0.193429
184 3740 -0.193429
185 3760 -0.193429
186 3780 -0.193429
187 3800 -0.193429
188 3820 -0.193429
189 3840 -0.193429
190 3860 -0.193429
191 3880 -0.193429
192 3900 -0.193429
193 3920 -0.193429
194 3940 -0.193429
195 3960 -0.193429
196 3980 -0.193429
197 4000 -0.193429
198 4020 -0.193429
199 4040 -0.193429
200 4060 -0.193429
201 4080 -0.193429
202 4100 -0.193429
203 4120 -0.193429
204 4140 -0.193429
205 4160 -0.193429
206 4180 -0.193429
207 4200 -0.193429
208 4220 -0.193429
209 4240 -0.193429
210 4260 -0.193429
211 4280 -0.193429
212 4300 -0.193429
213 4320 -0.193429
214 4340 -0.193429
215 4360 -0.193429
216 4380 -0.193429
217 4400 -0.193429
218 4420 -0.193429
219 4440 -0.193429
220 4460 -0.193429
221 4480 -0.193429
222 4500 -0.193429
223 4520 -0.193429
224 4540 -0.193429
225 4560 -0.193429
226 4580 -0.193429
227 4600 -0.193429
228 4620 -0.193429
229 4640 -0.193429
230 4660 -0.193429
231 4680 -0.193429
232 4700 -0.193429
233 4720 -0.193429
234 4740 -0.193429
235 4760 -0.193429
236 4780 -0.193429
237 4800 -0.193429
238 4820 -0.193429
239 4840 -0.193429
240 4860 -0.193429
241 4880 -0.193429
242 4900 -0.193429
243 4920 -0.193429
244 4940 -0.193429
245 4960 -0.193429
246 4980 -0.193429
247 5000 -0.193429
248 5020 -0.193429
249 5040 -0.193429
250 5060 -0.193429
251 5080 -0.193429
252 5100 -0.193429
253 5120 -0.193429
254 5140 -0.193429
255 5160 -0.193429
256 5180 -0.193429
257 5200 -0.193429
258 5220 -0.193429
259 5240 -0.193429
260 5260 -0.193429
261 5280 -0.193429
262 5300 -0.193429
263 5320 -0.193429
264 5340 -0.193429
265 5360 -0.193429
266 5380 -0.193429
267 5400 -0.193429
268 5420 -0.193429
269 5440 -0.193429
270 5460 -0.193429
271 5480 -0.193429
272 5500 -0.193429
273 5520 -0.193429
274 5540 -0.193429
275 5560 -0.193429
276 5580 -0.193429
277 5600 -0.193429
278 5620 -0.193429
279 5640 -0.193429
280 5660 -0.193429
281 5680 -0.193429
282 5700 -0.193429
283 5720 -0.193429
284 5740 -0.193429
285 5760 -0.193429
286 5780 -0.193429
287 5800 -0.193429
288 5820 -0.193429
289 5840 -0.193429
290 5860 -0.193429
291 5880 -0.193429
292 5900 -0.193429
293 5920 -0.193429
294 5940 -0.193429
295 5960 -0.193429
296 5980 -0.193429
297 6000 -0.193429
298 6020 -0.193429
299 6040 -0.193429
300 6060 -0.193429
301 6080 -0.193429
302 6100 -0.193429
303 6120 -0.193429
304 6140 -0.193429
305 6160 -0.193429
306 6180 -0.193429
307 6200 -0.193429
308 6220 -0.193429
309 6240 -0.193429
310 6260 -0.193429
311 6280 -0.193429
312 6300 -0.193429
313 6320 -0.193429
314 6340 -0.193429
315 6360 -0.193429
316 6380 -0.193429
317 6400 -0.193429
318 6420 -0.193429
319 6440 -0.193429
320 6460 -0.193429
321 6480 -0.193429
322 6500 -0.193429
323 6520 -0.193429
324 6540 -0.193429
325 6560 -0.193429
326 6580 -0.193429
327 6600 -0.193429
328 6620 -0.193429
329 6640 -0.193429
330 6660 -0.193429
331 6680 -0.193429
332 6700 -0.193429
333 6720 -0.193429
334 6740 -0.193429
335 6760 -0.193429
336 6780 -0.193429
337 6800 -0.193429
338 6820 -0.193429
339 6840 -0.193429
340 6860 -0.193429
341 6880 -0.193429
342 6900 -0.193429
343 6920 -0.193429
344 6940 -0.193429
345 6960 -0.193429
346 6980 -0.193429
347 7000 -0.193429
348 7020 -0.193429
349 7040 -0.193429
350 7060 -0.193429
351 7080 -0.193429
352 7100 -0.193429
353 7120 -0.193429
354 7140 -0.193429
355 7160 -0.193429
356 7180 -0.193429
357 7200 -0.193429
358 7220 -0.193429
359 7240 -0.193429
360 7260 -0.193429
361 7280 -0.193429
362 7300 -0.193429
363 7320 -0.193429
364 7340 -0.193429
365 7360 -0.193429
366 7380 -0.193429
367 7400 -0.193429
368 7420 -0.193429
369 7440 -0.193429
370 7460 -0.193429
371 7480 -0.193429
372 7500 -0.193429
373 7520 -0.193429
374 7540 -0.193429
375 7560 -0.193429
376 7580 -0.193429
377 7600 -0.193429
378 7620 -0.193429
379 7640 -0.193429
380 7660 -0.193429
381 7680 -0.193429
382 7700 -0.193429
383 7720 -0.193429
384 7740 -0.193429
385 7760 -0.193429
386 7780 -0.193429
387 7800 -0.193429
388 7820 -0.193429
389 7840 -0.193429
390 7860 -0.193429
391 7880 -0.193429
392 7900 -0.193429
393 7920 -0.193429
394 7940 -0.193429
395 7960 -0.193429
396 7980 -0.193429
397 8000 -0.193429
398 8020 -0.193429
399 8040 -0.193429
400 8060 -0.193429
401 8080 -0.193429
402 8100 -0.193429
403 8120 -0.193429
404 8140 -0.193429
405 8160 -0.193429
406 8180 -0.193429
407 8200 -0.193429
408 8220 -0.193429
409 8240 -0.193429
410 8260 -0.193429
411 8280 -0.193429
412 8300 -0.193429
413 8320 -0.193429
414 8340 -0.193429
415 8360 -0.193429
416 8380 -0.193429
417 8400 -0.193429
418 8420 -0.193429
419 8440 -0.193429
420 8460 -0.193429
421 8480 -0.193429
422 8500 -0.193429
423 8520 -0.193429
424 8540 -0.193429
425 8560 -0.193429
426 8580 -0.193429
427 8600 -0.193429
428 8620 -0.193429
429 8640 -0.193429
430 8660 -0.193429
431 8680 -0.193429
432 8700 -0.193429
433 8720 -0.193429
434 8740 -0.193429
435 8760 -0.193429
436 8780 -0.193429
437 8800 -0.193429
438 8820 -0.193429
439 8840 -0.193429
440 8860 -0.193429
441 8880 -0.193429
442 8900 -0.193429
443 8920 -0.193429
444 8940 -0.193429
445 8960 -0.193429
446 8980 -0.193429
447 9000 -0.193429
448 9020 -0.193429
449 9040 -0.193429
450 9060 -0.193429
451 9080 -0.193429
452 9100 -0.193429
453 9120 -0.193429
454 9140 -0.193429
455 9160 -0.193429
456 9180 -0.193429
457 9200 -0.193429
458 9220 -0.193429
459 9240 -0.193429
460 9260 -0.193429
461 9280 -0.193429
462 9300 -0.193429
463 9320 -0.193429
464 9340 -0.193429
465 9360 -0.193429
466 9380 -0.193429
467 9400 -0.193429
468 9420 -0.193429
469 9440 -0.193429
470 9460 -0.193429
471 9480 -0.193429
472 9500 -0.193429
473 9520 -0.193429
474 9540 -0.193429
475 9560 -0.193429
476 9580 -0.193429
477 9600 -0.193429
478 9620 -0.193429
479 9640 -0.193429
480 9660 -0.193429
481 9680 -0.193429
482 9700 -0.193429
483 9720 -0.193429
484 9740 -0.193429
485 9760 -0.193429
486 9780 -0.193429
487 9800 -0.193429
488 9820 -0.193429
489 9840 -0.193429
490 9860 -0.193429
491 9880 -0.193429
492 9900 -0.193429
493 9920 -0.193429
494 9940 -0.193429
495 9960 -0.193429
496 9980 -0.193429
497 10000 -0.193429
498 10020 -0.193429
499 10040 -0.193429
500 10060 -0.193429
501 10080 -0.193429
502 10100 -0.193429
503 10120 -0.193429
504 10140 -0.193429
505 10160 -0.193429
506 10180 -0.193429
507 10200 -0.193429
508 10220 -0.193429
509 10240 -0.193429
510 10260 -0.193429
511 10280 -0.193429
512 10300 -0.193429
513 10320 -0.193429
514 10340 -0.193429
515 10360 -0.193429
516 10380 -0.193429
517 10400 -0.193429
518 10420 -0.193429
519 10440 -0.193429
520 10460 -0.193429
521 10480 -0.193429
522 10500 -0.193429
523 10520 -0.193429
524 10540 -0.193429
525 10560 -0.193429
526 10580 -0.193429
527 10600 -0.193429
528 10620 -0.193429
529 10640 -0.193429
530 10660 -0.193429
531 10680 -0.193429
532 10700 -0.193429
533 10720 -0.193429
534 10740 -0.193429
535 10760 -0.193429
536 10780 -0.193429
537 10800 -0.193429
538 10820 -0.193429
539 10840 -0.193429
540 10860 -0.193429
541 10880 -0.193429
542 10900 -0.193429
543 10920 -0.193429
544 10940 -0.193429
545 10960 -0.193429
546 10980 -0.193429
547 11000 -0.193429
548 11020 -0.193429
549 11040 -0.193429
550 11060 -0.193429
551 11080 -0.193429
552 11100 -0.193429
553 11120 -0.193429
554 11140 -0.193429
555 11160 -0.193429
556 11180 -0.193429
557 11200 -0.193429
558 11220 -0.193429
559 11240 -0.193429
560 11260 -0.193429
561 11280 -0.193429
562 11300 -0.193429
563 11320 -0.193429
564 11340 -0.193429
565 11360 -0.193429
566 11380 -0.193429
567 11400 -0.193429
568 11420 -0.193429
569 11440 -0.193429
570 11460 -0.193429
571 11480 -0.193429
572 11500 -0.193429
573 11520 -0.193429
574 11540 -0.193429
575 11560 -0.193429
576 11580 -0.193429
577 11600 -0.193429
578 11620 -0.193429
579 11640 -0.193429
580 11660 -0.193429
581 11680 -0.193429
582 11700 -0.193429
583 11720 -0.193429
584 11740 -0.193429
585 11760 -0.193429
586 11780 -0.193429
587 11800 -0.193429
588 11820 -0.193429
589 11840 -0.193429
590 11860 -0.193429
591 11880 -0.193429
592 11900 -0.193429
593 11920 -0.193429
594 11940 -0.193429
595 11960 -0.193429
596 11980 -0.193429
597 12000 -0.193429
598 12020 -0.193429
599 12040 -0.193429
600 12060 -0.193429
601 12080 -0.193429
602 12100 -0.193429
603 12120 -0.193429
604 12140 -0.193429
605 12160 -0.193429
606 12180 -0.193429
607 12200 -0.193429
608 12220 -0.193429
609 12240 -0.193429
610 12260 -0.193429
611 12280 -0.193429
612 12300 -0.193429
613 12320 -0.193429
614 12340 -0.193429
615 12360 -0.193429
616 12380 -0.193429
617 12400 -0.193429
618 12420 -0.193429
619 12440 -0.193429
620 12460 -0.193429
621 12480 -0.193429
622 12500 -0.193429
623 12520 -0.193429
624 12540 -0.193429
625 12560 -0.193429
626 12580 -0.193429
627 12600 -0.193429
628 12620 -0.193429
629 12640 -0.193429
630 12660 -0.193429
631 12680 -0.193429
632 12700 -0.193429
633 12720 -0.193429
634 12740 -0.193429
635 12760 -0.193429
636 12780 -0.193429
637 12800 -0.193429
638 12820 -0.193429
639 12840 -0.193429
640 12860 -0.193429
641 12880 -0.193429
642 12900 -0.193429
643 12920 -0.193429
644 12940 -0.193429
645 12960 -0.193429
646 12980 -0.193429
647 13000 -0.190025
648 13020 -0.190025
649 13040 -0.190025
650 13060 -0.190025
651 13080 -0.190025
652 13100 -0.190025
653 13120 -0.190025
654 13140 -0.190025
655 13160 -0.190025
656 13180 -0.190025
657 13200 -0.190025
658 13220 -0.190025
659 13240 -0.190025
660 13260 -0.190025
661 13280 -0.190025
662 13300 -0.190025
663 13320 -0.190025
664 13340 -0.190025
665 13360 -0.190025
666 13380 -0.190025
667 13400 -0.190025
668 13420 -0.190025
669 13440 -0.190025
670 13460 -0.190025
671 13480 -0.190025
672 13500 -0.190025
673 13520 -0.190025
674 13540 -0.190025
675 13560 -0.190025
676 13580 -0.190025
677 13600 -0.190025
678 13620 -0.190025
679 13640 -0.190025
680 13660 -0.190025
681 13680 -0.190025
682 13700 -0.190025
683 13720 -0.190025
684 13740 -0.190025
685 13760 -0.190025
686 13780 -0.190025
687 13800 -0.190025
688 13820 -0.190025
689 13840 -0.190025
690 13860 -0.190025
691 13880 -0.190025
692 13900 -0.190025
693 13920 -0.190025
694 13940 -0.190025
695 13960 -0.190025
696 13980 -0.190025
697 14000 -0.190025
698 14020 -0.190025
699 14040 -0.190025
700 14060 -0.190025
701 14080 -0.190025
702 14100 -0.190025
703 14120 -0.190025
704 14140 -0.190025
705 14160 -0.190025
706 14180 -0.190025
707 14200 -0.190025
708 14220 -0.190025
709 14240 -0.190025
710 14260 -0.190025
711 14280 -0.190025
712 14300 -0.190025
713 14320 -0.190025
714 14340 -0.190025
715 14360 -0.190025
716 14380 -0.190025
717 14400 -0.190025
718 14420 -0.190025
719 14440 -0.190025
720 14460 -0.190025
721 14480 -0.190025
722 14500 -0.190025
723 14520 -0.190025
724 14540 -0.190025
725 14560 -0.190025
726 14580 -0.190025
727 14600 -0.190025
728 14620 -0.190025
729 14640 -0.190025
730 14660 -0.190025
731 14680 -0.190025
732 14700 -0.190025
733 14720 -0.190025
734 14740 -0.190025
735 14760 -0.190025
736 14780 -0.190025
737 14800 -0.190025
738 14820 -0.190025
739 14840 -0.190025
740 14860 -0.190025
741 14880 -0.190025
742 14900 -0.190025
743 14920 -0.190025
744 14940 -0.190025
745 14960 -0.190025
746 14980 -0.190025
747 15000 -0.190025
748 15020 -0.190025
749 15040 -0.190025
750 15060 -0.190025
751 15080 -0.190025
752 15100 -0.190025
753 15120 -0.190025
754 15140 -0.190025
755 15160 -0.190025
756 15180 -0.190025
757 15200 -0.190025
758 15220 -0.190025
759 15240 -0.0832671
760 15260 -0.0832671
761 15280 -0.0832671
762 15300 -0.0832671
763 15320 -0.0832671
764 15340 -0.0832671
765 15360 -0.0832671
766 15380 -0.0832671
767 15400 -0.0832671
768 15420 -0.0832671
769 15440 -0.0832671
770 15460 -0.0832671
771 15480 -0.0832671
772 15500 -0.0832671
773 15520 -0.0832671
774 15540 -0.0832671
775 15560 -0.0832671
776 15580 -0.0832671
777 15600 -0.0832671
778 15620 -0.0832671
779 15640 -0.0832671
780 15660 -0.0832671
781 15680 -0.0832671
782 15700 -0.0832671
783 15720 -0.0832671
784 15740 -0.0832671
785 15760 -0.0832671
786 15780 -0.0832671
787 15800 -0.0832671
788 15820 -0.0832671
789 15840 -0.0832671
790 15860 -0.0832671
791 15880 -0.0832671
792 15900 -0.0832671
793 15920 -0.0832671
794 15940 -0.0832671
795 15960 -0.0832671
796 15980 -0.0832671
797 16000 -0.0832671
798 16020 -0.0832671
799 16040 -0.0832671
800 16060 -0.0832671
801 16080 -0.0832671
802 16100 -0.0832671
803 16120 -0.0832671
804 16140 -0.0832671
805 16160 -0.0832671
806 16180 -0.0832671
807 16200 -0.0832671
808 16220 -0.0832671
809 16240 -0.0832671
810 16260 -0.0832671
811 16280 -0.0832671
812 16300 -0.0832671
813 16320 -0.0832671
814 16340 -0.0832671
815 16360 -0.0832671
816 16380 -0.0832671
817 16400 -0.0832671
818 16420 -0.0832671
819 16440 -0.0832671
820 16460 -0.0832671
821 16480 -0.0832671
822 16500 -0.0832671
823 16520 -0.0832671
824 16540 -0.0832671
825 16560 -0.0832671
826 16580 -0.0832671
827 16600 -0.0832671
828 16620 -0.0832671
829 16640 -0.0832671
830 16660 -0.0832671
831 16680 -0.0832671
832 16700 -0.0832671
833 16720 -0.0832671
834 16740 -0.0832671
835 16760 -0.0832671
836 16780 -0.0832671
837 16800 -0.0832671
838 16820 -0.0832671
839 16840 -0.0832671
840 16860 -0.0832671
841 16880 -0.0832671
842 16900 -0.0832671
843 16920 -0.0832671
844 16940 -0.0832671
845 16960 -0.0832671
846 16980 -0.0832671
847 17000 -0.0832671
848 17020 -0.0832671
849 17040 -0.0832671
850 17060 -0.0832671
851 17080 -0.0832671
852 17100 -0.0832671
853 17120 -0.0832671
854 17140 -0.0832671
855 17160 -0.0832671
856 17180 -0.0832671
857 17200 -0.0832671
858 17220 -0.0832671
859 17240 -0.0832671
860 17260 -0.0832671
861 17280 -0.0832671
862 17300 -0.0832671
863 17320 -0.0832671
864 17340 -0.0832671
865 17360 -0.0832671
866 17380 -0.0832671
867 17400 -0.0832671
868 17420 -0.0832671
869 17440 -0.0832671
870 17460 -0.0832671
871 17480 -0.0832671
872 17500 -0.0832671
873 17520 -0.0832671
874 17540 -0.0832671
875 17560 -0.0832671
876 17580 -0.0832671
877 17600 -0.0832671
878 17620 -0.0832671
879 17640 -0.0832671
880 17660 -0.0832671
881 17680 -0.0832671
882 17700 -0.0832671
883 17720 -0.0832671
884 17740 -0.0832671
885 17760 -0.0832671
886 17780 -0.0832671
887 17800 -0.0832671
888 17820 -0.0832671
889 17840 -0.0832671
890 17860 -0.0832671
891 17880 -0.0832671
892 17900 -0.0832671
893 17920 -0.0832671
894 17940 -0.0832671
895 17960 -0.0832671
896 17980 -0.0832671
897 18000 -0.0832671
898 18020 -0.0832671
899 18040 -0.0832671
900 18060 -0.0832671
901 18080 -0.0832671
902 18100 -0.0832671
903 18120 -0.0832671
904 18140 -0.0832671
905 18160 -0.0832671
906 18180 -0.0832671
907 18200 -0.0832671
908 18220 -0.0832671
909 18240 -0.0832671
910 18260 -0.0832671
911 18280 -0.0832671
912 18300 -0.0832671
913 18320 -0.0832671
914 18340 -0.0832671
915 18360 -0.0832671
916 18380 -0.0832671
917 18400 -0.0832671
918 18420 -0.0832671
919 18440 -0.0832671
920 18460 -0.0832671
921 18480 -0.0832671
922 18500 -0.0832671
923 18520 -0.0832671
924 18540 -0.0832671
925 18560 -0.0832671
926 18580 -0.0832671
927 18600 -0.0832671
928 18620 -0.0832671
929 18640 -0.0832671
930 18660 -0.0832671
931 18680 -0.0832671
932 18700 -0.0832671
933 18720 -0.0832671
934 18740 -0.0832671
935 18760 -0.0832671
936 18780 -0.0832671
937 18800 -0.0832671
938 18820 -0.0832671
939 18840 -0.0832671
940 18860 -0.0832671
941 18880 -0.0832671
942 18900 -0.0832671
943 18920 -0.0832671
944 18940 -0.0832671
945 18960 -0.0832671
946 18980 -0.0832671
947 19000 -0.0832671
948 19020 -0.0832671
949 19040 -0.0832671
950 19060 -0.0832671
951 19080 -0.0832671
952 19100 -0.0832671
953 19120 -0.0832671
954 19140 -0.0832671
955 19160 -0.0832671
956 19180 -0.0832671
957 19200 -0.0832671
958 19220 -0.0832671
959 19240 -0.0832671
960 19260 -0.0832671
961 19280 -0.0832671
962 19300 -0.0832671
963 19320 -0.0832671
964 19340 -0.0832671
965 19360 -0.0832671
966 19380 -0.0832671
967 19400 -0.0832671
968 19420 -0.0832671
969 19440 -0.0832671
970 19460 -0.0832671
971 19480 -0.0832671
972 19500 -0.0832671
973 19520 -0.0832671
974 19540 -0.0832671
975 19560 -0.0832671
976 19580 -0.0832671
977 19600 -0.0832671
978 19620 -0.0832671
979 19640 -0.0832671
980 19660 -0.0832671
981 19680 -0.0832671
982 19700 -0.0832671
983 19720 -0.0832671
984 19740 -0.0832671
985 19760 -0.0832671
986 19780 -0.0832671
987 19800 -0.0832671
988 19820 -0.0832671
989 19840 -0.0832671
990 19860 -0.0832671
991 19880 -0.0832671
992 19900 -0.0832671
993 19920 -0.0832671
994 19940 -0.0832671
995 19960 -0.0832671
996 19980 -0.0832671
997 20000 -0.0832671
998 20020 -0.0832671
999 20040 -0.0832671
1000 20060 -0.0832671
1001 20080 -0.0832671
1002 20100 -0.0832671
1003 20120 -0.0832671
1004 20140 -0.0832671
1005 20160 -0.0832671
1006 20180 -0.0832671
1007 20200 -0.0832671
1008 20220 -0.0832671
1009 20240 -0.0832671
1010 20260 -0.0832671
1011 20280 -0.0832671
1012 20300 -0.0832671
1013 20320 -0.0832671
1014 20340 -0.0832671
1015 20360 -0.0832671
1016 20380 -0.0832671
1017 20400 -0.0832671
1018 20420 -0.0832671
1019 20440 -0.0832671
1020 20460 -0.0832671
1021 20480 -0.0832671
1022 20500 -0.0832671
1023 20520 -0.0832671
1024 20540 -0.0832671
1025 20560 -0.0832671
1026 20580 -0.0832671
1027 20600 -0.0832671
1028 20620 -0.0832671
1029 20640 -0.0832671
1030 20660 -0.0832671
1031 20680 -0.0832671
1032 20700 -0.0832671
1033 20720 -0.0832671
1034 20740 -0.0832671
1035 20760 -0.0832671
1036 20780 -0.0832671
1037 20800 -0.0832671
1038 20820 -0.0832671
1039 20840 -0.0832671
1040 20860 -0.0832671
1041 20880 -0.0832671
1042 20900 -0.0832671
1043 20920 -0.0832671
1044 20940 -0.0832671
1045 20960 -0.0832671
1046 20980 -0.0832671
1047 21000 -0.0832671
1048 21020 -0.0832671
1049 21040 -0.0832671
1050 21060 -0.0832671
1051 21080 -0.0832671
1052 21100 -0.0832671
1053 21120 -0.0832671
1054 21140 -0.0832671
1055 21160 -0.0832671
1056 21180 -0.0832671
1057 21200 -0.0832671
1058 21220 -0.0832671
1059 21240 -0.0832671
1060 21260 -0.0832671
1061 21280 -0.0832671
1062 21300 -0.0832671
1063 21320 -0.0832671
1064 21340 -0.0832671
1065 21360 -0.0832671
1066 21380 -0.0832671
1067 21400 -0.0832671
1068 21420 -0.0832671
1069 21440 -0.0832671
1070 21460 -0.0832671
1071 21480 -0.0832671
1072 21500 -0.0832671
1073 21520 -0.0832671
1074 21540 -0.0832671
1075 21560 -0.0832671
1076 21580 -0.0832671
1077 21600 -0.0832671
1078 21620 -0.0832671
1079 21640 -0.0832671
1080 21660 -0.0832671
1081 21680 -0.0832671
1082 21700 -0.0832671
1083 21720 -0.0832671
1084 21740 -0.0832671
1085 21760 -0.0832671
1086 21780 -0.0832671
1087 21800 -0.0832671
1088 21820 -0.0832671
1089 21840 -0.0832671
1090 21860 -0.0832671
1091 21880 -0.0832671
1092 21900 -0.0832671
1093 21920 -0.0832671
1094 21940 -0.0832671
1095 21960 -0.0832671
1096 21980 -0.0832671
1097 22000 -0.0832671
1098 22020 -0.0832671
1099 22040 -0.0832671
1100 22060 -0.0832671
1101 22080 -0.0832671
1102 22100 -0.0832671
1103 22120 -0.0832671
1104 22140 -0.0832671
1105 22160 -0.0832671
1106 22180 -0.0832671
1107 22200 -0.0832671
1108 22220 -0.0832671
1109 22240 -0.0832671
1110 22260 -0.0832671
1111 22280 -0.0832671
1112 22300 -0.0832671
1113 22320 -0.0832671
1114 22340 -0.0832671
1115 22360 -0.0832671
1116 22380 -0.0832671
1117 22400 -0.0832671
1118 22420 -0.0832671
1119 22440 -0.0832671
1120 22460 -0.0832671
1121 22480 -0.0832671
1122 22500 -0.0832671
1123 22520 -0.0832671
1124 22540 -0.0832671
1125 22560 -0.0832671
1126 22580 -0.0832671
1127 22600 -0.0832671
1128 22620 -0.0832671
1129 22640 -0.0832671
1130 22660 -0.0832671
1131 22680 -0.0832671
1132 22700 -0.0832671
1133 22720 -0.0832671
1134 22740 -0.0832671
1135 22760 -0.0832671
1136 22780 -0.0832671
1137 22800 -0.0832671
1138 22820 -0.0832671
1139 22840 -0.0832671
1140 22860 -0.0832671
1141 22880 -0.0832671
1142 22900 -0.0832671
1143 22920 -0.0832671
1144 22940 -0.0832671
1145 22960 -0.0832671
1146 22980 -0.0832671
1147 23000 -0.0832671
1148 23020 -0.0832671
1149 23040 -0.0832671
1150 23060 -0.0832671
1151 23080 -0.0832671
1152 23100 -0.0832671
1153 23120 -0.0832671
1154 23140 -0.0832671
1155 23160 -0.0832671
1156 23180 -0.0832671
1157 23200 -0.0832671
1158 23220 -0.0832671
1159 23240 -0.0832671
1160 23260 -0.0832671
1161 23280 -0.0832671
1162 23300 -0.0832671
1163 23320 -0.0832671
1164 23340 -0.0832671
1165 23360 -0.0832671
1166 23380 -0.0832671
1167 23400 -0.0832671
1168 23420 -0.0832671
1169 23440 -0.0832671
1170 23460 -0.0832671
1171 23480 -0.0832671
1172 23500 -0.0832671
1173 23520 -0.0832671
1174 23540 -0.0832671
1175 23560 -0.0832671
1176 23580 -0.0832671
1177 23600 -0.0832671
1178 23620 -0.0832671
1179 23640 -0.0832671
1180 23660 -0.0832671
1181 23680 -0.0832671
1182 23700 -0.0832671
1183 23720 -0.0832671
1184 23740 -0.0832671
1185 23760 -0.0832671
1186 23780 -0.0832671
1187 23800 -0.0832671
1188 23820 -0.0832671
1189 23840 -0.0832671
1190 23860 -0.0832671
1191 23880 -0.0832671
1192 23900 -0.0832671
1193 23920 -0.0832671
1194 23940 -0.0832671
1195 23960 -0.0832671
1196 23980 -0.0832671
1197 24000 -0.0832671
1198 24020 -0.0832671
1199 24040 -0.0832671
1200 24060 -0.0832671
1201 24080 -0.0832671
1202 24100 -0.0832671
1203 24120 -0.0832671
1204 24140 -0.0832671
1205 24160 -0.0832671
1206 24180 -0.0832671
1207 24200 -0.0832671
1208 24220 -0.0832671
1209 24240 -0.0832671
1210 24260 -0.0832671
1211 24280 -0.0832671
1212 24300 -0.0832671
1213 24320 -0.0832671
1214 24340 -0.0832671
1215 24360 -0.0832671
1216 24380 -0.0832671
1217 24400 -0.0832671
1218 24420 -0.0832671
1219 24440 -0.0832671
1220 24460 -0.0832671
1221 24480 -0.0832671
1222 24500 -0.0832671
1223 24520 -0.0832671
1224 24540 -0.0832671
1225 24560 -0.0832671
1226 24580 -0.0832671
1227 24600 -0.0832671
1228 24620 -0.0832671
1229 24640 -0.0832671
1230 24660 -0.0832671
1231 24680 -0.0832671
1232 24700 -0.0832671
1233 24720 -0.0832671
1234 24740 -0.0832671
1235 24760 -0.0832671
1236 24780 -0.0832671
1237 24800 -0.0832671
1238 24820 -0.0832671
1239 24840 -0.0832671
1240 24860 -0.0832671
1241 24880 -0.0832671
1242 24900 -0.0832671
1243 24920 -0.0832671
1244 24940 -0.0832671
1245 24960 -0.0832671
1246 24980 -0.0832671
1247 25000 -0.0832671
1248 25020 -0.0832671
1249 25040 -0.0832671
1250 25060 -0.0832671
1251 25080 -0.0832671
1252 25100 -0.0832671
1253 25120 -0.0832671
1254 25140 -0.0832671
1255 25160 -0.0832671
1256 25180 -0.0832671
1257 25200 -0.0832671
1258 25220 -0.0832671
1259 25240 -0.0832671
1260 25260 -0.0832671
1261 25280 -0.0832671
1262 25300 -0.0832671
1263 25320 -0.0832671
1264 25340 -0.0832671
1265 25360 -0.0832671
1266 25380 -0.0832671
1267 25400 -0.0832671
1268 25420 -0.0832671
1269 25440 -0.0832671
1270 25460 -0.0832671
1271 25480 -0.0832671
1272 25500 -0.0832671
1273 25520 -0.0832671
1274 25540 -0.0832671
1275 25560 -0.0832671
1276 25580 -0.0832671
1277 25600 -0.0832671
1278 25620 -0.0832671
1279 25640 -0.0832671
1280 25660 -0.0832671
1281 25680 -0.0832671
1282 25700 -0.0832671
1283 25720 -0.0832671
1284 25740 -0.0832671
1285 25760 -0.0832671
1286 25780 -0.0832671
1287 25800 -0.0832671
1288 25820 -0.0832671
1289 25840 -0.0832671
1290 25860 -0.0832671
1291 25880 -0.0832671
1292 25900 -0.0832671
1293 25920 -0.0832671
1294 25940 -0.0832671
1295 25960 -0.0832671
1296 25980 -0.0832671
1297 26000 -0.0832671
1298 26020 -0.0832671
1299 26040 -0.0832671
1300 26060 -0.0832671
1301 26080 -0.0832671
1302 26100 -0.0832671
1303 26120 -0.0832671
1304 26140 -0.0832671
1305 26160 -0.0832671
1306 26180 -0.0832671
1307 26200 -0.0832671
1308 26220 -0.0832671
1309 26240 -0.0832671
1310 26260 -0.0832671
1311 26280 -0.0832671
1312 26300 -0.0832671
1313 26320 -0.0832671
1314 26340 -0.0832671
1315 26360 -0.0832671
1316 26380 -0.0832671
1317 26400 -0.0832671
1318 26420 -0.0832671
1319 26440 -0.0832671
1320 26460 -0.0832671
1321 26480 -0.0832671
1322 26500 -0.0832671
1323 26520 -0.0832671
1324 26540 -0.0832671
1325 26560 -0.0832671
1326 26580 -0.0832671
1327 26600 -0.0832671
1328 26620 -0.0832671
1329 26640 -0.0832671
1330 26660 -0.0832671
1331 26680 -0.0832671
1332 26700 -0.0832671
1333 26720 -0.0832671
1334 26740 -0.0832671
1335 26760 -0.0832671
1336 26780 -0.0832671
1337 26800 -0.0832671
1338 26820 -0.0832671
1339 26840 -0.0832671
1340 26860 -0.0832671
1341 26880 -0.0832671
1342 26900 -0.0832671
1343 26920 -0.0832671
1344 26940 -0.0832671
1345 26960 -0.0832671
1346 26980 -0.0832671
1347 27000 -0.0832671
1348 27020 -0.0832671
1349 27040 -0.0832671
1350 27060 -0.0832671
1351 27080 -0.0832671
1352 27100 -0.0832671
1353 27120 -0.0832671
1354 27140 -0.0832671
1355 27160 -0.0832671
1356 27180 -0.0832671
1357 27200 -0.0832671
1358 27220 -0.0832671
1359 27240 -0.0832671
1360 27260 -0.0832671
1361 27280 -0.0832671
1362 27300 -0.0832671
1363 27320 -0.0832671
1364 27340 -0.0832671
1365 27360 -0.0832671
1366 27380 -0.0832671
1367 27400 -0.0832671
1368 27420 -0.0832671
1369 27440 -0.0832671
1370 27460 -0.0832671
1371 27480 -0.0832671
1372 27500 -0.0832671
1373 27520 -0.0832671
1374 27540 -0.0832671
1375 27560 -0.0832671
1376 27580 -0.0832671
1377 27600 -0.0832671
1378 27620 -0.0832671
1379 27640 -0.0832671
1380 27660 -0.0832671
1381 27680 -0.0832671
1382 27700 -0.0832671
1383 27720 -0.0832671
1384 27740 -0.0832671
1385 27760 -0.0832671
1386 27780 -0.0832671
1387 27800 -0.0832671
1388 27820 -0.0832671
1389 27840 -0.0832671
1390 27860 -0.0832671
1391 27880 -0.0832671
1392 27900 -0.0832671
1393 27920 -0.0832671
1394 27940 -0.0832671
1395 27960 -0.0832671
1396 27980 -0.0832671
1397 28000 -0.0832671
1398 28020 -0.0832671
1399 28040 -0.0832671
1400 28060 -0.0832671
1401 28080 -0.0832671
1402 28100 -0.0832671
1403 28120 -0.0832671
1404 28140 -0.0832671
1405 28160 -0.0832671
1406 28180 -0.0832671
1407 28200 -0.0832671
1408 28220 -0.0832671
1409 28240 -0.0832671
1410 28260 -0.0832671
1411 28280 -0.0832671
1412 28300 -0.0832671
1413 28320 -0.0832671
1414 28340 -0.0832671
1415 28360 -0.0832671
1416 28380 -0.0832671
1417 28400 -0.0832671
1418 28420 -0.0832671
1419 28440 -0.0832671
1420 28460 -0.0832671
1421 28480 -0.0832671
1422 28500 -0.0832671
1423 28520 -0.0832671
1424 28540 -0.0832671
1425 28560 -0.0832671
1426 28580 -0.0832671
1427 28600 -0.0832671
1428 28620 -0.0832671
1429 28640 -0.0832671
1430 28660 -0.0832671
1431 28680 -0.0832671
1432 28700 -0.0832671
1433 28720 -0.0832671
1434 28740 -0.0832671
1435 28760 -0.0832671
1436 28780 -0.0832671
1437 28800 -0.0832671
1438 28820 -0.0832671
1439 28840 -0.0832671
1440 28860 -0.0832671
1441 28880 -0.0832671
1442 28900 -0.0832671
1443 28920 -0.0832671
1444 28940 -0.0832671
1445 28960 -0.0832671
1446 28980 -0.0832671
1447 29000 -0.0832671
1448 29020 -0.0832671
1449 29040 -0.0832671
1450 29060 -0.0832671
1451 29080 -0.0832671
1452 29100 -0.0832671
1453 29120 -0.0832671
1454 29140 -0.0832671
1455 29160 -0.0832671
1456 29180 -0.0832671
1457 29200 -0.0832671
1458 29220 -0.0832671
1459 29240 -0.0832671
1460 29260 -0.0832671
1461 29280 -0.0832671
1462 29300 -0.0832671
1463 29320 -0.0832671
1464 29340 -0.0832671
1465 29360 -0.0832671
1466 29380 -0.0832671
1467 29400 -0.0832671
1468 29420 -0.0832671
1469 29440 -0.0832671
1470 29460 -0.0832671
1471 29480 -0.0832671
1472 29500 -0.0832671
1473 29520 -0.0832671
1474 29540 -0.0832671
1475 29560 -0.0832671
1476 29580 -0.0832671
1477 29600 -0.0832671
1478 29620 -0.0832671
1479 29640 -0.0832671
1480 29660 -0.0832671
1481 29680 -0.0832671
1482 29700 -0.0832671
1483 29720 -0.0832671
1484 29740 -0.0832671
1485 29760 -0.0832671
1486 29780 -0.0832671
1487 29800 -0.0832671
1488 29820 -0.0832671
1489 29840 -0.0832671
1490 29860 -0.0832671
1491 29880 -0.0832671
1492 29900 -0.0832671
1493 29920 -0.0832671
1494 29940 -0.0832671
1495 29960 -0.0832671
1496 29980 -0.0832671
1497 30000 -0.0832671
1498 30020 -0.0832671
1499 30040 -0.0832671
1500 30060 -0.0832671
1501 30080 -0.0832671
1502 30100 -0.0832671
1503 30120 -0.0832671
1504 30140 -0.0832671
1505 30160 -0.0832671
1506 30180 -0.0832671
1507 30200 -0.0832671
1508 30220 -0.0832671
1509 30240 -0.0832671
1510 30260 -0.0832671
1511 30280 -0.0832671
1512 30300 -0.0832671
1513 30320 -0.0832671
1514 30340 -0.0832671
1515 30360 -0.0832671
1516 30380 -0.0832671
1517 30400 -0.0832671
1518 30420 -0.0832671
1519 30440 -0.0832671
1520 30460 -0.0832671
1521 30480 -0.0832671
1522 30500 -0.0832671
1523 30520 -0.0832671
1524 30540 -0.0832671
1525 30560 -0.0832671
1526 30580 -0.0832671
1527 30600 -0.0832671
1528 30620 -0.0832671
1529 30640 -0.0832671
1530 30660 -0.0832671
1531 30680 -0.0832671
1532 30700 -0.0832671
1533 30720 -0.0832671
1534 30740 -0.0832671
1535 30760 -0.0832671
1536 30780 -0.0832671
1537 30800 -0.0832671
1538 30820 -0.0832671
1539 30840 -0.0832671
1540 30860 -0.0832671
1541 30880 -0.0832671
1542 30900 -0.0832671
1543 30920 -0.0832671
1544 30940 -0.0832671
1545 30960 -0.0832671
1546 30980 -0.0832671
1547 31000 -0.0832671
1548 31020 -0.0832671
1549 31040 -0.0832671
1550 31060 -0.0832671
1551 31080 -0.0832671
1552 31100 -0.0832671
1553 31120 -0.0832671
1554 31140 -0.0832671
1555 31160 -0.0832671
1556 31180 -0.0832671
1557 31200 -0.0832671
1558 31220 -0.0832671
1559 31240 -0.0832671
1560 31260 -0.0832671
1561 31280 -0.0832671
1562 31300 -0.0832671
1563 31320 -0.0832671
1564 31340 -0.0832671
1565 31360 -0.0832671
1566 31380 -0.0832671
1567 31400 -0.0832671
1568 31420 -0.0832671
1569 31440 -0.0832671
1570 31460 -0.0832671
1571 31480 -0.0832671
1572 31500 -0.0832671
1573 31520 -0.0832671
1574 31540 -0.0832671
1575 31560 -0.0832671
1576 31580 -0.0832671
1577 31600 -0.0832671
1578 31620 -0.0832671
1579 31640 -0.0832671
1580 31660 -0.0832671
1581 31680 -0.0832671
1582 31700 -0.0832671
1583 31720 -0.0832671
1584 31740 -0.0832671
1585 31760 -0.0832671
1586 31780 -0.0832671
1587 31800 -0.0832671
1588 31820 -0.0832671
1589 31840 -0.0832671
1590 31860 -0.0832671
1591 31880 -0.0832671
1592 31900 -0.0832671
1593 31920 -0.0832671
1594 31940 -0.0832671
1595 31960 -0.0832671
1596 31980 -0.0832671
1597 32000 -0.0832671
1598 32020 -0.0832671
1599 32040 -0.0832671
1600 32060 -0.0832671
1601 32080 -0.0832671
1602 32100 -0.0832671
1603 32120 -0.0832671
1604 32140 -0.0832671
1605 32160 -0.0832671
1606 32180 -0.0832671
1607 32200 -0.0832671
1608 32220 -0.0832671
1609 32240 -0.0832671
1610 32260 -0.0832671
1611 32280 -0.0832671
1612 32300 -0.0832671
1613 32320 -0.0832671
1614 32340 -0.0832671
1615 32360 -0.0832671
1616 32380 -0.0832671
1617 32400 -0.0832671
1618 32420 -0.0832671
1619 32440 -0.0832671
1620 32460 -0.0832671
1621 32480 -0.0832671
1622 32500 -0.0832671
1623 32520 -0.0832671
1624 32540 -0.0832671
1625 32560 -0.0832671
1626 32580 -0.0832671
1627 32600 -0.0832671
1628 32620 -0.0832671
1629 32640 -0.0832671
1630 32660 -0.0832671
1631 32680 -0.0832671
1632 32700 -0.0832671
1633 32720 -0.0832671
1634 32740 -0.0832671
1635 32760 -0.0832671
1636 32780 -0.0832671
1637 32800 -0.0832671
1638 32820 -0.0832671
1639 32840 -0.0832671
1640 32860 -0.0832671
1641 32880 -0.0832671
1642 32900 -0.0832671
1643 32920 -0.0832671
1644 32940 -0.0832671
1645 32960 -0.0832671
1646 32980 -0.0832671
1647 33000 -0.0832671
1648 33020 -0.0832671
1649 33040 -0.0832671
1650 33060 -0.0832671
1651 33080 -0.0832671
1652 33100 -0.0832671
1653 33120 -0.0832671
1654 33140 -0.0832671
1655 33160 -0.0832671
1656 33180 -0.0832671
1657 33200 -0.0832671
1658 33220 -0.0832671
1659 33240 -0.0832671
1660 33260 -0.0832671
1661 33280 -0.0832671
1662 33300 -0.0832671
1663 33320 -0.0832671
1664 33340 -0.0832671
1665 33360 -0.0832671
1666 33380 -0.0832671
1667 33400 -0.0832671
1668 33420 -0.0832671
1669 33440 -0.0832671
1670 33460 -0.0832671
1671 33480 -0.0832671
1672 33500 -0.0832671
1673 33520 -0.0832671
1674 33540 -0.0832671
1675 33560 -0.0832671
1676 33580 -0.0832671
1677 33600 -0.0832671
1678 33620 -0.0832671
1679 33640 -0.0832671
1680 33660 -0.0832671
1681 33680 -0.0832671
1682 33700 -0.0832671
1683 33720 -0.0832671
1684 33740 -0.0832671
1685 33760 -0.0832671
1686 33780 -0.0832671
1687 33800 -0.0832671
1688 33820 -0.0832671
1689 33840 -0.0832671
1690 33860 -0.0832671
1691 33880 -0.0832671
1692 33900 -0.0832671
1693 33920 -0.0832671
1694 33940 -0.0832671
1695 33960 -0.0832671
1696 33980 -0.0832671
1697 34000 -0.0832671
1698 34020 -0.0832671
1699 34040 -0.0832671
1700 34060 -0.0832671
1701 34080 -0.0832671
1702 34100 -0.0832671
1703 34120 -0.0832671
1704 34140 -0.0832671
1705 34160 -0.0832671
1706 34180 -0.0832671
1707 34200 -0.0832671
1708 34220 -0.0832671
1709 34240 -0.0832671
1710 34260 -0.0832671
1711 34280 -0.0832671
1712 34300 -0.0832671
1713 34320 -0.0832671
1714 34340 -0.0832671
1715 34360 -0.0832671
1716 34380 -0.0832671
1717 34400 -0.0832671
1718 34420 -0.0832671
1719 34440 -0.0832671
1720 34460 -0.0832671
1721 34480 -0.0832671
1722 34500 -0.0832671
1723 34520 -0.0832671
1724 34540 -0.0832671
1725 34560 -0.0832671
1726 34580 -0.0832671
1727 34600 -0.0832671
1728 34620 -0.0832671
1729 34640 -0.0832671
1730 34660 -0.0832671
1731 34680 -0.0832671
1732 34700 -0.0832671
1733 34720 -0.0832671
1734 34740 -0.0832671
1735 34760 -0.0832671
1736 34780 -0.0832671
1737 34800 -0.0832671
1738 34820 -0.0832671
1739 34840 -0.0832671
1740 34860 -0.0832671
1741 34880 -0.0832671
1742 34900 -0.0832671
1743 34920 -0.0832671
1744 34940 -0.0832671
1745 34960 -0.0832671
1746 34980 -0.0832671
1747 35000 -0.0832671
1748 35020 -0.0832671
1749 35040 -0.0832671
1750 35060 -0.0832671
1751 35080 -0.0832671
1752 35100 -0.0832671
1753 35120 -0.0832671
1754 35140 -0.0832671
1755 35160 -0.0832671
1756 35180 -0.0832671
1757 35200 -0.0832671
1758 35220 -0.0832671
1759 35240 -0.0832671
1760 35260 -0.0832671
1761 35280 -0.0832671
1762 35300 -0.0832671
1763 35320 -0.0832671
1764 35340 -0.0832671
1765 35360 -0.0832671
1766 35380 -0.0832671
1767 35400 -0.0832671
1768 35420 -0.0832671
1769 35440 -0.0832671
1770 35460 -0.0832671
1771 35480 -0.0832671
1772 35500 -0.0832671
1773 35520 -0.0832671
1774 35540 -0.0832671
1775 35560 -0.0832671
1776 35580 -0.0832671
1777 35600 -0.0832671
1778 35620 -0.0832671
1779 35640 -0.0832671
1780 35660 -0.0832671
1781 35680 -0.0832671
1782 35700 -0.0832671
1783 35720 -0.0832671
1784 35740 -0.0832671
1785 35760 -0.0832671
1786 35780 -0.0832671
1787 35800 -0.0832671
1788 35820 -0.0832671
1789 35840 -0.0832671
1790 35860 -0.0832671
1791 35880 -0.0832671
1792 35900 -0.0832671
1793 35920 -0.0832671
1794 35940 -0.0832671
1795 35960 -0.0832671
1796 35980 -0.0832671
1797 36000 -0.0832671
1798 36020 -0.0832671
1799 36040 -0.0832671
1800 36060 -0.0832671
1801 36080 -0.0832671
1802 36100 -0.0832671
1803 36120 -0.0832671
1804 36140 -0.0832671
1805 36160 -0.0832671
1806 36180 -0.0832671
1807 36200 -0.0832671
1808 36220 -0.0832671
1809 36240 -0.0832671
1810 36260 -0.0832671
1811 36280 -0.0832671
1812 36300 -0.0832671
1813 36320 -0.0832671
1814 36340 -0.0832671
1815 36360 -0.0832671
1816 36380 -0.0832671
1817 36400 -0.0832671
1818 36420 -0.0832671
1819 36440 -0.0832671
1820 36460 -0.0832671
1821 36480 -0.0832671
1822 36500 -0.0832671
1823 36520 -0.0832671
1824 36540 -0.0832671
1825 36560 -0.0832671
1826 36580 -0.0832671
1827 36600 -0.0832671
1828 36620 -0.0832671
1829 36640 -0.0832671
1830 36660 -0.0832671
1831 36680 -0.0832671
1832 36700 -0.0832671
1833 36720 -0.0832671
1834 36740 -0.0832671
1835 36760 -0.0832671
1836 36780 -0.0832671
1837 36800 -0.0832671
1838 36820 -0.0832671
1839 36840 -0.0832671
1840 36860 -0.0832671
1841 36880 -0.0832671
1842 36900 -0.0832671
1843 36920 -0.0832671
1844 36940 -0.0832671
1845 36960 -0.0832671
1846 36980 -0.0832671
1847 37000 -0.0832671
1848 37020 -0.0832671
1849 37040 -0.0832671
1850 37060 -0.0832671
1851 37080 -0.0832671
1852 37100 -0.0832671
1853 37120 -0.0832671
1854 37140 -0.0832671
1855 37160 -0.0832671
1856 37180 -0.0832671
1857 37200 -0.0832671
1858 37220 -0.0832671
1859 37240 -0.0832671
1860 37260 -0.0832671
1861 37280 -0.0832671
1862 37300 -0.0832671
1863 37320 -0.0832671
1864 37340 -0.0832671
1865 37360 -0.0832671
1866 37380 -0.0832671
1867 37400 -0.0832671
1868 37420 -0.0832671
1869 37440 -0.0832671
1870 37460 -0.0832671
1871 37480 -0.0832671
1872 37500 -0.0832671
1873 37520 -0.0832671
1874 37540 -0.0832671
1875 37560 -0.0832671
1876 37580 -0.0832671
1877 37600 -0.0832671
1878 37620 -0.0832671
1879 37640 -0.0832671
1880 37660 -0.0832671
1881 37680 -0.0832671
1882 37700 -0.0832671
1883 37720 -0.0832671
1884 37740 -0.0832671
1885 37760 -0.0832671
1886 37780 -0.0832671
1887 37800 -0.0832671
1888 37820 -0.0832671
1889 37840 -0.0832671
1890 37860 -0.0832671
1891 37880 -0.0832671
1892 37900 -0.0832671
1893 37920 -0.0832671
1894 37940 -0.0832671
1895 37960 -0.0832671
1896 37980 -0.0832671
1897 38000 -0.0832671
1898 38020 -0.0832671
1899 38040 -0.0832671
1900 38060 -0.0832671
1901 38080 -0.0832671
1902 38100 -0.0832671
1903 38120 -0.0832671
1904 38140 -0.0832671
1905 38160 -0.0832671
1906 38180 -0.0832671
1907 38200 -0.0832671
1908 38220 -0.0832671
1909 38240 -0.0832671
1910 38260 -0.0832671
1911 38280 -0.0832671
1912 38300 -0.0832671
1913 38320 -0.0832671
1914 38340 -0.0832671
1915 38360 -0.0832671
1916 38380 -0.0832671
1917 38400 -0.0832671
1918 38420 -0.0832671
1919 38440 -0.0832671
1920 38460 -0.0832671
1921 38480 -0.0832671
1922 38500 -0.0832671
1923 38520 -0.0832671
1924 38540 -0.0832671
1925 38560 -0.0832671
1926 38580 -0.0832671
1927 38600 -0.0832671
1928 38620 -0.0832671
1929 38640 -0.0832671
1930 38660 -0.0832671
1931 38680 -0.0832671
1932 38700 -0.0832671
1933 38720 -0.0832671
1934 38740 -0.0832671
1935 38760 -0.0832671
1936 38780 -0.0832671
1937 38800 -0.0832671
1938 38820 -0.0832671
1939 38840 -0.0832671
1940 38860 -0.0832671
1941 38880 -0.0832671
1942 38900 -0.0832671
1943 38920 -0.0832671
1944 38940 -0.0832671
1945 38960 -0.0832671
1946 38980 -0.0832671
1947 39000 -0.0832671
1948 39020 -0.0832671
1949 39040 -0.0832671
1950 39060 -0.0832671
1951 39080 -0.0832671
1952 39100 -0.0832671
1953 39120 -0.0832671
1954 39140 -0.0832671
1955 39160 -0.0832671
1956 39180 -0.0832671
1957 39200 -0.0832671
1958 39220 -0.0832671
1959 39240 -0.0832671
1960 39260 -0.0832671
1961 39280 -0.0832671
1962 39300 -0.0832671
1963 39320 -0.0832671
1964 39340 -0.0832671
1965 39360 -0.0832671
1966 39380 -0.0832671
1967 39400 -0.0832671
1968 39420 -0.0832671
1969 39440 -0.0832671
1970 39460 -0.0832671
1971 39480 -0.0832671
1972 39500 -0.0832671
1973 39520 -0.0832671
1974 39540 -0.0832671
1975 39560 -0.0832671
1976 39580 -0.0832671
1977 39600 -0.0832671
1978 39620 -0.0832671
1979 39640 -0.0832671
1980 39660 -0.0832671
1981 39680 -0.0832671
1982 39700 -0.0832671
1983 39720 -0.0832671
1984 39740 -0.0832671
1985 39760 -0.0832671
1986 39780 -0.0832671
1987 39800 -0.0832671
1988 39820 -0.0832671
1989 39840 -0.0832671
1990 39860 -0.0832671
1991 39880 -0.0832671
1992 39900 -0.0832671
1993 39920 -0.0832671
1994 39940 -0.0832671
1995 39960 -0.0832671
1996 39980 -0.0832671
1997 40000 -0.0832671
1998 40020 -0.0832671
1999 40040 -0.0832671
2000 40060 -0.0832671
