0.00269288
-0.0408035
0.0153919
-0.00840006
0.0201191
0.0410321
0.0262198
-0.0237547
-0.0452535
0.0236082
-0.0171766
0.0132639
0.025641
0.0491037
-0.0134661
-0.0252961
0.048255
0.022266
0.0253356
0.0151519
-0.0427314
0.0131635
0.0384707
-0.022729
-0.00635886
0.0266495
-0.00222682
-0.0262226
-0.0225093
-0.0140735
-0.0333493
-0.00134826
0.0397656
0.0409208
-0.0439436
0.0404653
0.000452289
0.0016292
-0.0180967
0.0486642
-0.000602332
-0.0233855
-0.0409267
0.0447764
-0.0426251
7.07095e-05
-0.0115858
-0.0222918
0.0413817
0.00297474
-0.00355542
0.044098
-0.0449916
0.0261514
0.0270205
0.0327817
-0.0374635
-0.0484132
0.0188455
0.0368247
0.0129543
0.0236225
0.0225412
0.0499458
0.0388572
-0.0266805
-0.0193678
-0.0148985
0.00132737
0.00911136
0.0345982
-0.00879192
0.0341511
-0.0230683
-0.00846054
0.0037304
-0.00320826
-0.0212788
-0.0321672
-0.034628
0.00716548
0.0302406
-0.0466946
0.00344498
-0.000151988
0.0455361
0.0248293
0.00545838
0.0390737
0.0124849
0.034204
-0.0340232
-0.0287248
0.021471
-0.0369573
-0.040901
-0.0225412
-0.0497
-0.00857067
-0.0473124
