0    0.34417208021415152 0.5155634639078237 0.30114624077271973  -380.06863403320312         8 4 
1    0.71583884988153501 0.40747613013439643 0.2143079065211573  -397.81890869140625         8 5 
2    0.73843316982324136 0.43511664758016494 0.068784834984768103  -388.43255615234375         8 5 
3    0.66216692268959854 0.083664715464313338 0.25597625289221915  -345.49404907226562         8 4 
4    0.35663449180461249 0.017690010481248662 0.78937230031225092  -397.01373291015625         8 4 
5    0.75591574540392981 0.025622849752264015 0.38576276817577132  -395.46286010742188         8 7 
6    0.27203648182888901 0.51706918699036053 0.21089433118075041  -360.48260498046875         8 3 
7    0.37428715371361598 0.59997071902216037 0.30958081577591617  -384.71994018554688         8 5 
8    0.57866212712257481 0.24556258924578822 0.42400356118089322  -393.9940185546875         8 5 
9    0.20779109187316183 0.33281513738153728 0.56554343886358527  -381.8133544921875         8 3 
10    0.14782519976147157 0.5446924539616429 0.30748234627688548  -377.09481811523438         8 4 
11    0.6362532141600995 0.67912682489373588 0.084254573257497148  -394.15084838867188         8 6 
12    0.00085113668189281181 0.89572836817838186 0.23811117652473118  -395.69244384765625         8 2 
13    0.56483171799278553 0.30195314829673697 0.41268927395319865  -390.76953125         8 5 
14    0.68686336952616733 0.35172604651241896 0.28068462899550212  -406.01473999023438         8 6 
15    0.4487549046260676 0.57266678667855953 0.20209814765219253  -394.42239379882812         8 4 
16    0.86908996488458889 0.36592542973189596 0.013505791155714675  -395.328125         8 5 
17    0.71263918357235578 0.15079613274463519 0.52921081629591704  -410.74594116210938         8 6 
18    0.52370288439474988 0.37595836488456374 0.10033875072068633  -376.5804443359375         8 3 
19    0.0035439385497996741 0.59912220623580092 0.51478756729674269  -381.20721435546875         8 3 
20    0.13872599263832722 0.35963357322649997 0.50164043413517279  -352.95196533203125         8 4 
21    0.12357055634082592 0.40720879385441999 0.57292521940687624  -385.71969604492188         8 2 
22    0.0020178476716527175 0.24380476351062383 0.75417738881772345  -361.87139892578125         8 1 
23    0.5345810644532587 0.41469107940291744 0.050727856143823788  -379.87872314453125         8 2 
24    0.19280394680792859 0.89553010233698271 0.00067188865097352198  -392.3397216796875         8 4 
25    0.42765358260672842 0.24557407211436549 0.5526372028351707  -392.44012451171875         8 4 
26    0.74753543478460815 0.0012801068937255702 0.333335995170851  -397.32241821289062         8 4 
27    0.79711448576823263 0.075116105963302565 0.44040663075486991  -401.850341796875         8 4 
28    0.17141975502353571 0.49965795763710985 0.32892228733935447  -355.2939453125         8 3 
29    0.42066777982126746 0.50198988227496788 0.093234971291590682  -368.49224853515625         8 3 
30    0.63369343625720542 0.23986693016398924 0.35566702637166003  -390.96682739257812         8 4 
31    0.33047540477629761 0.46089271155381856 0.20863188366988381  -348.97308349609375         8 2 
32    0.0033685600440435592 0.14931749947442116 0.87608332397920785  -399.20208740234375         8 1 
33    0.0036689451288133604 0.69070638898029335 0.4058467610900563  -383.85809326171875         8 2 
34    0.17748111022106022 0.94865730576339113 0.00070111756007047222  -393.16757202148438         8 5 
35    0.75768411909142552 0.43224201817385172 0.13871775508953066  -388.09982299804688         8 5 
36    0.69754923007403868 0.13654241873917788 0.16590835118678346  -324.29727172851562         8 3 
37    0.35833329031786276 0.40485376412091151 0.2368129455612257  -341.68936157226562         8 2 
38    0.0038199883446378576 0.50325170330127911 0.75331555452237686  -406.783447265625         8 1 
39    0.24638890324983037 0.75626059398735423 0.00091357762268624019  -388.550537109375         8 2 
40    0.17446382783509171 0.0041881661938787534 0.88134740940834544  -396.1116943359375         8 3 
41    0.0060181063379572963 0.82560508782613173 0.37779455701630543  -388.47134399414062         8 2 
42    0.20983104405261918 0.70274836386693462 0.087420592080446224  -383.22103881835938         8 2 
43    0.44115279849662092 0.033866474795729087 0.52609097856252296  -383.71514892578125         8 2 
44    0.61404137583945917 0.18352329656541247 0.4287551604389182  -388.0465087890625         8 5 
45    0.75848001484011451 0.61215568590394809 0.0083231403189558129  -396.33486938476562         8 5 
46    0.4162693016873289 0.58743403917280101 0.25327553813629  -401.56838989257812         8 5 
47    0.34772837898363962 0.17695143000472366 0.47532019101163675  -381.89456176757812         8 5 
48    0.74881069080248719 0.0017176674584924814 0.44008260475282157  -397.84469604492188         8 4 
49    0.059922563174866744 0.39253873311546644 0.54753870370966684  -352.967529296875         8 3 
50    0.60607126735042582 0.00027880292311086431 0.39364992972646329  -395.73202514648438         8 1 
51    0.89531139132552018 0.0031313511035238168 0.25687834923274466  -395.78277587890625         8 4 
52    0.0035961782968218854 0.86805398661401556 0.30654424559087556  -390.472412109375         8 1 
53    0.42005034569974598 0.0025885989574827325 0.68757888372070297  -397.12356567382812         8 4 
54    0.24464950643903008 0.85106640725116689 0.10589955904136651  -396.3209228515625         8 5 
55    0.33273357055488834 0.26055098634455948 0.40671544310055219  -315.64303588867188         8 1 
56    0.38709415062688735 0.63710842569149673 0.18497326620244242  -380.09564208984375         8 5 
57    0.70349562581075831 0.0016894756103478889 0.61849450016000196  -398.21109008789062         8 4 
58    0.0037155750821188669 0.48474488372902036 0.58768076577701445  -295.01290893554688         8 2 
59    0.56604264207599286 0.54650281338067352 0.15178818396127378  -397.12286376953125         8 5 
60    0.58931334786247058 0.28739001357899469 0.12329663855853469  -348.95071411132812         8 7 
61    0.42400106659961234 0.44393442092183599 0.37155732537070441  -389.11996459960938         8 4 
62    0.65709066847184017 0.40967594606557406 0.26310823830685548  -401.91537475585938         8 5 
63    0.092056172411014006 0.66444992521997159 0.24349390236901444  -359.40679931640625         8 2 
64    0.65233893159397582 0.0034729926098899201 0.42819587397488912  -391.79696655273438         8 3 
65    0.80216596052448053 0.0035747895940584878 0.2936145067553862  -392.36590576171875         8 2 
66    0.73343258056548422 0.44090357865669039 0.26160623003194011  -408.47314453125         8 6 
67    0.30467797341365066 0.56880784876516144 0.34040524834826691  -401.69699096679688         8 2 
68    0.0030169113211085271 0.63920126166874214 0.6815081644750467  -413.78973388671875         8 2 
69    0.52145030821501892 0.33046992216687343 0.14807976961810765  -348.43698120117188         8 7 
70    0.0029739375426075625 0.63520053947109634 0.46181544926909424  -383.50686645507812         8 1 
71    0.2890624797365216 0.68477713794026018 0.25184555218020566  -388.07464599609375         8 3 
72    0.29434464564862162 0.060001093932608565 0.77877829307743263  -391.89968872070312         8 4 
73    0.077002778371711642 0.18667185568762346 0.73632536594066489  -372.27032470703125         8 1 
74    0.11276797683455872 0.52887828682299398 0.40479755733197037  -295.72952270507812         8 3 
75    0.062324756541740939 0.61959581047266377 0.31807943298559527  -344.4051513671875         8 2 
76    0.93183149736474158 0.049570307443198652 0.22450542553362712  -396.66586303710938         8 5 
77    0.74679128960716212 0.00086413606890470252 0.2545597534918681  -389.63623046875         8 2 
78    0.24101882355365903 0.50516135468006473 0.25381982176627621  -343.38330078125         8 1 
79    0.61352443636478737 0.30641082806237208 0.31453249686105533  -405.63754272460938         8 5 
80    0.31706028246550094 0.48443451513649993 0.37808232809769654  -381.36856079101562         8 3 
81    0.86421388861739812 0.05094723816226391 0.084838873220337993  -370.32940673828125         8 3 
82    0.76253608242894655 0.042510930809805898 0.19495298676124759  -376.00363159179688         8 4 
83    0.36235893737761965 0.91173038558427122 0.0023482140192993585  -396.33322143554688         8 6 
84    0.2600265050056757 0.0031437366418772075 0.83503353220686005  -396.7171630859375         8 3 
85    0.58317860196873106 0.34179418679448104 0.075027211236787961  -356.61978149414062         8 4 
86    0.087235048171254478 0.24761933262192021 0.66514561920682536  -381.6741943359375         8 4 
87    0.27557668261501667 0.73815433017311871 0.24368540154391305  -388.42083740234375         8 3 
88    0.067786540108677795 0.54131665241907412 0.43252141610975731  -316.51922607421875         8 3 
89    0.00087007053234413429 0.99835335027207961 0.00077657919557630386  -395.64944458007812         8 1 
90    0.87649551028050721 0.19288689748873039 0.31118169095096232  -392.9927978515625         8 7 
91    0.39393156523998724 0.57477376216393161 0.18526841479340425  -376.86093139648438         8 4 
92    0.64574685612699301 0.52608270882195329 0.17193004461219402  -381.84463500976562         8 5 
93    0.39270477532185344 0.34259483023943332 0.48340865834404106  -400.89395141601562         8 5 
94    0.68010635810159825 0.18568329224482247 0.20979059054179325  -333.04388427734375         8 3 
95    0.47292894170447336 0.31682325827150676 0.31006240908122451  -298.60504150390625         8 2 
96    0.73699994184026085 0.0018324823190087761 0.50339761965221053  -398.1546630859375         8 3 
97    0.27182549714733684 0.70823657450062749 0.019937928352035693  -394.62899780273438         8 1 
98    0.65736639995004698 0.57389946254209434 0.1428623132094376  -391.54736328125         8 5 
99    0.50459214386757989 0.27093328466075128 0.30610860621463198  -313.03958129882812         8 2 
100    0.54171368380811491 0.43631096142693593 0.19984925709554527  -391.597900390625         8 4 
101    0.69947069707816656 0.03217067531995093 0.2683586276018825  -387.44442749023438         8 1 
102    0.47628441639231994 0.23180986451611271 0.51291740880823011  -394.5308837890625         8 5 
103    0.0027427225356587521 0.37626548166044099 0.62099179580390029  -328.13833618164062         8 1 
104    0.36866511466611523 0.72581134401480529 1.8540005564989054e-05  -391.86868286132812         8 2 
105    0.17828976815581912 0.24845048571862471 0.57325974612555619  -349.6878662109375         8 1 
106    0.10555389083181908 0.54882194290466713 0.34562416626351383  -361.64080810546875         8 2 
107    0.58883014239930498 0.38164399658686304 0.28062206030948417  -378.53546142578125         8 4 
108    0.84588953202764294 0.50259544029862124 0.012940039159189769  -396.716064453125         8 6 
109    0.72007948062362681 0.37818341589900589 0.13323331038605821  -372.0472412109375         8 6 
110    0.94260100107500056 0.19667683590812593 0.0030060426360561669  -393.73214721679688         8 5 
111    0.25608499113354921 0.52793179372975907 0.48130411667228473  -386.91714477539062         8 2 
112    0.64409744124673052 0.20536985931716584 0.54941206838168699  -409.98715209960938         8 5 
113    0.84328601244974022 0.44134672647017509 0.011363103333987705  -396.504150390625         8 5 
114    0.41157877920814712 0.44104952616834497 0.27314502360179232  -320.30926513671875         8 2 
115    0.21168923567016565 0.67481246982466725 0.23142378230160224  -381.50189208984375         8 4 
116    0.36128235771155398 0.58392734204866781 0.23559817451839821  -377.21282958984375         8 4 
117    0.49105579749366557 0.079101842718583018 0.42984235978775143  -373.39520263671875         8 0 
118    0.29277738368778367 0.39585904132579913 0.33469893625198588  -327.5059814453125         8 2 
119    0.48131414502431036 0.4576537038595529 0.30475393922846122  -388.00210571289062         8 6 
120    0.0011578839326752775 0.96081379694986813 0.094961772226504745  -397.97314453125         8 1 
121    0.53879328115631708 0.073890410600149295 0.65166734400982684  -402.00155639648438         8 4 
122    0.13389625251163009 0.046168285071214933 0.81993546241715498  -387.61260986328125         8 3 
123    0.30295845265087862 0.25708691401787381 0.62284526741965229  -399.26953125         8 5 
124    0.50282482007269125 0.12884280905575704 0.36833237087155174  -360.56271362304688         8 3 
125    0.38680781060731151 0.00020922308979904106 0.61419860730517495  -391.52764892578125         8 3 
126    0.25584536385185724 0.15251611355155456 0.75325940050847506  -404.75765991210938         8 5 
127    0.17192637494502067 0.047372155455760852 0.78070146959921849  -390.47216796875         8 2 
128    0.82346290480226636 0.40944612265795316 0.057797790275608295  -399.84976196289062         8 5 
129    0.18935852429912792 5.2502158715258709e-05 0.82930967189775884  -397.20404052734375         8 2 
130    0.5846455643812688 0.68176388841758784 0.10427297228342292  -399.0601806640625         8 4 
131    0.37881978435096403 0.47754595365937769 0.14363426198965829  -358.93338012695312         8 2 
132    0.50682699190821878 0.56770531509843758 0.16456614549598841  -384.460205078125         8 5 
133    0.80205476365194595 0.16267641801796348 0.31096339564922376  -390.96539306640625         8 6 
134    0.34037456201259436 0.86233364742697316 0.00063731893401078766  -396.02392578125         8 4 
135    0.74977680868399887 0.35702427312416007 0.23183824392984881  -393.91156005859375         8 5 
136    0.4514004226067963 4.0728947335871722e-05 0.56822127776616216  -390.42535400390625         8 3 
137    0.79115175628322898 0.13355856552068951 0.075289678196081553  -336.59542846679688         8 1 
138    0.39657583835900345 0.43493608671822392 0.21177841690778312  -322.66122436523438         8 2 
139    0.42887424799662605 0.44761081952726472 0.12351493247610919  -346.34548950195312         8 5 
140    0.2284803511636978 0.00090464555705928231 0.79063999850805933  -396.02413940429688         8 2 
141    0.87568707017273495 0.051977494329309648 0.27410358097610404  -393.87771606445312         8 4 
142    0.22845565571529958 0.64093448096214267 0.13060986332255775  -357.7784423828125         8 1 
143    0.33401606044095367 0.21282150937610048 0.63099223112345659  -383.39376831054688         8 3 
144    0.22430244400084759 0.34858406813303305 0.42711348786611936  -357.4185791015625         8 2 
145    0.50432199337822492 0.49531072788537117 0.00036727873640394609  -391.06240844726562         8 3 
146    0.36554761951670306 0.35996653741051526 0.36617905093891201  -323.14987182617188         8 2 
147    0.92059201531270685 0.21127101749984867 0.10140946794892937  -394.90304565429688         8 6 
148    0.3165298755162072 0.33262046053006555 0.3508496639537273  -312.5291748046875         8 3 
149    0.37732098220332932 0.11556154363998326 0.59172986829774599  -388.22244262695312         8 3 
150    0.48811237997045814 0.4002318113386959 0.33497979507982684  -389.70587158203125         8 4 
151    0.52639566776405566 0.0001807952923864295 0.47342353694355793  -395.74154663085938         8 1 
152    0.66385117127825266 0.7331809377148627 0.0038241167172566254  -397.31658935546875         8 4 
153    0.6921267771571894 0.00047637659824496733 0.37848136878313715  -395.81024169921875         8 4 
154    0.23104267130605155 0.29559578768631567 0.60239500476497232  -367.28628540039062         8 3 
155    0.072041887453311054 0.58568205964927889 0.38066935465373125  -296.78408813476562         8 3 
156    0.59955363535542405 0.23448663803639008 0.22012084307619728  -333.46060180664062         8 4 
157    0.43429867999483901 0.0087803923997167629 0.75107039583969304  -397.5360107421875         8 4 
158    0.57937108152463135 0.61503989762036493 0.0048941441030322282  -394.4061279296875         8 4 
159    0.62038878633225625 0.089153649373277341 0.61927734721609673  -402.00482177734375         8 3 
160    0.28945254686211924 0.79312428174899496 0.15088198314159856  -402.322265625         8 5 
161    0.50608707328610447 0.3970779339728398 0.22055024232689566  -374.67291259765625         8 5 
162    0.66717976963901526 0.39286099416198705 0.0011427355793381397  -390.87686157226562         8 3 
163    0.85944649609831414 0.076719115617904177 0.41693209334752823  -396.28213500976562         8 6 
164    0.57559061669192746 0.42159201101882332 0.32554748936597916  -405.79037475585938         8 5 
165    0.51296895193729297 0.80816986389334233 0.0038519941957935416  -396.64981079101562         8 4 
166    0.69521654010321154 0.34371952267376971 0.36322913932989392  -410.7762451171875         8 4 
167    0.51884240067878018 0.15542174268231809 0.52415888358234541  -384.54000854492188         8 3 
168    0.96122015079841738 0.13811988470154513 0.0035739036039918568  -393.42230224609375         8 5 
169    0.053623668900949301 0.66302884873444823 0.28334748236460244  -351.21969604492188         8 2 
170    0.016468711551986478 0.6498965073916847 0.33363478105632882  -358.122314453125         8 1 
171    0.49968386339026216 0.48989756046399158 0.25299162167441314  -395.38943481445312         8 2 
172    0.70538651863596702 0.46855217840916802 0.11227070960159757  -386.6876220703125         8 5 
173    0.33031074356794649 0.63794503986504636 0.21231572960937073  -388.38067626953125         8 4 
174    0.41211908984321127 0.48948081737684362 0.32820465685784084  -390.5533447265625         8 4 
175    0.79407940850075542 0.036514319669067499 0.59925954243131985  -395.16107177734375         8 4 
176    0.36478058904860833 0.44520952849976592 0.39671665899560782  -372.281494140625         8 2 
177    0.55045316758115204 0.2119574225570563 0.23758940986179169  -321.70782470703125         8 1 
178    0.54116572049407474 0.11914277423114605 0.43137276279649484  -367.64215087890625         8 3 
179    0.91920593532286254 0.29563823501345676 0.021912971376555297  -394.38119506835938         8 6 
180    0.42908344910577073 0.40195664315540824 0.16895990773882097  -355.7471923828125         8 1 
181    0.72161864856336555 0.53062461535667671 0.087100617092221999  -388.36709594726562         8 5 
182    0.63392839999237038 0.33730433252298048 0.25450507888093332  -394.36874389648438         8 5 
183    0.46270489628154887 0.53695813314832819 0.00033697057012295624  -391.11212158203125         8 2 
184    0.71548826685302958 0.1840388300940137 0.10047290305295675  -317.63681030273438         8 1 
185    0.44488952382259417 0.88792502323608469 0.0032703568099206543  -396.20050048828125         8 5 
186    0.32437265579250646 0.50240668654926413 0.17322065765822944  -364.42205810546875         8 1 
187    0.6666338000941 0.18066199043281964 0.15270420947308039  -328.37698364257812         8 1 
188    0.68262209741931801 0.22347548584046537 0.11865973533623654  -377.20529174804688         8 4 
189    0.0035955035154975833 0.22922113880116621 0.81107731631099056  -392.85397338867188         8 2 
190    0.5324363569530135 0.57892850852470767 0.00037935736254285618  -396.52383422851562         8 4 
191    0.64249586076020193 0.0042994385206091643 0.35320470071918891  -396.18710327148438         8 1 
192    0.71654404827313656 0.63051065663979855 0.054586001792176861  -393.07687377929688         8 5 
193    0.55223450517295269 0.19284704064064007 0.57252692280002593  -396.43753051757812         8 4 
194    0.76241077115898459 0.25216261788789518 0.077502255069609158  -375.40313720703125         8 5 
195    0.47885033746206734 0.64190416742564904 0.18942932925432915  -403.37039184570312         8 5 
196    0.18386245534937778 0.20531428430333071 0.61174767110035078  -359.41314697265625         8 10 
197    0.10139364472297387 0.00025111967079660159 0.92353836034262049  -397.36502075195312         8 1 
198    0.76149484974496529 0.19286299125197046 0.045642159003064245  -368.35455322265625         8 1 
199    0.60518266585854774 0.24381871606578556 0.15099861807566672  -322.70172119140625         8 1 
200    0.78836493188577017 0.088440976605993898 0.12319409150823592  -341.91323852539062         8 3 
201    0.30959908408591297 0.16141622157724647 0.69320020927133341  -389.53338623046875         8 2 
202    0.49333006314241334 0.19444762741319718 0.5593654092680731  -394.71533203125         8 3 
203    0.75724160777640059 0.17251119602479514 0.38934269488865059  -403.017578125         8 5 
204    0.46502969411469641 0.35349697303655947 0.18147333284874412  -351.47817993164062         8 1 
205    0.5601049035342055 0.52348764464184239 6.8031460396661035e-05  -396.89898681640625         8 3 
206    0.53966598081925921 0.27595141393812744 0.47168865986363773  -387.04159545898438         8 3 
207    0.56677900697708672 0.00020257175721687541 0.43301842126569634  -396.20504760742188         8 2 
208    0.2665328990828067 0.35695220047107423 0.37651490044611907  -318.1209716796875         8 2 
209    0.76825796347664799 0.31383904900283871 0.1766033145321379  -389.53317260742188         8 4 
210    0.82598511778686523 0.29238559639314543 0.084375651358119946  -394.27313232421875         8 4 
211    0.36488121991648986 0.00074099773892596942 0.72412538779454683  -396.74447631835938         8 4 
212    0.24396406150642355 0.18835029508446113 0.56795588397667462  -347.37075805664062         8 9 
213    0.087995373917814632 0.8038291735830565 0.25492922024275222  -403.78387451171875         8 1 
214    0.27882291867517595 0.23931208356949604 0.48186499775532804  -332.91363525390625         8 2 
215    0.40527940148108854 0.38761231794553447 0.25916391861932336  -292.1484375         8 2 
216    0.48533178868591526 0.048844601295363568 0.6532379285761355  -401.03726196289062         8 3 
217    0.87832148354898276 0.078512802798531303 0.34269074438238206  -395.71450805664062         8 5 
218    0.74541014662456995 0.31151201149943375 0.087299390090769827  -380.3153076171875         8 5 
219    0.24126845138294789 0.23942462604270004 0.65263090429737447  -410.70111083984375         8 4 
220    0.46919272099830361 0.31243456429343314 0.21837271470826328  -333.08038330078125         8 3 
221    0.84977895248714208 0.15783033350612014 0.25462543440338309  -392.690673828125         8 6 
222    0.56960165769549975 0.64551952105256849 0.1826939752364154  -415.889404296875         8 4 
223    0.1237511081111501 0.25194650606494429 0.62430238582390563  -346.77334594726562         8 1 
224    0.20482355364634502 0.51360305456940891 0.38493387936816165  -377.71035766601562         8 3 
225    0.33423207708196478 0.29685319599898968 0.50161628448712048  -331.51803588867188         8 2 
226    0.32713040431277518 0.22328194986266739 0.44958764582455746  -335.29696655273438         8 2 
227    0.15976077345840534 0.5886694634347196 0.25156976310687501  -357.66622924804688         8 1 
228    0.4518209526566232 0.49944859180790629 0.048730455535470493  -388.620849609375         8 3 
229    0.77248249682835957 0.56241073175767631 0.048690300296069924  -393.50619506835938         8 5 
230    0.94185785315889481 0.0010909356115429377 0.089494192681556381  -396.11257934570312         8 3 
231    0.85321031044387252 0.27309901311162071 0.00604607465599377  -397.21240234375         8 4 
232    0.037643262919740912 0.13297550040170225 0.83492427184165241  -395.2901611328125         8 2 
233    0.40556647369610482 0.75669171142937286 0.10410800334209185  -399.3780517578125         8 5 
234    0.54792617146350386 0.19874354907872641 0.36277338294098993  -344.66748046875         8 3 
235    0.23917141034207282 0.45459277267072445 0.34678801284073058  -312.92166137695312         8 2 
236    0.65522526053844454 0.12132603768921879 0.52706830945395133  -408.21755981445312         8 5 
237    0.18298658010726512 0.42668732551544286 0.5332367321357131  -401.4471435546875         8 3 
238    0.045540413117387234 0.92851222685663759 0.025947360025975207  -396.10906982421875         8 2 
239    0.86553760920842782 0.21185368788720757 0.00080625238940229104  -396.44534301757812         8 4 
240    0.71154866856918342 0.32114946204329448 0.12922701448532348  -374.33978271484375         8 4 
241    0.6537952426806829 0.25912830317953306 0.087076454139783974  -350.40924072265625         8 3 
242    0.10059912481596658 0.87194108465736242 0.12131602151620621  -393.1541748046875         8 2 
243    0.20431630870739137 0.79811185801509399 0.00076637674568050707  -388.35617065429688         8 1 
244    0.5272393312188135 0.33084184243095466 0.21381649303966879  -346.57907104492188         8 2 
245    0.46842615719136776 0.2270082131943755 0.30456562961425676  -332.58477783203125         8 3 
246    0.48979540196971355 0.69858857840493827 0.0015081924076644801  -392.83984375         8 3 
247    0.8154126439278645 0.32271495956062091 0.0083087586538580713  -394.65658569335938         8 4 
248    0.77713756152710889 0.37630480224279006 0.13358635722429671  -393.394775390625         8 5 
249    0.0031032316038527722 0.42572258730033019 0.58463304167865515  -299.20974731445312         8 2 
250    0.081301787509029597 0.048078720802888754 0.87949166930491918  -396.31951904296875         8 3 
251    0.0055124448900575338 0.780077543382665 0.2144100117272775  -385.74002075195312         8 1 
252    0.57822755000596338 0.69688384094658495 0.0098241545270835173  -393.011962890625         8 5 
253    0.12630752164841336 0.74616038709725385 0.30208261933553088  -397.76510620117188         8 2 
254    0.43341106092931192 0.12755225345188717 0.53254231102746352  -383.01187133789062         8 4 
255    0.5772681293764631 0.54651151860504854 0.25545050612507259  -412.89242553710938         8 4 
256    0.52028390805510349 0.69529279263135302 0.13919764799173412  -400.89227294921875         8 6 
257    0.82766759428659042 0.046141973665245264 0.12619043204816427  -376.15573120117188         8 3 
258    0.50320033263989994 0.17197567455247864 0.32482399280762142  -344.54806518554688         8 1 
259    0.003783904261707154 0.53459296319070848 0.55123359806767458  -335.8201904296875         8 2 
260    0.61262729700131413 0.49788066795931984 0.00045298318527919965  -396.56777954101562         8 4 
261    0.80909503796230242 0.29958449030743001 0.13784537602497268  -405.02694702148438         8 5 
262    0.3080870994691649 0.57795100700513635 0.28093776531288184  -379.00091552734375         8 4 
263    0.29610012093347371 0.88050265680870765 0.048968079223850214  -396.75302124023438         8 5 
264    0.18062518588853116 0.24214283656435057 0.68793925071429629  -400.00662231445312         8 3 
265    0.66103911620695743 0.34400030044186664 0.11242336235307611  -382.82000732421875         8 4 
266    0.69748922070359287 0.11847081439935163 0.28141834575053698  -367.74929809570312         8 2 
267    0.43154439695406693 0.63189248295149991 0.15357843229744872  -382.80606079101562         8 4 
268    0.68736575644050468 0.34404927504754496 0.21813606858014301  -393.84097290039062         8 5 
269    0.49107215566842261 0.46132699940820637 0.047600844923370987  -378.85311889648438         8 2 
270    0.60453073250166467 0.40455736171044532 0.11500864734099317  -381.42599487304688         8 5 
271    0.46251433127919916 0.83685018362814223 0.0026990259534110331  -396.4459228515625         8 5 
272    0.53657298353774985 0.66028213626831078 0.0034438919856254451  -396.97528076171875         8 3 
273    0.43242055440650701 0.69266737594439964 0.00084768482073249761  -397.35366821289062         8 4 
274    0.39802518180784341 0.17344754477691199 0.65858981172342368  -411.65277099609375         8 4 
275    0.37710878626756106 0.13101252275903275 0.68922585379513646  -397.74862670898438         8 4 
276    0.1116580726683611 0.79642919551683811 0.20544778275223347  -399.46856689453125         8 2 
277    0.13821415143272026 0.90855180880276698 0.00053687011149163488  -396.06509399414062         8 3 
278    0.67742765667478932 0.52000951851530819 0.1201021464892071  -387.5997314453125         8 5 
279    0.04661381761383554 0.70707875630012051 0.24630742608604392  -364.60806274414062         8 2 
280    0.47790125752580276 0.63713500884191898 0.0021725912841233071  -396.88470458984375         8 3 
281    0.42661164766626408 0.2881353588581107 0.28525299347562522  -308.801025390625         8 1 
282    0.25127812434870156 0.52293963962817436 0.33946571010718757  -386.32107543945312         8 3 
283    0.28176189609668806 0.19901016588380924 0.65646912621027653  -384.81643676757812         8 6 
284    0.0030144768557128876 0.80050245931946917 0.45780517335597182  -396.22988891601562         8 2 
285    0.40524483162288094 0.028504694432997295 0.56625047394412176  -394.3951416015625         8 2 
286    0.43792053301140837 0.61889954203253761 0.038521575188767726  -387.6502685546875         8 3 
287    0.82959166260387307 0.14062078334846642 0.41252714528614276  -401.75164794921875         8 4 
288    0.43223055944774358 0.19522797583528578 0.47547625558451845  -383.9716796875         8 4 
289    0.96093501895985522 0.00054465113297380834 0.038520329907170935  -396.7099609375         8 1 
290    0.51682600352169961 0.52093660265232722 0.201569021691443  -389.57730102539062         8 5 
291    0.8187723777404381 0.17759254226471066 0.19630322679584924  -393.912109375         8 4 
292    0.48401440994727346 0.15622756891222672 0.61351730646629965  -407.77337646484375         8 4 
293    0.74182954497743936 0.071286155493066175 0.48031722385875492  -396.61038208007812         8 5 
294    0.15651453408067414 0.85117381228739253 0.10142761878034807  -396.45468139648438         8 4 
295    0.0076531409246102964 0.31663885649796258 0.80962578400851559  -396.32891845703125         8 1 
296    0.15647265518611619 0.39581623677854028 0.44771110803534353  -337.34933471679688         8 0 
297    0.42976730894324255 0.087281339159463511 0.48295135189729393  -366.52084350585938         8 3 
298    0.62497157129475367 0.067122261250529391 0.51537324889681435  -394.6080322265625         8 4 
299    0.13917851035214451 0.77000269705830571 0.24959351423643014  -405.80819702148438         8 2 
300    0.61758395074921313 0.1969032227821553 0.18551282646863157  -316.5350341796875         8 2 
301    0.64443641529567741 0.15816191872678326 0.31441980835599942  -355.37405395507812         8 2 
302    0.10597208404607214 0.27226055624234091 0.75226530066982578  -400.1900634765625         8 4 
303    0.0012893964671505662 0.92673139773080249 0.18906394775662283  -396.277099609375         8 1 
304    0.83031590795694321 0.099859372390358955 0.31903483644753972  -398.36102294921875         8 4 
305    0.06690592081953689 0.85862691426189031 0.22001792314931704  -404.61453247070312         8 2 
306    0.58774579164462426 0.3412347004837894 0.13238149812466499  -384.57424926757812         8 4 
307    0.78910724496098361 0.16368713479314725 0.1467511199514572  -386.25335693359375         8 4 
308    0.475312522021063 0.80547828259922982 0.045770453980944543  -398.67495727539062         8 5 
309    0.90090399746439143 0.14725333690404624 0.00059229843189338542  -396.931640625         8 4 
310    0.37553986037090376 0.23407814459946447 0.48786596019557432  -341.2724609375         8 2 
311    0.0032653606117772206 0.81944261174782296 0.26687425435867967  -389.12265014648438         8 2 
312    0.30993262633703927 0.92885227746607357 0.0021865120024383232  -395.548583984375         8 5 
313    0.19201206022592246 0.25638348137052264 0.6277524508235468  -381.42666625976562         8 2 
314    0.32261389301539645 0.63853574177098193 0.039222400974931501  -392.741943359375         8 2 
315    0.29069947471587687 0.44773289474008676 0.41121583823154628  -389.79989624023438         8 3 
316    0.4805319263590494 0.75504253044825043 0.0057817034023623717  -392.91281127929688         8 4 
317    0.43143864270140392 0.2712011043562792 0.49927916478220163  -383.59857177734375         8 3 
318    0.48283459844754828 0.012013909168162078 0.6941882504219592  -397.8502197265625         8 4 
319    0.81943082618562457 0.18162586726913491 0.092604167035922072  -383.42584228515625         8 6 
320    0.66485196329680674 0.035366053856244861 0.55506874281879803  -390.74002075195312         8 4 
321    0.23705612070963522 0.93788180361722429 0.00069413024201196857  -393.71701049804688         8 4 
322    0.64232035141477584 0.0012369672985447701 0.64437159453301329  -397.38766479492188         8 2 
323    0.55243601218002836 0.63595531501426128 0.12769172122930425  -397.24630737304688         8 6 
324    0.14953047909633724 0.46757396013288649 0.37331877086057025  -341.80636596679688         8 3 
325    0.21444641624547126 0.44961554717370622 0.40032278100823432  -328.45462036132812         8 2 
326    0.90815668329279453 0.17538555102245948 0.20461257857531695  -395.87796020507812         8 5 
327    0.019875488584574656 0.63367665827037079 0.57842421653245835  -396.80648803710938         8 1 
328    0.025814349699175978 0.61665137219376265 0.40007748711937502  -290.46017456054688         8 2 
329    0.75621135685826235 0.14311394069924163 0.28824886312209608  -387.28811645507812         8 4 
330    0.20800362983561627 0.3926102362720425 0.39938613389234123  -308.40057373046875         8 2 
331    0.72145188325714715 0.3828138345938345 0.0045856624191759222  -397.06912231445312         8 5 
332    0.041391126707912423 0.28913272835681725 0.6694761449352703  -349.2686767578125         8 2 
333    0.69736567184598708 0.091279656835536557 0.21135467131847635  -341.06878662109375         8 1 
334    0.12719175934726881 0.35607707328338106 0.6086897402202196  -387.77200317382812         8 5 
335    0.27848381680265116 0.13900203656031032 0.58251414663703849  -385.63925170898438         8 1 
336    0.47147803146380396 0.51904645140808892 0.11819642511029006  -381.57638549804688         8 4 
337    0.70716982973126963 0.0414705287369838 0.42021754260519534  -396.00112915039062         8 3 
338    0.51046622530276842 0.30409932299100956 0.3941909858539539  -376.3927001953125         8 4 
339    0.028890661800291137 0.1944811916175172 0.7766281465821917  -386.12750244140625         8 2 
340    0.56359861303015613 0.33264477908215728 0.36202163253139341  -395.72293090820312         8 3 
341    0.00087885389897066621 0.96011843103926187 0.039002715061767411  -394.70321655273438         8 0 
342    0.86145283190778399 0.0010596544423401373 0.21332069964172456  -396.15203857421875         8 3 
343    0.19669753512560278 0.62782850182192973 0.17547396305246751  -370.60739135742188         8 3 
344    0.087877311774322509 0.89387697576562053 0.01824571246005699  -397.32272338867188         8 3 
345    0.27893100270040283 0.20099935853871972 0.52735306000570348  -371.28955078125         8 2 
346    0.51489607809547711 0.35254488365837983 0.34176475497665826  -380.3251953125         8 3 
347    0.089007003759788011 0.35690994233406848 0.7149623177732185  -413.92526245117188         8 1 
348    0.49124673201705271 0.42089425532877756 0.087859012654169705  -375.12136840820312         8 0 
349    0.071945788892760654 0.087808813604995387 0.84024539750224392  -387.72140502929688         8 1 
350    0.74125313490329314 0.10085093408562198 0.15789593101108484  -318.74014282226562         8 1 
351    0.52415830490613136 0.62323690814363497 0.078956597090721642  -390.382080078125         8 4 
352    0.62796771900803028 0.35671837626407221 0.36578247946711945  -436.58203125         8 4 
353    0.03136226323465445 0.091489005121380154 0.87714873164396534  -390.6707763671875         8 2 
354    0.46848584067522192 0.089355658799548432 0.69252488443447291  -386.1429443359375         8 4 
355    0.62948457539901503 0.10245915994433853 0.34400247755373953  -384.86944580078125         8 3 
356    0.55140109418873506 0.14886099630270458 0.29973790950856033  -337.25164794921875         8 1 
357    0.29946844193371119 0.0029761284130464458 0.79051374340422242  -396.6600341796875         8 3 
358    0.18582542045516617 0.70979427707011977 0.1991592809193449  -385.76165771484375         8 4 
359    0.43378073466708261 0.1878915950782663 0.37832767025465108  -339.86453247070312         8 1 
360    0.84683704148979699 0.15304947052583806 0.00011348798436490111  -397.09921264648438         8 2 
361    0.12020357322863771 0.65674025290863958 0.47175475574465475  -407.97384643554688         8 1 
362    0.19236819370245847 0.53790433681628491 0.26972746948125664  -380.416015625         8 3 
363    0.34461509709151655 0.71221861144494758 0.30275046176415704  -381.73989868164062         8 5 
364    0.11518745456578271 0.46189115496611288 0.51112025235875191  -411.2115478515625         8 1 
365    0.00191130596208613 0.76714660610422958 0.40816863298151984  -414.68173217773438         8 1 
366    0.35198180789260958 0.059826314058798402 0.74929872528426522  -405.16790771484375         8 3 
367    0.0015122371025510586 0.75790966961554374 0.57450113403585534  -409.1456298828125         8 2 
368    0.66746139666018189 0.25533936514069011 0.23476144338765342  -381.22268676757812         8 5 
369    0.0019259712111486819 0.40806079366348968 0.71449707589375744  -422.89944458007812         8 2 
370    0.11745181564372989 0.73036399077987968 0.15218419357639046  -375.2567138671875         8 0 
371    0.39476712768854827 0.16649964606440076 0.43873322624705097  -374.84829711914062         8 1 
372    0.534757827769061 0.071211209849300558 0.39403096238163848  -357.65042114257812         8 2 
373    0.34124247249469764 0.76184582088223463 0.1390120151693113  -402.89715576171875         8 5 
374    0.3604607216757883 0.80645290455888807 0.00060737063533332619  -396.507080078125         8 4 
375    0.27282951251869803 0.79741892609360676 0.093032636183760647  -391.99868774414062         8 5 
376    0.26460710264932191 0.43285419879765852 0.30253869855301951  -342.38125610351562         8 2 
377    0.67618469461893105 0.28536987329271629 0.042052241705864246  -387.01199340820312         8 3 
378    0.0026023862217236901 0.57279793305288873 0.43166882199318424  -338.54705810546875         8 1 
379    0.32882832346985152 0.10483976559740497 0.56633191093274349  -363.85818481445312         8 1 
380    0.55485141178792241 0.10859627151624993 0.3372029190017764  -364.46630859375         8 9 
381    0.31572203450382286 0.2427563065204055 0.68777431791348498  -399.614501953125         8 4 
382    0.96528267998095485 0.043029619828855212 0.0006576721209774275  -397.0833740234375         8 4 
383    0.82545225751892171 0.27465089555720817 0.25668806852420983  -390.7174072265625         8 6 
384    0.47513059082929315 0.44236099150667407 0.22554315507800776  -373.8203125         8 5 
385    0.055933929772423209 0.74328284453334692 0.20078322569422985  -382.88864135742188         8 2 
386    0.29347077724441478 0.11385994079471659 0.7318469083951894  -400.1649169921875         8 3 
387    0.11914581847649823 0.91441408534167778 0.081928055688392745  -395.53628540039062         8 4 
388    0.60998719687847347 0.10376956293815211 0.28624324018337438  -341.67745971679688         8 3 
389    0.70642455265739668 0.22815591959282833 0.065419527749774956  -339.2667236328125         8 5 
390    0.0034047607135738369 0.44854891529826135 0.67359424693888525  -385.87191772460938         8 1 
391    0.74068661658102364 0.28378083137970755 0.33335541650688982  -399.9464111328125         8 5 
392    0.76021879616638832 0.31946071403922005 0.0042664979923769464  -397.32977294921875         8 4 
393    0.72731106606632101 0.25803270532257955 0.20124143566275618  -378.90103149414062         8 4 
394    0.49249953167513655 0.3339953518609779 0.4629355361664178  -407.57476806640625         8 5 
395    0.60282753807759271 0.49623841025278026 0.14153807465368351  -381.31307983398438         8 4 
396    0.65629002305350648 0.12778372579899822 0.21592625114749528  -316.83895874023438         8 2 
397    0.45225270119028499 0.30581147964472177 0.42968124685930459  -379.28759765625         8 4 
398    0.55154226726976785 0.44779694811983434 0.00066078461039775088  -391.3658447265625         8 2 
399    0.28569632308713172 0.071333992025322701 0.64296968488754558  -389.3524169921875         8 2 
400    0.9047248261451718 0.057312656312016978 0.13607845672884789  -394.97390747070312         8 6 
401    0.00086372667598029267 0.74354787696477509 0.25558839635924463  -388.4051513671875         8 0 
402    0.92492154104196911 0.011242392481418973 0.18167713382903725  -396.71063232421875         8 5 
403    0.41582138078213271 0.77501027351193941 0.0019948195037864003  -396.98318481445312         8 5 
404    0.15457393496492422 0.51452707175463774 0.50106972797700822  -388.772216796875         8 1 
405    0.26372388994894475 0.68591312835456308 0.20295307267017362  -384.728515625         8 4 
406    0.62990411209953467 0.04999001691744643 0.29878211244121589  -396.6925048828125         8 5 
407    0.001955027354413785 0.74074115885821912 0.48324278734102605  -416.27163696289062         8 1 
408    0.052909591486353394 0.97830331571869777 0.00017889566296715916  -395.446044921875         8 3 
409    0.0012212900647370325 0.83156971882655106 0.16720899110871196  -370.86410522460938         8 0 
410    0.30087244371379468 0.0017075673893665174 0.69837113154378772  -389.36056518554688         8 2 
411    0.59064586850034395 0.40930093952665969 5.3191972996373602e-05  -397.06927490234375         8 2 
412    0.42655380257256609 0.18931086342225756 0.58969307756637002  -394.550537109375         8 3 
413    0.1753885735686653 0.56377097315790603 0.39254905286933917  -335.00271606445312         8 2 
414    0.55521366045567655 0.27002957926099036 0.17475676028333303  -305.19244384765625         8 6 
415    0.57944687878108836 0.064370984307571502 0.35618213691134015  -371.38162231445312         8 2 
416    0.20602870414330257 0.14048650764117895 0.65348478821551848  -375.25958251953125         8 0 
417    0.66794211874225407 0.30717232689082591 0.17800250271950749  -383.29974365234375         8 4 
418    0.84535922620706805 0.00030213875571292429 0.15433863503721909  -391.81417846679688         8 2 
419    0.044714605442263175 0.32956345703615453 0.62572193752158234  -336.47109985351562         8 2 
420    0.78873072469507133 0.32866485383309835 0.27508079634825378  -388.47149658203125         8 5 
421    0.20678309107720944 0.79198108731647954 0.13274235675230669  -391.34213256835938         8 4 
422    0.48030072014322311 0.16004013682019316 0.45846352994498224  -383.74185180664062         8 4 
423    0.62212681965581151 0.36344450732413713 0.014428673020051392  -394.9034423828125         8 4 
424    0.5882359841651793 0.19005806586403326 0.28359456987489534  -377.341064453125         8 4 
425    0.31912479952074863 0.12423931450441657 0.62936572127405765  -394.6871337890625         8 3 
426    0.34283187175225621 0.3545352619878927 0.30263286625985109  -340.94537353515625         8 1 
427    0.17003354688824873 0.12890319894030736 0.70106325417144388  -373.88522338867188         8 0 
428    0.80803773151123526 0.19116500174109813 0.00079726674766665486  -394.00579833984375         8 2 
429    0.31880907539532272 0.40623009666105814 0.27496082794361915  -330.8892822265625         8 4 
430    0.34480536633141556 0.68691876765711324 0.15900576231016161  -394.19500732421875         8 4 
431    0.37266994061060005 0.077353134328592796 0.54997692506080709  -384.2615966796875         8 0 
432    0.47236697570238978 0.3467480046489414 0.26144430604138108  -349.10382080078125         8 3 
433    0.49874361765354369 0.68320611243698759 0.082287330477692794  -401.73065185546875         8 4 
434    0.13254213597350439 0.84370526258994694 0.051349315831004258  -359.232666015625         8 5 
435    0.20771409175507105 0.57962801243004081 0.21265789581488817  -346.77737426757812         8 3 
436    0.43291691013771388 0.65344189728155866 0.086639076461857811  -378.53900146484375         8 3 
437    0.054986935230657723 0.43410802717442371 0.51090503759491857  -345.46432495117188         8 0 
438    0.66937699646050264 0.6672111769775424 0.017563362291754089  -393.10247802734375         8 5 
439    0.34807367527818739 0.78649610834891448 0.087915340235265149  -400.42507934570312         8 4 
440    0.50912124347739318 0.001446937165120612 0.7561812794506193  -404.00811767578125         8 3 
441    0.32861110713453462 0.56446139287179631 0.10692749999366906  -374.7484130859375         8 0 
442    0.43190568916870953 0.36832729603991726 0.41096591186376796  -382.21670532226562         8 4 
443    0.11022830970382101 0.5160232761121688 0.65630645639793717  -410.83355712890625         8 1 
444    0.16248219767000019 0.089600558563435129 0.74791724376656465  -382.20010375976562         8 1 
445    0.18107296492410252 0.46603051851840344 0.49601635302598684  -385.460693359375         8 3 
446    0.43332425713846945 0.12989027232527939 0.62971806300432887  -419.19879150390625         8 5 
447    0.11987083502697204 0.0075772899300516686 0.87255187504297627  -396.90029907226562         8 1 
448    0.74976982659779434 0.13558934347991403 0.11464082992229166  -332.44320678710938         8 1 
449    0.013195033452893667 0.91220173157584883 0.074603234971257482  -394.56796264648438         8 2 
450    0.64678781885280467 0.54021664016001647 0.076630452153143333  -392.581787109375         8 4 
451    0.95704908186753501 0.082856764773192676 0.099904237762876894  -397.21731567382812         8 4 
452    0.588870411864438 0.48850748336574612 0.208587203120116  -396.84954833984375         8 3 
453    0.8801025024980742 0.27862117516259904 0.14874853482056438  -398.97955322265625         8 5 
454    0.2683508738162878 0.64580770539791088 0.30032205003206131  -387.62918090820312         8 4 
455    0.21183178176008757 0.17686412153873565 0.7108611439175021  -397.11614990234375         8 3 
456    0.0034283243745680636 0.47032104243649187 0.53377113117333941  -303.5257568359375         8 2 
457    0.10982016845103063 0.7825167178735376 0.11222593172196982  -384.281005859375         8 1 
458    0.00086222504059568317 0.91958528461642408 0.13489586753426672  -392.16067504882812         8 1 
459    0.40798730042354903 0.59161015066640232 0.00040254891004858805  -394.12078857421875         8 1 
460    0.84752679392518704 0.22407455682301683 0.24986726184832667  -391.01211547851562         8 5 
461    0.64869905343279721 0.45449368182975924 0.0053174326899127393  -390.07037353515625         8 4 
462    0.54945286579640418 0.053418646666113498 0.5717255234644355  -391.80267333984375         8 3 
463    0.61855319942375686 0.55833701723867712 0.00070741249524884024  -394.097900390625         8 3 
464    0.68198439057664295 0.40393393281606471 0.066304679041544357  -388.1712646484375         8 4 
465    0.088762036927489921 0.22142134862879034 0.775997951217546  -395.20050048828125         8 1 
466    0.43857523875517285 0.3274565474163893 0.36997029527397651  -366.35302734375         8 2 
467    0.17020866936767778 0.68421486664205255 0.14557646399026969  -378.15383911132812         8 0 
468    0.54254767706842733 0.33159449422972864 0.2771555642113579  -378.3260498046875         8 3 
469    0.2424368032279797 0.7550077925754799 0.19727582123772219  -393.1162109375         8 4 
470    0.24501213352047946 0.62608065031154392 0.25453524141370443  -380.095703125         8 4 
471    0.86032364450262699 0.34801107826033989 0.094469681942351807  -397.17501831054688         8 4 
472    0.36827523273790008 0.63136140106569472 0.00036336619640520271  -394.102294921875         8 1 
473    0.042993622222407879 0.0009856706863081413 0.96341555561169112  -397.1478271484375         8 3 
474    0.80832232145285376 0.23898606730054722 0.11471261046098231  -391.40325927734375         8 5 
475    0.54179281578245142 0.1096360806743174 0.59550543797167732  -396.01925659179688         8 4 
476    0.6765902863172466 0.30062235972007667 0.41538082102300056  -427.420166015625         8 5 
477    0.11474012636389185 0.44159491515159044 0.69452877469083052  -409.53054809570312         8 1 
478    0.002408889740922438 0.74996902258648168 0.34836713495568195  -386.317138671875         8 1 
479    0.215242452412337 0.034633097598533301 0.75012444998912975  -396.25479125976562         8 0 
480    0.81640057128408594 0.50830104135566767 0.066609381099265494  -393.8817138671875         8 5 
481    0.0023495672380431727 0.33194870301359597 0.66570172974836084  -350.7486572265625         8 1 
482    0.16355095474742565 0.78391347231035025 0.052535572942224051  -376.70947265625         8 1 
483    0.36742619027432732 0.12110608348796496 0.51315442235314523  -345.572265625         8 10 
484    0.2198039834003169 0.47827582162657511 0.30192019497310796  -380.62176513671875         8 2 
485    0.30770605063906714 0.26520684016292723 0.54470357844498274  -349.355224609375         8 2 
486    0.36816431893096369 0.52453772373309149 0.10729795733594488  -380.39279174804688         8 0 
487    0.25788465558387208 0.34349759809014946 0.50932727239643616  -382.2906494140625         8 3 
488    0.47287619380493912 0.39284524565340501 0.13427856054165591  -382.60153198242188         8 2 
489    0.48120196402847903 0.12149369390359914 0.49730720869464062  -393.88861083984375         8 6 
490    0.22018758376441086 0.73512772989999065 0.044684686335598509  -394.32684326171875         8 2 
491    0.68958314582629721 0.21740871613599486 0.35074239253928263  -395.67083740234375         8 6 
492    0.6068252584392283 0.42754164937085787 0.16558987712745143  -398.34808349609375         8 5 
493    0.78760433159137033 0.22214214493177931 0.20466484939771265  -400.12286376953125         8 5 
494    0.0018475419260213909 0.69668684483328724 0.59582567193671743  -417.36105346679688         8 1 
495    0.27100353526986315 0.30439976272300545 0.4245967020071314  -346.3424072265625         8 3 
496    0.55491433326052153 0.2609647872280349 0.36221929621034821  -382.16354370117188         8 2 
497    0.25817297710422177 0.88646894803535814 0.00064786817178018037  -393.34902954101562         8 4 
498    0.53155463416360582 0.27813708460213787 0.24012033707077221  -323.49819946289062         8 3 
499    0.00047473784136524834 0.00027108305094770957 0.99925417910768699  -397.11236572265625         8 0 
500    0.34569232554905682 0.0010012689075805522 0.65330640554336261  -394.2911376953125         8 1 
501    0.79940951624283285 0.24130571769703898 0.32272203226543777  -392.73822021484375         8 6 
502    0.88783297438665298 0.0010273399101026336 0.11113968570324435  -391.58993530273438         8 1 
503    0.80724103912426148 0.12211718386228389 0.26694883001668274  -393.02761840820312         8 4 
504    0.86019487047160925 0.2224604002736027 0.086181052730292251  -397.62826538085938         8 4 
505    0.86724516979338606 0.16991645555006607 0.057399727456786925  -393.11251831054688         8 4 
506    0.29130259450707691 0.60407382969776058 0.10462357579516247  -366.97314453125         8 2 
507    0.93388352220951987 0.15062024682880512 0.055220925281852899  -397.43264770507812         8 5 
508    0.79847999068326803 0.05026262487268663 0.23961688194443484  -390.989501953125         8 5 
509    0.71485426845917499 0.12688898167755089 0.41505232000253928  -385.63320922851562         8 4 
510    0.28395392690719196 0.47326577211239484 0.24329125529678006  -377.98590087890625         8 5 
511    0.59138900266580829 0.44028201881796486 0.23424099711841739  -395.88995361328125         8 5 
512    0.39792142940845732 0.61031522824009676 0.11175447638250514  -383.49838256835938         8 5 
513    0.096645150766172985 0.70558826472040281 0.50695231840130528  -410.19473266601562         8 1 
514    0.31009276898623267 0.82186800488784451 0.062288902016957297  -404.818115234375         8 3 
515    0.10179973817427444 0.4082076370019142 0.48999262482381134  -345.77587890625         8 0 
516    0.92513350929997296 0.024678390806202103 0.34571575323654985  -397.32275390625         8 5 
517    0.19071878079304336 0.29364649795407427 0.51563472125288234  -328.94183349609375         8 1 
518    0.45183543735219039 0.49125569563917432 0.18949434088145345  -376.92965698242188         8 5 
519    0.00086578029869341204 0.038377273257666787 0.96075694644363985  -396.1636962890625         8 0 
520    0.39651989981732311 0.49003867727405986 0.19752469061064937  -356.88406372070312         8 3 
521    0.8220976068283391 0.075829392418370889 0.18096084843915083  -388.400146484375         8 5 
522    0.62840363559158618 0.31884814600796874 0.052748218400445031  -387.73370361328125         8 3 
523    0.50531566814003193 0.5420616142245589 0.041435928870723247  -388.30874633789062         8 2 
524    0.28970614739757006 0.84160894831597755 0.0019448863274949065  -394.3143310546875         8 3 
525    0.84251920646727285 0.11040112769830301 0.13216945726728829  -398.51559448242188         8 5 
526    0.31603581333721115 0.68365236354461056 0.00031182311817828885  -394.09246826171875         8 1 
527    0.60377667478840269 0.1608493014774717 0.23537402373412564  -317.52255249023438         8 1 
528    0.45289154946691007 0.21458819820832292 0.42469256624026064  -337.20034790039062         8 3 
529    0.04426656354416536 0.036710226242996247 0.91902321021283839  -396.25677490234375         8 0 
530    0.59130071352549318 0.12774394678927162 0.50740294702431021  -396.93328857421875         8 5 
531    0.3319752413508702 0.39845076183009387 0.40532745866440667  -313.88229370117188         8 2 
532    0.0040384129286030737 0.55401717307129195 0.69866044414960438  -403.782958984375         8 2 
533    0.67573951055499037 0.00094313367904253268 0.48545793456976077  -397.31295776367188         8 3 
534    0.59875438277043003 0.5839480821117472 0.11011418607293187  -393.41085815429688         8 6 
535    0.54760009664091347 0.016654336787462119 0.71846381854787356  -407.33346557617188         8 4 
536    0.90497414166990364 0.020647993230275843 0.45531766213995506  -397.3291015625         8 6 
537    0.30204670973251557 0.75031682013374978 0.00047119404423578965  -390.95660400390625         8 2 
538    0.43072242668714267 0.065544972447363348 0.74745327314427323  -402.26177978515625         8 3 
539    0.67015465794559437 0.59793479252735127 0.039644790860905624  -396.90625         8 4 
540    0.86401625103090385 0.015362925738756557 0.39893510502345392  -397.37420654296875         8 5 
541    0.108106530571138 0.097660870690412016 0.79423259873844998  -388.02169799804688         8 1 
542    0.34374395425363774 0.36927935723839644 0.48312662777532361  -383.23455810546875         8 2 
543    0.52501761570670957 0.74013820389297102 0.10072862800988162  -401.81390380859375         8 5 
544    0.3691885058418839 0.21574225235527666 0.41506924180283949  -330.7322998046875         8 1 
545    0.36214619114666607 0.18492577605801885 0.54828446790533736  -383.40786743164062         8 2 
546    0.50091240891488165 0.18178204674496951 0.40624733185360262  -389.52438354492188         8 2 
547    0.34613816916561801 0.44985747602453025 0.31442295282996285  -332.52804565429688         8 2 
548    0.0020167185496049703 0.28492357913637606 0.71305970231401894  -362.1728515625         8 1 
549    0.44276613671299259 0.12718024762486385 0.43005361566214351  -375.084716796875         8 1 
550    0.70083138940244716 0.53816775917267567 0.0096647454758123138  -395.92813110351562         8 3 
551    0.45148718027404033 0.0075675046511015477 0.62391864485583837  -397.45407104492188         8 5 
552    0.20829923193509711 0.084801535050273227 0.79530251964114895  -399.95620727539062         8 2 
553    0.49404047071569512 0.24375256346003615 0.35547472913256623  -325.45388793945312         8 2 
554    0.30229012706092523 0.43396949885052111 0.4827149486947987  -385.92605590820312         8 2 
555    0.11256795181966309 0.59924340052625147 0.50289133596721347  -387.6424560546875         8 1 
556    0.0021303538497034098 0.17549015080469854 0.82237949534559807  -389.46453857421875         8 1 
557    0.089058782511267226 0.49216270947535018 0.60271395573710596  -404.41009521484375         8 1 
558    0.54717049194462486 0.44591871170777364 0.27464170706487062  -393.62191772460938         8 3 
559    0.15622759754744517 0.6264583737941738 0.43642994317615585  -390.53656005859375         8 1 
560    0.68006519083148975 0.45634020263044583 0.22284406175148266  -402.79470825195312         8 4 
561    0.0027756144355419918 0.36566412417327632 0.75754201242745134  -410.67263793945312         8 1 
562    0.55902246575406178 0.75841304561002421 0.00081191725029381074  -393.42657470703125         8 5 
563    0.67863861346700738 0.20266022137439574 0.26582982765245561  -363.28213500976562         8 3 
564    0.23536622162369203 0.57893710157913869 0.31032131288590958  -384.01513671875         8 3 
565    0.15356428009485054 0.84631131443482421 0.00012440547032528169  -389.26162719726562         8 2 
566    0.23444159329381278 0.282057500299907 0.48350090640628018  -322.22509765625         8 1 
567    0.74935221802354413 0.10549606988817344 0.21750555680556577  -378.76165771484375         8 5 
568    0.63241782244996747 0.24398563837439882 0.28145215603065793  -392.19735717773438         8 4 
569    0.21600938416431648 0.097463889093642952 0.68652672674204052  -387.16024780273438         8 1 
570    0.87333862045013777 0.10516068545650825 0.021500694093354006  -390.29248046875         8 3 
571    0.61520313282538552 0.10591341356789674 0.44762250710183998  -396.36016845703125         8 4 
572    0.51002728618603932 0.07473306770515796 0.53148387851000034  -396.41180419921875         8 4 
573    0.55115794715817623 0.42819447023539092 0.11156373453435912  -383.81198120117188         8 3 
574    0.52942029648101996 0.21611379153729973 0.44116922975897699  -378.84750366210938         8 3 
575    0.16558903981407269 0.85362368796453869 0.17349029787072701  -388.35784912109375         8 4 
576    0.055242349738512046 0.78669416253906754 0.15806348772242043  -373.8397216796875         8 0 
577    0.088855071558780044 0.30235013966124241 0.60879478877997761  -331.89080810546875         8 2 
578    0.42025847301558611 0.52111025954142598 0.14494350086677596  -380.02001953125         8 4 
579    0.11723321788789126 0.45446690624310132 0.42829987586900742  -337.9053955078125         8 0 
580    0.38090840220777827 0.39674602150562477 0.32073032092127818  -339.0982666015625         8 1 
581    0.4741624223064993 0.265754320704084 0.2600832569894167  -304.076904296875         8 1 
582    0.34036177401417844 0.71325813805792015 0.044685376241079315  -388.78860473632812         8 2 
583    0.1052753714551516 0.61889571526126164 0.27582891328358677  -384.13613891601562         8 2 
584    0.370035467478467 0.6931774284488692 0.10721827972253456  -383.49246215820312         8 4 
585    0.28748500037353558 0.35032775843851949 0.45952563860836948  -326.50274658203125         8 2 
586    0.79323144345855046 0.39074298977526312 0.013246133448610269  -393.99026489257812         8 4 
587    0.46868109623918897 0.074822879669352679 0.59844440869504845  -394.58395385742188         8 2 
588    0.57293568936257533 0.013944079186034693 0.52852938073775957  -399.61004638671875         8 3 
589    0.00075218867198556993 0.077079046388498274 0.92216876493951616  -399.21255493164062         8 1 
590    0.38079893833561745 0.28000812077603049 0.37640588210616399  -306.5308837890625         8 2 
591    0.10762773441125542 0.5947797161479873 0.43935094110923822  -377.15496826171875         8 1 
592    0.40940915326757016 0.23220544862469406 0.35838539810773579  -326.87274169921875         8 1 
593    0.25223846047147302 0.049966827934776109 0.69779471159375084  -387.57022094726562         8 3 
594    0.1371304671027484 0.22525651123190601 0.79987001988287276  -402.6478271484375         8 1 
595    0.38003415735932716 0.67903080637977697 0.027960136103767585  -394.29330444335938         8 3 
596    0.88736633274429566 0.18768719420547333 0.15077363187530909  -394.3564453125         8 5 
597    0.66359335261476937 0.21379030369294469 0.42310467952023317  -388.44528198242188         8 4 
598    0.0072928418164357311 0.6954881082629335 0.29721904992063075  -351.21615600585938         8 1 
599    0.53041926696506869 0.26002888897567916 0.53957937114901944  -426.18173217773438         8 6 
600    0.67420711923790499 0.32501305033566258 0.00077983042643244873  -391.2347412109375         8 3 
601    0.39492326348466267 0.8586723753306843 0.0026608903100465479  -396.628662109375         8 5 
602    0.25959136590797777 0.0010792069614469141 0.73932942713057537  -389.77859497070312         8 1 
603    0.48372115601797527 0.39012277217012864 0.39018728960429283  -383.64590454101562         8 6 
604    0.20884011977296685 0.84368291015857211 0.034286815089111009  -388.88150024414062         8 4 
605    0.46932977019231337 0.59674825860988012 0.094336152671257834  -383.49533081054688         8 4 
606    0.52959712784294821 0.54490327327848054 0.099776930292149929  -388.39816284179688         8 4 
607    0.54283940133497099 0.00080277016934350706 0.6594435694008054  -393.872314453125         8 3 
608    0.39377876642247051 0.75188985753626192 0.050578698691988333  -396.19268798828125         8 5 
609    0.15500128152366102 0.68445754849533091 0.31358738214214399  -395.2349853515625         8 2 
610    0.66953281710912904 0.11359862499098174 0.4635277785722432  -388.84423828125         8 5 
611    0.090267623798714572 0.56585872949343852 0.55904892507578885  -385.43502807617188         8 2 
612    0.61359023523604062 0.0034570744687720057 0.58072749730141571  -393.27850341796875         8 2 
613    0.5782108374590984 0.24826412914299678 0.27700389114049989  -382.112060546875         8 3 
614    0.21160951571892081 0.72710638562660146 0.1508462516255028  -385.80059814453125         8 3 
615    0.54268571373978858 0.21501953229768769 0.30230022911099419  -351.88790893554688         8 2 
616    0.23132935484736444 0.24369792790686209 0.52497271724577343  -357.78005981445312         8 1 
617    0.34859378830141585 0.042451427603954255 0.61048373186002103  -386.75820922851562         8 3 
618    0.75612060355058852 0.084996786891879894 0.34682085119339395  -388.45034790039062         8 4 
619    0.15518613369877957 0.62228219903860704 0.36422365572601506  -387.17861938476562         8 1 
620    0.25026213927384 0.59486514618729769 0.15487271453886226  -383.12460327148438         8 1 
621    0.41236151016707934 0.08468346567333751 0.66068468318970508  -387.42645263671875         8 3 
622    0.78038313258653935 0.46511496148640169 0.0064599917683707958  -396.1131591796875         8 4 
623    0.27598659042753076 0.733464521766234 0.12647038006434766  -385.6934814453125         8 4 
624    0.69753266451593154 0.069634289527138002 0.31963031970796735  -388.63372802734375         8 4 
625    0.1957709258116028 0.6409664670093812 0.29891149527849176  -385.8345947265625         8 2 
626    0.059916895806715734 0.15156693154760531 0.78851617264567897  -374.96762084960938         8 0 
627    0.25209464007428772 0.11763771057017237 0.63026764935553992  -373.8697509765625         8 0 
628    0.10717844359731164 0.13866530902746568 0.75415624737522269  -373.86227416992188         8 0 
629    0.47695423025901879 0.047310099421022767 0.47600620476004379  -382.49957275390625         8 7 
630    0.92115400758493837 0.03845264542063432 0.040393346994427315  -391.95590209960938         8 2 
631    0.31417044818611078 0.56041699635342357 0.22271113535227413  -376.75128173828125         8 3 
632    0.72237905163539184 0.47348144956032362 0.0065761941023378314  -396.63717651367188         8 3 
633    0.65456451555616346 0.15797169409423206 0.39513723580974985  -398.04949951171875         8 4 
634    0.92247019152078236 0.077191681889656832 0.00033812658956075997  -397.09613037109375         8 3 
635    0.79729569948430234 0.00092257633571143146 0.20178172417998624  -393.18231201171875         8 2 
636    0.34926003892904423 0.64081133363825216 0.13027968173939442  -383.33074951171875         8 3 
637    0.58853540395250536 0.13850680355119108 0.37717465042103676  -382.14089965820312         8 4 
638    0.1388327948584569 0.28576576197562037 0.57540144316592268  -333.587890625         8 2 
639    0.29258971324192951 0.66885679541574905 0.1578670517802509  -379.42758178710938         8 4 
640    0.32005070216954379 0.15518819972699607 0.52476109810346017  -378.17529296875         8 1 
641    0.062203064153167752 0.8239944958614388 0.11380243998539345  -387.57644653320312         8 0 
642    0.52441342358558851 0.48301856956654737 0.1419712258734267  -382.23309326171875         8 3 
643    0.87857123104871648 0.12299046570980778 0.20351174094071914  -393.41848754882812         8 3 
644    0.14534284252257298 0.63385638593969318 0.22080077153773386  -364.66259765625         8 1 
645    0.057784464531529967 0.48507237482817045 0.45714316064029958  -324.00650024414062         8 0 
646    0.34480046185157648 0.32394818700307554 0.42492350070151891  -325.87188720703125         8 2 
647    0.35618543502231897 0.5935984063327967 0.050216158644884372  -386.62869262695312         8 2 
648    0.12336544999022064 0.68175055183525968 0.19488399817451965  -390.3424072265625         8 0 
649    0.002336148573653312 0.5141977248122509 0.48346612661409577  -364.068115234375         8 0 
650    0.51757359537084524 0.00061180030507339538 0.56594455342963579  -398.18048095703125         8 2 
651    0.65703846947013633 0.44740531042135362 0.12538267958000301  -384.53506469726562         8 4 
652    0.15452065159392253 0.18859026084427918 0.65688908756179831  -380.09881591796875         8 1 
653    0.48822304539236683 0.00013879995184928719 0.51163815465578388  -395.88519287109375         8 0 
654    0.76105554211988302 0.23819354705850868 0.00075091082160829185  -393.99758911132812         8 2 
655    0.0019436537740166564 0.59171520881942885 0.62667972754722368  -421.57855224609375         8 1 
656    0.37254892864381722 0.30979791606111912 0.32677633411485207  -308.359375         8 2 
657    0.16854075959443288 0.74036018623596789 0.092226801212220821  -375.35601806640625         8 2 
658    0.28191657660713626 0.55032316818689375 0.16776025520597004  -370.66433715820312         8 1 
659    0.008072072951858562 0.86682484678240312 0.1251030802657383  -386.73199462890625         8 1 
660    0.23580719763447014 0.41699039745214822 0.4497796880425774  -375.22320556640625         8 3 
661    0.67242108573878245 0.24945511561626288 0.17002744021327776  -386.79052734375         8 4 
662    0.59880984673250959 0.46444443662665785 0.076237317049528922  -385.76568603515625         8 4 
663    0.71818552669654934 0.28098377468048968 0.00083069862296092953  -391.3992919921875         8 2 
664    0.26413839376284515 0.65145974568395637 0.084401860553198524  -383.8521728515625         8 0 
665    0.40439977460652937 0.53986490366822604 0.055735321725244605  -388.92770385742188         8 2 
666    0.041927471064172488 0.24163915792505103 0.71643337101077653  -383.25860595703125         8 1 
667    0.39281282606649598 0.33443738986406285 0.27381295798307975  -324.11355590820312         8 2 
668    0.35941219821792803 0.24353912859235369 0.55904664264313741  -381.06930541992188         8 2 
669    0.73287668281424634 0.2027120205753527 0.18637536173114683  -383.54931640625         8 4 
670    0.83192582882791788 0.093930660623638071 0.074143510548444008  -363.47808837890625         8 3 
671    0.12014844628820344 0.33615089556357519 0.6601849140192263  -388.63482666015625         8 1 
672    0.047584011325626709 0.86801391018545526 0.084413960208386124  -389.49359130859375         8 2 
673    0.1002058394572809 0.35115850601968912 0.54863565452302998  -403.73178100585938         8 1 
674    0.57618137589702967 0.36888208623005575 0.21169595093690935  -381.15435791015625         8 3 
675    0.44601287035642195 0.48807792733167416 0.26710269622631849  -385.42843627929688         8 5 
676    0.36049199923635161 0.079370229229856676 0.68690520837339752  -386.06219482421875         8 3 
677    0.61369056536258881 0.32634688424358538 0.18489250000963037  -380.01754760742188         8 4 
678    0.16905183832911236 0.78735033335771443 0.17655345274165626  -391.92672729492188         8 4 
679    0.19219963893388015 0.33730511755926179 0.47049524350685806  -352.90158081054688         8 2 
680    0.39958969587459797 0.53359585294623968 0.29236626409036637  -385.128173828125         8 4 
681    0.10584461854504346 0.95875494869037514 0.00014531482497047199  -395.52398681640625         8 3 
682    0.47130492113356942 0.75982771759554735 0.098424704934664195  -400.28347778320312         8 4 
683    0.13054701269762894 0.17221011004542433 0.71053011293322665  -395.74932861328125         8 2 
684    0.29589957832314273 0.69315483432277025 0.070099143346606885  -402.16259765625         8 3 
685    0.75922365898777611 0.27515412601345918 0.13496382206503776  -396.09393310546875         8 4 
686    0.6848894573434251 0.00024478546164462771 0.31486575719493026  -395.90786743164062         8 2 
687    0.098799514049643836 0.68774868067393247 0.35537113123356401  -404.0919189453125         8 2 
688    0.32275290085658159 0.59862784861262941 0.1653794938528336  -383.5953369140625         8 3 
689    0.99955320289624272 0.00034888774831155962 9.790935544574631e-05  -397.07122802734375         8 1 
690    0.65845974909309624 0.083813541464867247 0.38865739349967598  -391.79232788085938         8 3 
