0    -0.17999999999999999 -0.31 -0.51000000000000001  -0.78932321071624756         8 13 
1    0.62 -0.31 -0.01  -0.76759845018386841         8 7 
2    -0.29999999999999999 0.47999999999999998 0.17999999999999999  -0.78849238157272339         8 9 
3    0.19 0.11 -0.20000000000000001  -0.77781140804290771         8 7 
4    -0.27000000000000002 0.27000000000000002 -0.20000000000000001  -0.78245252370834351         8 7 
5    -0.02 0.25 0.63  -0.81274211406707764         8 4 
6    0.58999999999999997 0.059999999999999998 0.34999999999999998  -0.82196736335754395         8 3 
7    0.58999999999999997 -0.27000000000000002 -0.10000000000000001  -0.78354758024215698         8 7 
8    0.12 0.14999999999999999 -0.72999999999999998  -0.87159210443496704         8 8 
9    0.10000000000000001 0.46999999999999997 -0.28999999999999998  -0.81532174348831177         8 12 
10    0.16 0.34000000000000002 0.34000000000000002  -0.77621418237686157         8 12 
11    -0.14000000000000001 -0.35999999999999999 0.47999999999999998  -0.82476812601089478         8 7 
12    -0.059999999999999998 0.56000000000000005 -0.10000000000000001  -0.79751831293106079         8 3 
13    -0.23999999999999999 0.080000000000000002 0.66000000000000003  -0.82072871923446655         8 5 
14    -0.64000000000000001 -0.23999999999999999 0  -0.76585662364959717         8 6 
15    -0.20999999999999999 -0.28000000000000003 0.46999999999999997  -0.8206142783164978         8 4 
16    -0.47999999999999998 -0.059999999999999998 -0.46000000000000002  -0.83573609590530396         8 11 
17    -0.14999999999999999 -0.27000000000000002 0  -0.75393867492675781         8 6 
18    -0.32000000000000001 -0.68000000000000005 0  -0.75279331207275391         8 7 
19    -0.56000000000000005 -0.070000000000000007 0.34999999999999998  -0.8084561824798584         8 6 
20    0.14999999999999999 0.26000000000000001 0.39000000000000001  -0.78171324729919434         8 7 
21    -0.13 0.59999999999999998 0.25  -0.81405586004257202         8 7 
22    0.23999999999999999 -0.38 0.16  -0.80556875467300415         8 3 
23    -0.40999999999999998 -0.41999999999999998 0.13  -0.79071354866027832         8 7 
24    -0.17999999999999999 -0.47999999999999998 0  -0.75664722919464111         8 5 
25    0.56000000000000005 -0.080000000000000002 -0.34000000000000002  -0.80650931596755981         8 4 
26    0.46000000000000002 0.059999999999999998 -0.29999999999999999  -0.78079849481582642         8 3 
27    -0.42999999999999999 -0.12 0.45000000000000001  -0.80836701393127441         8 11 
28    0.01 -0.51000000000000001 -0.40000000000000002  -0.79888606071472168         8 3 
29    -0.23999999999999999 -0.050000000000000003 0.68999999999999995  -0.84876388311386108         8 6 
30    -0.029999999999999999 -0.28999999999999998 -0.68000000000000005  -0.79051405191421509         8 6 
31    -0.34000000000000002 0.080000000000000002 0.16  -0.77788341045379639         8 4 
32    0.28000000000000003 -0.20000000000000001 -0.44  -0.80063194036483765         8 3 
33    0.17999999999999999 -0.22 0.44  -0.83861434459686279         8 5 
34    0.28000000000000003 0.14000000000000001 -0.56000000000000005  -0.81525969505310059         8 11 
35    -0.059999999999999998 -0.33000000000000002 0.58999999999999997  -0.84011024236679077         8 11 
36    0.029999999999999999 -0.66000000000000003 0.13  -0.80207884311676025         8 8 
37    -0.31 -0.34000000000000002 -0.34999999999999998  -0.77722984552383423         8 4 
38    -0.34000000000000002 0.40000000000000002 0.10000000000000001  -0.77692657709121704         8 8 
39    -0.20999999999999999 0.37 -0.22  -0.80849790573120117         8 8 
40    0.14999999999999999 -0.81000000000000005 0  -0.78781032562255859         8 3 
41    0.029999999999999999 -0.17000000000000001 0  -0.7460932731628418         8 6 
42    0.23999999999999999 0.41999999999999998 -0.29999999999999999  -0.8063921332359314         8 4 
43    -0.33000000000000002 -0.41999999999999998 -0.25  -0.76711767911911011         8 3 
44    -0.68000000000000005 -0.059999999999999998 -0.26000000000000001  -0.80042386054992676         8 9 
45    0.059999999999999998 0.22 0  -0.7591816782951355         8 5 
46    0.32000000000000001 0.34999999999999998 -0.27000000000000002  -0.79257392883300781         8 1 
47    -0.14999999999999999 -0.5 0.33000000000000002  -0.85735005140304565         8 2 
48    0.32000000000000001 0.050000000000000003 0.63  -0.83434760570526123         8 6 
49    -0.17999999999999999 0.40000000000000002 -0.14000000000000001  -0.79875987768173218         8 6 
50    -0.070000000000000007 -0.28000000000000003 -0.11  -0.76830023527145386         8 4 
51    0.070000000000000007 -0.89000000000000001 0  -0.81402230262756348         8 7 
52    -0.45000000000000001 0.20999999999999999 0.26000000000000001  -0.78749567270278931         8 7 
53    0.17000000000000001 0.059999999999999998 -0.77000000000000002  -0.84660911560058594         8 5 
54    -0.31 -0.33000000000000002 0.12  -0.772896409034729         8 5 
55    -0.47999999999999998 0.16 0.34000000000000002  -0.79415607452392578         8 6 
56    -0.17999999999999999 -0.63 -0.19  -0.76750862598419189         8 5 
57    0.41999999999999998 0.11 -0.45000000000000001  -0.82752948999404907         8 7 
58    0.029999999999999999 -0.51000000000000001 0.35999999999999999  -0.81987887620925903         8 5 
59    -0.27000000000000002 0.22 0.48999999999999999  -0.80055654048919678         8 7 
60    -0.55000000000000004 -0.28999999999999998 0.16  -0.78809213638305664         8 4 
61    -0.20000000000000001 0.27000000000000002 0.20999999999999999  -0.78289330005645752         8 4 
62    -0.38 -0.34000000000000002 -0.28000000000000003  -0.76143646240234375         8 3 
63    0.17999999999999999 -0.58999999999999997 -0.19  -0.79193872213363647         8 7 
64    -0.34000000000000002 0.56000000000000005 0  -0.77631747722625732         8 6 
65    -0.28000000000000003 -0.52000000000000002 -0.20000000000000001  -0.76683461666107178         8 3 
66    -0.25 -0.45000000000000001 -0.29999999999999999  -0.77480196952819824         8 3 
67    -0.20000000000000001 0.14000000000000001 -0.54000000000000004  -0.84346890449523926         8 5 
68    -0.31 -0.10000000000000001 0.56999999999999995  -0.83575356006622314         8 3 
69    0.070000000000000007 0.66000000000000003 -0.17000000000000001  -0.80785435438156128         8 6 
70    -0.45000000000000001 0.16 -0.14999999999999999  -0.79321813583374023         8 5 
71    0.040000000000000001 0.34000000000000002 0.12  -0.76061207056045532         8 8 
72    0.11 -0.050000000000000003 0  -0.74481898546218872         8 7 
73    -0.089999999999999997 -0.72999999999999998 -0.17999999999999999  -0.7880091667175293         8 4 
74    0.11 -0.27000000000000002 -0.14000000000000001  -0.77490627765655518         8 3 
75    0.23999999999999999 0.13 0.20999999999999999  -0.75881659984588623         8 4 
76    0.5 0.26000000000000001 -0.23999999999999999  -0.82079863548278809         8 5 
77    -0.20999999999999999 0.050000000000000003 0.73999999999999999  -0.86284351348876953         8 6 
78    -0.14000000000000001 -0.029999999999999999 -0.82999999999999996  -0.84543323516845703         8 6 
79    0.059999999999999998 0.20999999999999999 -0.11  -0.77811253070831299         8 7 
80    -0.81000000000000005 -0.01 0  -0.75293487310409546         8 7 
81    -0.17999999999999999 0.71999999999999997 0.080000000000000002  -0.78448212146759033         8 5 
82    0.32000000000000001 -0.64000000000000001 0  -0.82015401124954224         8 5 
83    -0.46999999999999997 0.17000000000000001 0.16  -0.77581244707107544         8 7 
84    0.31 -0.55000000000000004 -0.059999999999999998  -0.78917104005813599         8 5 
85    0.070000000000000007 -0.20999999999999999 -0.080000000000000002  -0.76808977127075195         8 5 
86    0.35999999999999999 0.029999999999999999 -0.55000000000000004  -0.80572175979614258         8 9 
87    0.25 0.17999999999999999 -0.050000000000000003  -0.75881314277648926         8 9 
88    -1 0 0  -0.7555384635925293         8 5 
89    0.050000000000000003 0.13 -0.66000000000000003  -0.82034343481063843         8 3 
90    -0.26000000000000001 -0.02 0  -0.71587806940078735         8 5 
91    -0.33000000000000002 0.32000000000000001 0.33000000000000002  -0.83689653873443604         8 3 
92    0.14000000000000001 -0.71999999999999997 0  -0.78748488426208496         8 6 
93    -0.14999999999999999 0.40999999999999998 0.41999999999999998  -0.8237006664276123         8 2 
94    -0.11 -0.35999999999999999 -0.31  -0.78039014339447021         8 5 
95    0.81999999999999995 0.050000000000000003 0.13  -0.80374002456665039         8 1 
96    0.29999999999999999 0.01 -0.63  -0.84454584121704102         8 7 
97    -0.12 0.10000000000000001 0.76000000000000001  -0.84650331735610962         8 5 
98    -0.76000000000000001 -0.040000000000000001 0.16  -0.78311783075332642         8 7 
99    0 0.13 0.17000000000000001  -0.77214103937149048         8 6 
100    -0.79000000000000004 0.19 0  -0.81297671794891357         8 4 
101    -0.5 -0.39000000000000001 0.089999999999999997  -0.78476041555404663         8 1 
102    -0.25 -0.48999999999999999 -0.10000000000000001  -0.77796357870101929         8 3 
103    0.029999999999999999 -0.35999999999999999 0.46999999999999997  -0.81858199834823608         8 7 
104    0.20000000000000001 0.40000000000000002 0.40000000000000002  -0.75540423393249512         8 5 
105    -0.17999999999999999 -0.40999999999999998 -0.13  -0.77613228559494019         8 3 
106    -0.10000000000000001 -0.90000000000000002 0  -0.75429463386535645         8 5 
107    -0.070000000000000007 0.050000000000000003 0  -0.71905535459518433         8 6 
108    -0.32000000000000001 0.12 0.5  -0.80111342668533325         8 6 
109    -0.56999999999999995 -0.11 -0.080000000000000002  -0.75992304086685181         8 6 
110    -0.40999999999999998 -0.28999999999999998 0.28000000000000003  -0.79231876134872437         8 4 
111    -0.10000000000000001 -0.46999999999999997 -0.42999999999999999  -0.78649413585662842         8 3 
112    -0.42999999999999999 0.01 -0.38  -0.81733328104019165         8 7 
113    0.17999999999999999 -0.29999999999999999 -0.28000000000000003  -0.7783697247505188         8 4 
114    -0.19 -0.12 0.63  -0.81114792823791504         8 3 
115    0.32000000000000001 0.68000000000000005 0  -0.75934767723083496         8 5 
116    0.02 0.62 -0.10000000000000001  -0.79405498504638672         8 5 
117    -0.02 -0.81999999999999995 0  -0.76513701677322388         8 3 
118    0.23000000000000001 -0.75 0  -0.79020166397094727         8 5 
119    0.12 0.080000000000000002 -0.28000000000000003  -0.76441496610641479         8 5 
120    -0.040000000000000001 -0.37 -0.070000000000000007  -0.7667960524559021         8 5 
121    0.29999999999999999 -0.20000000000000001 0.32000000000000001  -0.80932521820068359         8 3 
122    -0.13 0.81000000000000005 0  -0.78630799055099487         8 3 
123    -0.26000000000000001 -0.28999999999999998 -0.13  -0.77210783958435059         8 4 
124    -0.37 0.12 -0.23000000000000001  -0.78936713933944702         8 6 
125    -0.16 -0.47999999999999998 -0.35999999999999999  -0.78168046474456787         8 5 
126    -0.17000000000000001 -0.82999999999999996 0  -0.75558602809906006         8 6 
127    -0.28999999999999998 0.12 0.31  -0.78468984365463257         8 5 
128    -0.23999999999999999 -0.42999999999999999 0.31  -0.80498033761978149         8 4 
129    -0.02 -0.33000000000000002 -0.39000000000000001  -0.78690630197525024         8 1 
130    0.029999999999999999 -0.58999999999999997 0.22  -0.7956165075302124         8 6 
131    -0.20999999999999999 0.54000000000000004 0.23000000000000001  -0.79409223794937134         8 5 
132    0.02 0.029999999999999999 0.14999999999999999  -0.77120882272720337         8 4 
133    0.080000000000000002 0.47999999999999998 0  -0.76037871837615967         8 2 
134    0.22 0.31 -0.11  -0.78006905317306519         8 5 
135    0.44 -0.19 -0.34999999999999998  -0.82454204559326172         8 10 
136    0.28999999999999998 0.17999999999999999 -0.25  -0.78567522764205933         8 5 
137    -0.040000000000000001 -0.48999999999999999 0.17000000000000001  -0.78463166952133179         8 4 
138    0.02 -0.23999999999999999 -0.16  -0.77106779813766479         8 5 
139    -0.39000000000000001 0.17000000000000001 0.44  -0.79735565185546875         8 6 
140    0.20000000000000001 0.17999999999999999 -0.28000000000000003  -0.78621882200241089         8 6 
141    0.57999999999999996 0.34000000000000002 0.080000000000000002  -0.77269828319549561         8 7 
142    -0.23000000000000001 -0.39000000000000001 0  -0.7656206488609314         8 2 
143    0.089999999999999997 0.37 0.20000000000000001  -0.7747463583946228         8 5 
144    -0.16 -0.28000000000000003 0.26000000000000001  -0.79183149337768555         8 6 
145    -0.31 0.65000000000000002 0  -0.7840421199798584         8 5 
146    0.029999999999999999 0.029999999999999999 0.93999999999999995  -0.83795720338821411         8 5 
147    0.29999999999999999 0.070000000000000007 0.28999999999999998  -0.78564798831939697         8 8 
148    0.38 -0.040000000000000001 -0.080000000000000002  -0.78197002410888672         8 4 
149    0.28000000000000003 0.40000000000000002 0.32000000000000001  -0.77857261896133423         8 5 
150    0.34999999999999998 -0.11 0.35999999999999999  -0.79652702808380127         8 4 
151    -0.17000000000000001 -0.31 -0.080000000000000002  -0.77604162693023682         8 3 
152    -0.089999999999999997 0.14000000000000001 0.31  -0.78111827373504639         8 5 
153    0.76000000000000001 -0.14000000000000001 0  -0.75730025768280029         8 6 
154    -0.029999999999999999 -0.10000000000000001 0.81000000000000005  -0.82249277830123901         8 5 
155    0.01 0.28000000000000003 0.050000000000000003  -0.76644492149353027         8 3 
156    0.39000000000000001 -0.46999999999999997 -0.12  -0.78160363435745239         8 3 
157    -0.38 0.14999999999999999 0.31  -0.78621667623519897         8 6 
158    -0.34999999999999998 0.02 0.55000000000000004  -0.82716888189315796         8 2 
159    -0.13 -0.10000000000000001 -0.77000000000000002  -0.78782200813293457         8 4 
160    -0.12 0.25 -0.45000000000000001  -0.82627886533737183         8 6 
161    0.40000000000000002 0.31 0.28999999999999998  -0.78822571039199829         8 4 
162    0.23999999999999999 0.070000000000000007 -0.28999999999999998  -0.77186030149459839         8 3 
163    -0.11 -0.55000000000000004 -0.10000000000000001  -0.77176195383071899         8 6 
164    0.34000000000000002 0.56000000000000005 -0.059999999999999998  -0.78586697578430176         8 6 
165    -0.17999999999999999 -0.19 -0.45000000000000001  -0.78439867496490479         8 2 
166    0.059999999999999998 -0.11 -0.070000000000000007  -0.7616722583770752         8 5 
167    0.26000000000000001 0.47999999999999998 0  -0.75266844034194946         8 3 
168    -0.17000000000000001 0.25 0  -0.74245959520339966         8 5 
169    -0.39000000000000001 -0.60999999999999999 0  -0.7538413405418396         8 5 
170    -0.63 0.16 0.17000000000000001  -0.77654558420181274         8 9 
171    0.17000000000000001 -0.35999999999999999 -0.19  -0.78085857629776001         8 5 
172    0.27000000000000002 0.13 0.59999999999999998  -0.8009335994720459         8 6 
173    0.14000000000000001 0.11 -0.56999999999999995  -0.8159644603729248         8 8 
174    0.35999999999999999 0.26000000000000001 -0.23999999999999999  -0.7821381688117981         8 2 
175    0.28000000000000003 -0.28000000000000003 0.23999999999999999  -0.83030039072036743         8 7 
176    0.25 -0.32000000000000001 -0.14999999999999999  -0.77866345643997192         8 3 
177    -0.72999999999999998 0.02 0.089999999999999997  -0.76885521411895752         8 6 
178    0.23000000000000001 -0.14999999999999999 0  -0.75426942110061646         8 5 
179    0.050000000000000003 0.23999999999999999 -0.56999999999999995  -0.81563115119934082         8 5 
180    -0.75 -0.089999999999999997 0  -0.74958926439285278         8 2 
181    -0.029999999999999999 -0.029999999999999999 -0.93999999999999995  -0.82750225067138672         8 4 
182    -0.28999999999999998 -0.070000000000000007 -0.17999999999999999  -0.77832704782485962         8 7 
183    0.35999999999999999 -0.27000000000000002 -0.34999999999999998  -0.79988259077072144         8 11 
184    -0.20000000000000001 0.23000000000000001 -0.40999999999999998  -0.84874051809310913         8 4 
185    0.32000000000000001 0 0  -0.73647153377532959         8 5 
186    0.040000000000000001 -0.73999999999999999 0  -0.77225250005722046         8 2 
187    0.35999999999999999 0.34000000000000002 -0.12  -0.7772752046585083         8 5 
188    0.059999999999999998 0.55000000000000004 -0.33000000000000002  -0.85228079557418823         8 5 
189    -0.39000000000000001 -0.080000000000000002 -0.53000000000000003  -0.81171828508377075         8 3 
190    -0.46999999999999997 0.070000000000000007 0.38  -0.79438656568527222         8 5 
191    0.17999999999999999 -0.02 0.73999999999999999  -0.85146385431289673         8 7 
192    -0.070000000000000007 0.77000000000000002 0.080000000000000002  -0.78978794813156128         8 7 
193    0.02 0.02 0.66000000000000003  -0.79525548219680786         8 5 
194    -0.029999999999999999 -0.089999999999999997 0.71999999999999997  -0.81733959913253784         8 5 
195    -0.71999999999999997 -0.14999999999999999 0.11  -0.7799299955368042         8 5 
196    0.089999999999999997 -0.17999999999999999 0.14999999999999999  -0.77795642614364624         8 8 
197    -0.25 -0.14999999999999999 -0.26000000000000001  -0.76932233572006226         8 8 
198    -0.23999999999999999 0.41999999999999998 0.34000000000000002  -0.79308360815048218         8 5 
199    0 -0.12 -0.34000000000000002  -0.77416485548019409         8 7 
200    0.040000000000000001 -0.64000000000000001 0  -0.76342886686325073         8 4 
201    0.070000000000000007 -0.20999999999999999 -0.68000000000000005  -0.79311496019363403         8 5 
202    0.52000000000000002 -0.089999999999999997 0.27000000000000002  -0.78598874807357788         8 6 
203    -0.089999999999999997 -0.79000000000000004 0.059999999999999998  -0.78671103715896606         8 5 
204    -0.63 0.20999999999999999 0  -0.79585945606231689         8 3 
205    0.34999999999999998 -0.059999999999999998 -0.53000000000000003  -0.80704891681671143         8 9 
206    0.10000000000000001 -0.01 0.27000000000000002  -0.78893238306045532         8 3 
207    0.14000000000000001 -0.080000000000000002 0.64000000000000001  -0.84805774688720703         8 3 
208    0.10000000000000001 0.81999999999999995 0.080000000000000002  -0.7953065037727356         8 5 
209    -0.029999999999999999 -0.14999999999999999 0.34000000000000002  -0.79218184947967529         8 5 
210    -0.089999999999999997 0.20000000000000001 0.70999999999999996  -0.85823071002960205         8 4 
211    -0.19 -0.089999999999999997 0  -0.72658360004425049         8 2 
212    0.29999999999999999 -0.29999999999999999 -0.23999999999999999  -0.78867912292480469         8 3 
213    0 -0.080000000000000002 0  -0.74689751863479614         8 3 
214    0.56000000000000005 0.44 0  -0.73952829837799072         8 1 
215    0.29999999999999999 -0.02 0.22  -0.7846369743347168         8 5 
216    -0.029999999999999999 0.12 -0.31  -0.79382658004760742         8 2 
217    0.54000000000000004 0.13 -0.089999999999999997  -0.76886832714080811         8 5 
218    0.28000000000000003 -0.13 -0.51000000000000001  -0.81207144260406494         8 4 
219    0.14999999999999999 -0.69999999999999996 -0.14999999999999999  -0.7925989031791687         8 6 
220    -0.080000000000000002 -0.20999999999999999 -0.70999999999999996  -0.7927858829498291         8 4 
221    0.26000000000000001 -0.32000000000000001 -0.38  -0.81372040510177612         8 5 
222    0.68000000000000005 0.070000000000000007 0.25  -0.81040877103805542         8 1 
223    -0.080000000000000002 -0.089999999999999997 -0.28999999999999998  -0.76967597007751465         8 4 
224    0.029999999999999999 -0.23999999999999999 0.33000000000000002  -0.79943972826004028         8 5 
225    0.67000000000000004 -0.19 0  -0.76145094633102417         8 6 
226    0.080000000000000002 0.75 -0.070000000000000007  -0.79732722043991089         8 5 
227    -0.029999999999999999 0.54000000000000004 -0.33000000000000002  -0.802756667137146         8 4 
228    0.47999999999999998 0.27000000000000002 0.25  -0.78302514553070068         8 6 
229    -0.22 0.64000000000000001 0  -0.77896291017532349         8 5 
230    -0.51000000000000001 -0.01 -0.17999999999999999  -0.78171539306640625         8 6 
231    -0.53000000000000003 0.19 0  -0.77591907978057861         8 6 
232    -0.28000000000000003 -0.33000000000000002 0.33000000000000002  -0.81171590089797974         8 5 
233    0.28000000000000003 0.20999999999999999 0.51000000000000001  -0.78941559791564941         8 6 
234    0.23000000000000001 -0.25 0  -0.76192182302474976         8 1 
235    0.63 0.17000000000000001 -0.12  -0.77298629283905029         8 8 
236    -0.65000000000000002 0.070000000000000007 0.20000000000000001  -0.81338191032409668         8 2 
237    0.14000000000000001 0.059999999999999998 0  -0.74146950244903564         8 4 
238    0.050000000000000003 0.10000000000000001 -0.53000000000000003  -0.80876922607421875         8 3 
239    0.089999999999999997 -0.029999999999999999 0.78000000000000003  -0.84243655204772949         8 7 
240    0.029999999999999999 0.25 0.20000000000000001  -0.77078044414520264         8 4 
241    0.59999999999999998 0.12 0.28000000000000003  -0.81644690036773682         8 5 
242    0.46999999999999997 -0.050000000000000003 0.35999999999999999  -0.78917199373245239         8 4 
243    -0.16 0 0.80000000000000004  -0.84291678667068481         8 6 
244    -0.40999999999999998 -0.37 0.22  -0.7946319580078125         8 3 
245    0.26000000000000001 -0.12 -0.62  -0.82548141479492188         8 3 
246    -0.040000000000000001 0.56000000000000005 0  -0.76656275987625122         8 5 
247    -0.029999999999999999 -0.17000000000000001 -0.80000000000000004  -0.80410361289978027         8 5 
248    0.089999999999999997 -0.48999999999999999 0  -0.77599114179611206         8 3 
249    -0.37 0.25 0.17999999999999999  -0.77809488773345947         8 7 
250    0.17000000000000001 0.46000000000000002 -0.34999999999999998  -0.80223590135574341         8 4 
251    0.11 0.050000000000000003 0.38  -0.78685092926025391         8 3 
252    -0.17000000000000001 -0.22 0.60999999999999999  -0.85299062728881836         8 11 
253    0.01 0.37 0  -0.76284044981002808         8 4 
254    0.01 -0.17999999999999999 -0.58999999999999997  -0.78221690654754639         8 4 
255    0.13 0.029999999999999999 0.83999999999999997  -0.83932691812515259         8 8 
256    0.01 0.029999999999999999 0.40000000000000002  -0.78781092166900635         8 2 
257    0.56000000000000005 -0.23000000000000001 -0.19  -0.82615309953689575         8 8 
258    0.070000000000000007 -0.44 -0.42999999999999999  -0.77980810403823853         8 2 
259    -0.029999999999999999 -0.63 -0.34000000000000002  -0.78459292650222778         8 7 
260    0.22 -0.66000000000000003 0  -0.78381097316741943         8 3 
261    -0.53000000000000003 -0.13 -0.16  -0.77762126922607422         8 7 
262    -0.73999999999999999 0.11 0.01  -0.79437631368637085         8 3 
263    -0.40000000000000002 -0.029999999999999999 -0.20999999999999999  -0.78528565168380737         8 6 
264    0.029999999999999999 0.029999999999999999 0  -0.74940717220306396         8 3 
265    -0.28000000000000003 -0.29999999999999999 0  -0.76043421030044556         8 5 
266    -0.059999999999999998 -0.059999999999999998 0.62  -0.80549299716949463         8 2 
267    -0.12 -0.16 -0.17999999999999999  -0.77120018005371094         8 4 
268    0.44 0.20999999999999999 -0.17000000000000001  -0.77056217193603516         8 2 
269    -0.14000000000000001 0.13 -0.46999999999999997  -0.82170194387435913         8 4 
270    -0.02 0.45000000000000001 0.050000000000000003  -0.77759617567062378         8 2 
271    0.14999999999999999 -0.31 0  -0.76625573635101318         8 4 
272    0.02 0.45000000000000001 -0.19  -0.79035580158233643         8 5 
273    -0.37 -0.070000000000000007 0  -0.75432521104812622         8 3 
274    -0.39000000000000001 -0.17999999999999999 0.28999999999999998  -0.79291915893554688         8 7 
275    -0.070000000000000007 -0.42999999999999999 0.26000000000000001  -0.79508179426193237         8 5 
276    0.29999999999999999 0.26000000000000001 -0.41999999999999998  -0.80608904361724854         8 2 
277    -0.17000000000000001 -0.68999999999999995 0  -0.75902235507965088         8 4 
278    0.070000000000000007 -0.11 0.080000000000000002  -0.74572211503982544         8 7 
279    0.35999999999999999 0.40000000000000002 0.23999999999999999  -0.76464337110519409         8 4 
280    -0.040000000000000001 0.33000000000000002 -0.45000000000000001  -0.83362120389938354         8 3 
281    -0.059999999999999998 -0.66000000000000003 0.26000000000000001  -0.85206049680709839         8 2 
282    0.20000000000000001 0.23000000000000001 -0.14999999999999999  -0.76873171329498291         8 5 
283    0.17999999999999999 -0.11 -0.070000000000000007  -0.76118654012680054         8 6 
284    -0.39000000000000001 0.10000000000000001 0.070000000000000007  -0.74496316909790039         8 3 
285    0.12 0.23000000000000001 -0.63  -0.85514110326766968         8 6 
286    -0.040000000000000001 0.23999999999999999 0.54000000000000004  -0.79121840000152588         8 4 
287    0.089999999999999997 0.20000000000000001 0.089999999999999997  -0.76476836204528809         8 7 
288    -0.40999999999999998 0.02 0.19  -0.78399002552032471         8 3 
289    -0.01 -0.050000000000000003 -0.10000000000000001  -0.77054953575134277         8 5 
290    -0.029999999999999999 -0.96999999999999997 0  -0.76019573211669922         8 5 
291    -0.050000000000000003 -0.080000000000000002 -0.19  -0.77311819791793823         8 2 
292    -0.58999999999999997 -0.25 -0.16  -0.76946258544921875         8 5 
293    0.63 -0.01 -0.20000000000000001  -0.8143191933631897         8 5 
294    -0.32000000000000001 -0.11 0.070000000000000007  -0.78007692098617554         8 5 
295    0.39000000000000001 -0.33000000000000002 -0.16  -0.78640580177307129         8 2 
296    0.47999999999999998 0.34000000000000002 0.17999999999999999  -0.77375030517578125         8 3 
297    -0.73999999999999999 -0.070000000000000007 -0.19  -0.80284976959228516         8 8 
298    0.38 -0.01 0.33000000000000002  -0.78489017486572266         8 3 
299    0.28999999999999998 0.47999999999999998 -0.23000000000000001  -0.81783419847488403         8 3 
300    -0.029999999999999999 0.13 0.5  -0.79486948251724243         8 4 
301    -0.070000000000000007 -0.55000000000000004 -0.38  -0.78512865304946899         8 10 
302    0.76000000000000001 0.23999999999999999 0  -0.75239771604537964         8 4 
303    0.16 0.64000000000000001 -0.20000000000000001  -0.82154792547225952         8 1 
304    0.51000000000000001 0.12 -0.34999999999999998  -0.79668021202087402         8 5 
305    -0.29999999999999999 -0.58999999999999997 -0.11  -0.76678913831710815         8 3 
306    -0.67000000000000004 -0.33000000000000002 0  -0.75225377082824707         8 3 
307    0.17000000000000001 0.82999999999999996 0  -0.76818555593490601         8 4 
308    0.22 0.070000000000000007 -0.089999999999999997  -0.76608234643936157         8 4 
309    0.56000000000000005 -0.17000000000000001 -0.089999999999999997  -0.77034217119216919         8 6 
310    0.14000000000000001 -0.089999999999999997 -0.25  -0.78079313039779663         8 3 
311    -0.13 -0.040000000000000001 0.53000000000000003  -0.80962485074996948         8 11 
312    0.26000000000000001 -0.089999999999999997 0.48999999999999999  -0.84496933221817017         8 2 
313    0.35999999999999999 -0.059999999999999998 -0.34000000000000002  -0.79998373985290527         8 4 
314    -0.22 -0.029999999999999999 0.11  -0.77218747138977051         8 8 
315    0.23000000000000001 0.40999999999999998 0.080000000000000002  -0.77454036474227905         8 3 
316    0.23000000000000001 -0.01 0  -0.74536806344985962         8 6 
317    -0.32000000000000001 0.55000000000000004 0.11  -0.78653073310852051         8 8 
318    -0.83999999999999997 -0.16 0  -0.75278198719024658         8 5 
319    -0.31 0.23999999999999999 0.40999999999999998  -0.80327403545379639         8 6 
320    -0.40000000000000002 -0.52000000000000002 0.059999999999999998  -0.79775452613830566         8 3 
321    -0.20000000000000001 -0.13 0.53000000000000003  -0.81014132499694824         8 4 
322    0.31 -0.39000000000000001 -0.14000000000000001  -0.78583669662475586         8 5 
323    -0.26000000000000001 0.17000000000000001 0.17000000000000001  -0.77512931823730469         8 8 
324    -0.57999999999999996 0.029999999999999999 0.34999999999999998  -0.81458806991577148         8 4 
325    -0.16 -0.070000000000000007 0.72999999999999998  -0.82104873657226562         8 5 
326    0.23999999999999999 -0.56000000000000005 0  -0.78539049625396729         8 3 
327    0.16 -0.52000000000000002 0.16  -0.78815209865570068         8 7 
328    -0.27000000000000002 -0.20000000000000001 -0.17000000000000001  -0.75788336992263794         8 5 
329    -0.23999999999999999 0.73999999999999999 0  -0.79040205478668213         8 3 
330    -0.25 0.40999999999999998 0.12  -0.78068017959594727         8 5 
331    0.20000000000000001 0.34999999999999998 0.14999999999999999  -0.77005308866500854         8 7 
332    0 -0.17999999999999999 0.46000000000000002  -0.80421388149261475         8 5 
333    0.42999999999999999 -0.55000000000000004 0  -0.8306649923324585         8 8 
334    0.32000000000000001 0.01 -0.28999999999999998  -0.78883612155914307         8 6 
335    0.57999999999999996 0.27000000000000002 0.14999999999999999  -0.77942150831222534         8 5 
336    -0.17000000000000001 0.32000000000000001 -0.31  -0.7986750602722168         8 4 
337    -0.33000000000000002 -0.02 0.089999999999999997  -0.75939005613327026         8 2 
338    -0.040000000000000001 0.20000000000000001 0.23999999999999999  -0.77309566736221313         8 6 
339    0.050000000000000003 -0.11 0.68000000000000005  -0.81197220087051392         8 5 
340    -0.089999999999999997 0.02 0.72999999999999998  -0.80318790674209595         8 5 
341    0.20999999999999999 -0.28999999999999998 -0.46000000000000002  -0.79585361480712891         8 4 
342    0.19 0.02 0.23000000000000001  -0.76449429988861084         8 6 
343    -0.17999999999999999 -0.23999999999999999 -0.57999999999999996  -0.77233386039733887         8 7 
344    0.080000000000000002 -0.17000000000000001 -0.31  -0.78267312049865723         8 4 
345    0.14000000000000001 0.35999999999999999 0.5  -0.76008856296539307         8 5 
346    0.13 0 -0.23000000000000001  -0.78085500001907349         8 6 
347    0.17999999999999999 0.41999999999999998 0.23999999999999999  -0.77424317598342896         8 11 
348    -0.40999999999999998 -0.26000000000000001 -0.33000000000000002  -0.77975445985794067         8 4 
349    0.64000000000000001 0.16 0.20000000000000001  -0.77769869565963745         8 4 
350    -0.20999999999999999 -0.059999999999999998 -0.72999999999999998  -0.78679090738296509         8 6 
351    0.10000000000000001 0.12 0.32000000000000001  -0.77141988277435303         8 4 
352    0.33000000000000002 -0.14999999999999999 0  -0.73404186964035034         8 2 
353    0.01 -0.55000000000000004 0  -0.7686460018157959         8 5 
354    0.089999999999999997 -0.19 -0.52000000000000002  -0.78758049011230469         8 4 
355    0.37 0.17999999999999999 0.45000000000000001  -0.79742699861526489         8 3 
356    -0.080000000000000002 0.029999999999999999 0.34999999999999998  -0.79040825366973877         8 2 
357    -0.14999999999999999 -0.14000000000000001 -0.37  -0.79098647832870483         8 6 
358    0.38 -0.13 -0.46999999999999997  -0.8147004246711731         8 4 
359    0.16 0.56000000000000005 0  -0.75745350122451782         8 3 
360    -0.17999999999999999 -0.52000000000000002 -0.16  -0.7851070761680603         8 4 
361    -0.029999999999999999 -0.90000000000000002 -0.070000000000000007  -0.7922443151473999         8 4 
362    -0.17000000000000001 0.14999999999999999 0.64000000000000001  -0.80837917327880859         8 5 
363    -0.12 0.26000000000000001 0.62  -0.83989298343658447         8 2 
364    0.16 -0.20999999999999999 -0.45000000000000001  -0.7862054705619812         8 6 
365    -0.029999999999999999 -0.46999999999999997 -0.5  -0.77922111749649048         8 4 
366    -0.53000000000000003 0.14000000000000001 0.23000000000000001  -0.81901949644088745         8 8 
367    -0.14000000000000001 -0.040000000000000001 -0.38  -0.80173933506011963         8 5 
368    -0.42999999999999999 -0.14000000000000001 -0.42999999999999999  -0.80675226449966431         8 7 
369    0.20000000000000001 0.14999999999999999 -0.63  -0.79648631811141968         8 4 
370    -0.20999999999999999 0.23000000000000001 0.56000000000000005  -0.79752141237258911         8 3 
371    0.17000000000000001 0.46999999999999997 0  -0.7636294960975647         8 4 
372    -0.25 0.28000000000000003 -0.11  -0.78729075193405151         8 7 
373    0.070000000000000007 -0.33000000000000002 0.080000000000000002  -0.78313499689102173         8 4 
374    0.01 -0.33000000000000002 -0.29999999999999999  -0.77427011728286743         8 5 
375    0.17000000000000001 -0.10000000000000001 0.25  -0.77861326932907104         8 3 
376    0.5 0.22 0  -0.73935461044311523         8 3 
377    -0.27000000000000002 0.070000000000000007 -0.10000000000000001  -0.76961928606033325         8 4 
378    -0.040000000000000001 0.31 -0.55000000000000004  -0.85614091157913208         8 3 
379    0.52000000000000002 0.070000000000000007 0.40999999999999998  -0.82305049896240234         8 0 
380    -0.52000000000000002 0.01 0.25  -0.80086064338684082         8 4 
381    0.52000000000000002 -0.14999999999999999 -0.27000000000000002  -0.78642535209655762         8 6 
382    0.10000000000000001 -0.13 0.46999999999999997  -0.81432491540908813         8 5 
383    -0.070000000000000007 0.55000000000000004 0.29999999999999999  -0.78565347194671631         8 5 
384    -0.14999999999999999 -0.63 0.10000000000000001  -0.78825968503952026         8 5 
385    0.33000000000000002 0.029999999999999999 0.5  -0.83202666044235229         8 5 
386    0.71999999999999997 0.11 0.17000000000000001  -0.80286175012588501         8 2 
387    0.02 0.27000000000000002 -0.34999999999999998  -0.80185782909393311         8 5 
388    -0.080000000000000002 -0.25 0.67000000000000004  -0.82966083288192749         8 5 
389    0.27000000000000002 0.23999999999999999 0.089999999999999997  -0.75039732456207275         8 3 
390    0.16 0.33000000000000002 -0.19  -0.78767424821853638         8 4 
391    0.070000000000000007 -0.38 -0.53000000000000003  -0.78842902183532715         8 4 
392    0.23000000000000001 -0.20000000000000001 -0.56999999999999995  -0.82126188278198242         8 1 
393    0.029999999999999999 0.52000000000000002 0.45000000000000001  -0.80205470323562622         8 8 
394    0.20999999999999999 0.37 0  -0.76397734880447388         8 3 
395    -0.14999999999999999 -0.10000000000000001 -0.089999999999999997  -0.76191544532775879         8 5 
396    -0.46999999999999997 0.40999999999999998 0  -0.82670009136199951         8 5 
397    0.37 0.22 -0.34999999999999998  -0.81313729286193848         8 6 
398    -0.63 0.029999999999999999 0  -0.75325512886047363         8 4 
399    -0.040000000000000001 -0.81000000000000005 -0.14999999999999999  -0.78227841854095459         8 4 
400    0.10000000000000001 0.90000000000000002 0  -0.77243888378143311         8 3 
401    -0.38 -0.23999999999999999 0.10000000000000001  -0.7816089391708374         8 3 
402    0.23000000000000001 0.65000000000000002 0  -0.77394717931747437         8 4 
403    0.070000000000000007 0.070000000000000007 0.57999999999999996  -0.80468392372131348         8 4 
404    0.46999999999999997 -0.089999999999999997 -0.40000000000000002  -0.8103061318397522         8 5 
405    -0.55000000000000004 0.059999999999999998 -0.11  -0.79213595390319824         8 4 
406    0.66000000000000003 0.28000000000000003 0.059999999999999998  -0.7689405083656311         8 3 
407    -0.34000000000000002 0.14000000000000001 0  -0.75858902931213379         8 3 
408    0.10000000000000001 -0.45000000000000001 -0.19  -0.78353291749954224         8 6 
409    0.10000000000000001 -0.059999999999999998 -0.73999999999999999  -0.82341295480728149         8 5 
410    -0.16 -0.54000000000000004 0.080000000000000002  -0.78981226682662964         8 4 
411    -0.44 0.040000000000000001 0  -0.74846559762954712         8 4 
412    -0.070000000000000007 0.20000000000000001 -0.28999999999999998  -0.78566032648086548         8 4 
413    -0.20000000000000001 -0.35999999999999999 -0.29999999999999999  -0.7763066291809082         8 5 
414    -0.16 0.5 -0.14000000000000001  -0.81302785873413086         8 5 
415    0.56000000000000005 0.20999999999999999 0.23000000000000001  -0.77732002735137939         8 4 
416    -0.070000000000000007 -0.070000000000000007 0.40000000000000002  -0.79217445850372314         8 5 
417    -0.33000000000000002 -0.39000000000000001 0.28000000000000003  -0.7962576150894165         8 4 
418    -0.029999999999999999 -0.19 0.76000000000000001  -0.85102695226669312         8 6 
419    0.66000000000000003 -0.10000000000000001 0  -0.76182585954666138         8 5 
420    -0.029999999999999999 0.14999999999999999 0.38  -0.78582990169525146         8 7 
421    -0.25 -0.22 -0.029999999999999999  -0.75883841514587402         8 2 
422    0.83999999999999997 0.16 0  -0.75830590724945068         8 4 
423    -0.28999999999999998 0.23999999999999999 0.27000000000000002  -0.78146165609359741         8 5 
424    0.5 -0.44 0  -0.82582658529281616         8 2 
425    -0.040000000000000001 0.029999999999999999 -0.82999999999999996  -0.84545564651489258         8 6 
426    -0.34999999999999998 -0.17999999999999999 -0.46999999999999997  -0.7935100793838501         8 2 
427    -0.81999999999999995 -0.059999999999999998 -0.12  -0.8079947829246521         8 5 
428    -0.23999999999999999 -0.12 0.17999999999999999  -0.78481054306030273         8 7 
429    -0.34000000000000002 -0.46999999999999997 0.19  -0.79533910751342773         8 5 
430    0.20000000000000001 0.089999999999999997 -0.48999999999999999  -0.79976856708526611         8 7 
431    -0.20000000000000001 0.58999999999999997 0.14999999999999999  -0.78679907321929932         8 6 
432    -0.089999999999999997 -0.23000000000000001 0.32000000000000001  -0.79479670524597168         8 3 
433    0.40999999999999998 0.01 -0.44  -0.82709848880767822         8 4 
434    0.059999999999999998 0.02 0.47999999999999998  -0.80154120922088623         8 5 
435    -0.070000000000000007 -0.55000000000000004 0.32000000000000001  -0.81874543428421021         8 6 
436    -0.46000000000000002 0.27000000000000002 0.19  -0.78676044940948486         8 6 
437    -0.089999999999999997 0.31 0  -0.76193273067474365         8 1 
438    0.20000000000000001 -0.32000000000000001 0.41999999999999998  -0.81845659017562866         8 4 
439    0.050000000000000003 -0.37 0.35999999999999999  -0.80875253677368164         8 3 
440    0.47999999999999998 -0.25 -0.13  -0.76762276887893677         8 6 
441    -0.089999999999999997 -0.20000000000000001 0.19  -0.78405642509460449         8 3 
442    -0.25 -0.68999999999999995 -0.059999999999999998  -0.76447528600692749         8 3 
443    -0.01 -0.39000000000000001 0.20000000000000001  -0.78894805908203125         8 4 
444    0.31 -0.37 -0.32000000000000001  -0.83857238292694092         8 5 
445    0.46999999999999997 0.01 0  -0.72324728965759277         8 4 
446    0.17999999999999999 0.070000000000000007 0.75  -0.8280022144317627         8 4 
447    0.14999999999999999 -0.41999999999999998 0.33000000000000002  -0.82861262559890747         8 4 
448    -0.070000000000000007 0.40000000000000002 0.28999999999999998  -0.78507077693939209         8 3 
449    0.23999999999999999 0.32000000000000001 0.44  -0.79283910989761353         8 4 
450    0.23000000000000001 0.040000000000000001 0.39000000000000001  -0.79925346374511719         8 4 
451    0.37 0.34999999999999998 0  -0.74909710884094238         8 4 
452    -0.59999999999999998 -0.059999999999999998 -0.34000000000000002  -0.80982398986816406         8 8 
453    0.48999999999999999 0.089999999999999997 -0.20000000000000001  -0.78405684232711792         8 4 
454    0.90000000000000002 0 0  -0.76590645313262939         8 4 
455    0.27000000000000002 0.02 -0.39000000000000001  -0.79706251621246338         8 2 
456    0.26000000000000001 0.57999999999999996 -0.14000000000000001  -0.81367373466491699         8 3 
457    0.65000000000000002 -0.01 0  -0.74762600660324097         8 4 
458    0.27000000000000002 -0.02 -0.55000000000000004  -0.80548620223999023         8 8 
459    -0.25 -0.040000000000000001 0.39000000000000001  -0.78931117057800293         8 5 
460    -0.29999999999999999 0.050000000000000003 -0.58999999999999997  -0.82522749900817871         8 4 
461    0.55000000000000004 0.01 -0.34000000000000002  -0.80868250131607056         8 3 
462    0.080000000000000002 -0.54000000000000004 -0.34000000000000002  -0.79120141267776489         8 5 
463    -0.080000000000000002 0.38 0.080000000000000002  -0.7747427225112915         8 1 
464    -0.46000000000000002 0.5 0  -0.77339369058609009         8 6 
465    -0.39000000000000001 0.33000000000000002 0.26000000000000001  -0.82996749877929688         8 2 
466    0.02 0.52000000000000002 0.32000000000000001  -0.79413378238677979         8 5 
467    -0.23000000000000001 0.33000000000000002 0.44  -0.82377105951309204         8 5 
468    -0.23999999999999999 -0.54000000000000004 0.22  -0.79635536670684814         8 6 
469    -0.080000000000000002 -0.12 0.47999999999999998  -0.80457538366317749         8 3 
470    -0.46000000000000002 -0.01 0.33000000000000002  -0.79328107833862305         8 1 
471    -0.55000000000000004 -0.17000000000000001 0  -0.75834369659423828         8 4 
472    -0.53000000000000003 -0.34999999999999998 -0.12  -0.77726632356643677         8 1 
473    0.60999999999999999 -0.059999999999999998 0.089999999999999997  -0.77816474437713623         8 4 
474    -0.53000000000000003 0.12 0.070000000000000007  -0.77336478233337402         8 7 
475    0.19 -0.46999999999999997 0  -0.77971917390823364         8 5 
476    0.20999999999999999 0.080000000000000002 -0.68999999999999995  -0.82372772693634033         8 4 
477    0.01 0.25 -0.20000000000000001  -0.7823302149772644         8 5 
478    0.080000000000000002 -0.31 -0.46999999999999997  -0.78623270988464355         8 5 
479    0.25 0.46000000000000002 -0.13  -0.78978651762008667         8 4 
480    -0.040000000000000001 -0.01 0.070000000000000007  -0.76310855150222778         8 5 
481    0.12 0.46000000000000002 0.14000000000000001  -0.76054286956787109         8 4 
482    -0.10000000000000001 -0.029999999999999999 -0.55000000000000004  -0.81127172708511353         8 6 
483    -0.080000000000000002 0.26000000000000001 -0.080000000000000002  -0.76968425512313843         8 5 
484    -0.10000000000000001 0.41999999999999998 -0.23999999999999999  -0.79823237657546997         8 6 
485    -0.90000000000000002 0 0  -0.76146781444549561         8 4 
486    0.17000000000000001 -0.059999999999999998 0.48999999999999999  -0.80384361743927002         8 4 
487    -0.42999999999999999 0.40999999999999998 0.10000000000000001  -0.79812294244766235         8 5 
488    0.11 -0.65000000000000002 -0.22  -0.80955249071121216         8 3 
489    -0.17999999999999999 0.46999999999999997 0.28999999999999998  -0.79588764905929565         8 4 
490    0.39000000000000001 -0.12 -0.27000000000000002  -0.78079873323440552         8 3 
491    0.45000000000000001 -0.20000000000000001 -0.23000000000000001  -0.7806505560874939         8 5 
492    0.27000000000000002 -0.42999999999999999 0.059999999999999998  -0.78604459762573242         8 4 
493    -0.11 -0.40999999999999998 0.10000000000000001  -0.78328859806060791         8 1 
494    0.16 -0.080000000000000002 0.10000000000000001  -0.77242749929428101         8 6 
495    0.11 -0.14000000000000001 -0.39000000000000001  -0.78534597158432007         8 6 
496    0.14999999999999999 -0.56999999999999995 0  -0.77585572004318237         8 4 
497    0.60999999999999999 0.20000000000000001 0.089999999999999997  -0.76970511674880981         8 3 
498    -0.070000000000000007 -0.20999999999999999 0  -0.73528069257736206         8 3 
499    -0.050000000000000003 0.029999999999999999 0.57999999999999996  -0.79736298322677612         8 8 
500    0.52000000000000002 0.14999999999999999 0.33000000000000002  -0.78611338138580322         8 3 
501    0.16 -0.29999999999999999 -0.54000000000000004  -0.81094837188720703         8 5 
502    -0.070000000000000007 0.46000000000000002 -0.14999999999999999  -0.80344069004058838         8 3 
503    0.19 0.31 -0.47999999999999998  -0.82704246044158936         8 1 
504    0.25 -0.13 -0.32000000000000001  -0.79353034496307373         8 2 
505    0.01 0.46000000000000002 -0.070000000000000007  -0.78222310543060303         8 3 
506    -0.91000000000000003 -0.089999999999999997 0  -0.74982655048370361         8 4 
507    0.11 0.59999999999999998 0.28999999999999998  -0.75455170869827271         8 4 
508    0.38 -0.11 -0.14999999999999999  -0.74115335941314697         8 7 
509    -0.25 -0.040000000000000001 -0.55000000000000004  -0.7983202338218689         8 7 
510    0.65000000000000002 -0.02 -0.089999999999999997  -0.76610636711120605         8 5 
511    0.040000000000000001 -0.059999999999999998 -0.66000000000000003  -0.79597115516662598         8 4 
512    0.11 0.25 0.64000000000000001  -0.80664664506912231         8 4 
513    -0.32000000000000001 -0.40000000000000002 0  -0.76620644330978394         8 6 
514    -0.01 -0.070000000000000007 -0.78000000000000003  -0.7908443808555603         8 6 
515    0.46999999999999997 0.20000000000000001 0.11  -0.7692258358001709         8 4 
516    0.19 0.46999999999999997 -0.22  -0.79658216238021851         8 2 
517    -0.45000000000000001 0.28999999999999998 0  -0.7765955924987793         8 6 
518    0.14999999999999999 -0.47999999999999998 -0.37  -0.80010139942169189         8 5 
519    0.10000000000000001 -0.47999999999999998 -0.10000000000000001  -0.78320735692977905         8 2 
520    0.14000000000000001 -0.33000000000000002 0.33000000000000002  -0.82635760307312012         8 6 
521    -0.27000000000000002 -0.14000000000000001 -0.34999999999999998  -0.7891157865524292         8 2 
522    0.11 0.31 0  -0.76049649715423584         8 6 
523    0.33000000000000002 -0.02 0.40999999999999998  -0.83026808500289917         8 2 
524    0.029999999999999999 0.16 -0.77000000000000002  -0.82981812953948975         8 8 
525    0.029999999999999999 0.10000000000000001 0.87  -0.81581610441207886         8 5 
526    -0.029999999999999999 0.25 -0.62  -0.84576934576034546         8 5 
527    0.54000000000000004 -0.040000000000000001 0.16  -0.78330898284912109         8 4 
528    0.050000000000000003 -0.5 0.17000000000000001  -0.80264407396316528         8 4 
529    -0.19 -0.37 0.38  -0.82928323745727539         8 4 
530    0.14000000000000001 -0.28999999999999998 0.14999999999999999  -0.78331059217453003         8 7 
531    1 0 0  -0.74656033515930176         8 5 
532    0.10000000000000001 -0.78000000000000003 -0.080000000000000002  -0.81187498569488525         8 4 
533    0.029999999999999999 0.57999999999999996 -0.20999999999999999  -0.80348449945449829         8 9 
534    0.19 0.70999999999999996 -0.059999999999999998  -0.80218398571014404         8 5 
535    0.080000000000000002 -0.29999999999999999 0.23999999999999999  -0.78360140323638916         8 7 
536    -0.57999999999999996 0.28000000000000003 0.12  -0.82810765504837036         8 2 
537    0.040000000000000001 -0.58999999999999997 -0.25  -0.78131401538848877         8 2 
538    0.42999999999999999 -0.11 0  -0.71681809425354004         8 2 
539    -0.40000000000000002 -0.54000000000000004 -0.059999999999999998  -0.76625871658325195         8 3 
540    -0.46999999999999997 -0.34000000000000002 -0.19  -0.78230857849121094         8 3 
541    -0.51000000000000001 -0.059999999999999998 -0.34999999999999998  -0.81438422203063965         8 7 
542    0.01 -0.25 0.12  -0.78063821792602539         8 4 
543    0.44 -0.17000000000000001 0.20999999999999999  -0.83146113157272339         8 3 
544    -0.31 -0.14000000000000001 -0.55000000000000004  -0.80819302797317505         8 5 
545    -0.029999999999999999 0.45000000000000001 -0.40000000000000002  -0.81079399585723877         8 3 
546    -0.17000000000000001 -0.14000000000000001 -0.68999999999999995  -0.77872753143310547         8 8 
547    0.46999999999999997 0.44 -0.070000000000000007  -0.78274250030517578         8 2 
548    0.33000000000000002 0.16 0.37  -0.77815622091293335         8 4 
549    -0.040000000000000001 -0.45000000000000001 0.40999999999999998  -0.83599531650543213         8 4 
550    0.60999999999999999 -0.12 -0.19  -0.81730645895004272         8 5 
551    -0.28000000000000003 0.050000000000000003 0.37  -0.79548567533493042         8 2 
552    -0.17000000000000001 -0.46999999999999997 0.22  -0.78585416078567505         8 5 
553    -0.14000000000000001 0.029999999999999999 0.27000000000000002  -0.7802581787109375         8 2 
554    -0.37 -0.31 0  -0.75243031978607178         8 6 
555    0.14999999999999999 -0.22 -0.63  -0.82876622676849365         8 6 
556    0.029999999999999999 -0.66000000000000003 -0.17000000000000001  -0.78538227081298828         8 5 
557    0.070000000000000007 -0.64000000000000001 -0.089999999999999997  -0.7882997989654541         8 6 
558    0.050000000000000003 0.02 -0.60999999999999999  -0.79509824514389038         8 5 
559    -0.46000000000000002 0.10000000000000001 -0.26000000000000001  -0.81271684169769287         8 8 
560    -0.55000000000000004 -0.10000000000000001 0.089999999999999997  -0.77485573291778564         8 3 
561    -0.01 -0.23999999999999999 -0.48999999999999999  -0.7771030068397522         8 4 
562    -0.35999999999999999 -0.13 -0.089999999999999997  -0.72898226976394653         8 5 
563    -0.25 -0.29999999999999999 -0.45000000000000001  -0.7858317494392395         8 5 
564    0.23000000000000001 -0.13 0.40000000000000002  -0.82034569978713989         8 4 
565    -0.38 0.44 0  -0.77220165729522705         8 4 
566    0.45000000000000001 0.14999999999999999 0.40000000000000002  -0.79070258140563965         8 4 
567    0.14999999999999999 -0.12 -0.53000000000000003  -0.78893846273422241         8 5 
568    -0.20999999999999999 0 -0.23000000000000001  -0.78262245655059814         8 6 
569    0.54000000000000004 -0.35999999999999999 -0.02  -0.77450269460678101         8 5 
570    0.070000000000000007 0.48999999999999999 -0.40000000000000002  -0.83953952789306641         8 4 
571    -0.68999999999999995 -0.20000000000000001 -0.11  -0.77518868446350098         8 5 
572    0.33000000000000002 0.60999999999999999 0.059999999999999998  -0.77883726358413696         8 6 
573    -0.050000000000000003 -0.45000000000000001 0.5  -0.80184280872344971         8 6 
574    0.29999999999999999 0.26000000000000001 0  -0.74900031089782715         8 4 
575    0.46000000000000002 0.10000000000000001 0  -0.71877658367156982         8 5 
576    0.20999999999999999 -0.01 -0.71999999999999997  -0.83878427743911743         8 6 
577    -0.059999999999999998 0.19 0.070000000000000007  -0.76749563217163086         8 4 
578    -0.26000000000000001 0.11 0.56999999999999995  -0.80460274219512939         8 5 
579    0.42999999999999999 0.33000000000000002 -0.23999999999999999  -0.8214949369430542         8 4 
580    0.040000000000000001 -0.29999999999999999 0  -0.75997614860534668         8 4 
581    -0.11 -0.01 0.14000000000000001  -0.77767044305801392         8 3 
582    -0.51000000000000001 -0.34999999999999998 0  -0.72840148210525513         8 6 
583    0.12 0.16 -0.38  -0.79998153448104858         8 10 
584    0 0.35999999999999999 -0.32000000000000001  -0.80633324384689331         8 2 
585    -0.11 0.17999999999999999 0.17000000000000001  -0.77286148071289062         8 4 
586    0.29999999999999999 0.11 -0.19  -0.78275984525680542         8 3 
587    0.26000000000000001 0.080000000000000002 0  -0.74752402305603027         8 4 
588    0.01 -0.089999999999999997 -0.44  -0.78330934047698975         8 7 
589    0.20999999999999999 -0.01 -0.46000000000000002  -0.80087149143218994         8 2 
590    0.88 -0.10000000000000001 0  -0.76928770542144775         8 4 
591    0.39000000000000001 -0.11 0.12  -0.77049404382705688         8 4 
592    0.63 0.37 0  -0.75062209367752075         8 4 
593    -0.080000000000000002 0.34999999999999998 0.40999999999999998  -0.78802871704101562         8 5 
594    -0.53000000000000003 0.050000000000000003 0  -0.75110864639282227         8 3 
595    0.10000000000000001 0.17000000000000001 0.72999999999999998  -0.76781934499740601         8 6 
596    0.19 -0.33000000000000002 -0.080000000000000002  -0.78268897533416748         8 1 
597    0.46999999999999997 -0.27000000000000002 0  -0.77319365739822388         8 5 
598    0.20999999999999999 -0.39000000000000001 -0.32000000000000001  -0.7909349799156189         8 6 
599    0.029999999999999999 0.82999999999999996 0.14000000000000001  -0.79014074802398682         8 9 
600    -0.12 -0.19 -0.63  -0.81201320886611938         8 5 
601    -0.070000000000000007 0.19 -0.40000000000000002  -0.80932056903839111         8 2 
602    0.44 0.23000000000000001 0.33000000000000002  -0.77731865644454956         8 3 
603    0.40000000000000002 0.20000000000000001 -0.080000000000000002  -0.76743519306182861         8 7 
604    0.51000000000000001 0.40999999999999998 0.080000000000000002  -0.76760637760162354         8 9 
605    0.11 0 -0.53000000000000003  -0.80293571949005127         8 8 
606    -0.28999999999999998 -0.58999999999999997 0  -0.7712746262550354         8 4 
607    0.26000000000000001 0.12 0.46000000000000002  -0.79348820447921753         8 6 
608    -0.13 -0.57999999999999996 0.25  -0.8110431432723999         8 4 
609    -0.64000000000000001 0.12 0  -0.77046585083007812         8 3 
610    0.16 -0.26000000000000001 0.52000000000000002  -0.85021007061004639         8 5 
611    -0.02 -0.16 0.14000000000000001  -0.78481930494308472         8 3 
612    -0.070000000000000007 0.20000000000000001 -0.17000000000000001  -0.78653299808502197         8 5 
613    -0.32000000000000001 -0.22 -0.28000000000000003  -0.78110796213150024         8 3 
614    -0.23000000000000001 -0.14000000000000001 0.37  -0.79763936996459961         8 3 
615    0.22 0.69999999999999996 0.080000000000000002  -0.78792369365692139         8 4 
616    0.40000000000000002 0.59999999999999998 0  -0.74895662069320679         8 3 
617    -0.25 0.33000000000000002 0.28000000000000003  -0.78742456436157227         8 3 
618    -0.34999999999999998 0.029999999999999999 0  -0.7217414379119873         8 7 
619    -0.050000000000000003 -0.68999999999999995 0  -0.76392745971679688         8 4 
620    -0.57999999999999996 -0.050000000000000003 -0.25  -0.81938928365707397         8 4 
621    -0.28999999999999998 -0.19 0.28000000000000003  -0.79393798112869263         8 5 
622    -0.089999999999999997 0.39000000000000001 0.20000000000000001  -0.78390717506408691         8 1 
623    -0.089999999999999997 0.20000000000000001 -0.56999999999999995  -0.85251867771148682         8 4 
624    0.38 -0.46000000000000002 0  -0.78306037187576294         8 5 
625    -0.32000000000000001 0.02 -0.17999999999999999  -0.78226107358932495         8 5 
626    -0.46000000000000002 -0.29999999999999999 0.12  -0.77919191122055054         8 3 
627    -0.089999999999999997 0.059999999999999998 0.84999999999999998  -0.8697625994682312         8 7 
628    0.20999999999999999 -0.35999999999999999 0.050000000000000003  -0.77723848819732666         8 2 
629    0.25 0.58999999999999997 0.16  -0.7768939733505249         8 5 
630    0.56000000000000005 -0.050000000000000003 -0.14999999999999999  -0.7813953161239624         8 4 
631    -0.63 -0.16 0.13  -0.78375852108001709         8 6 
632    0.28999999999999998 -0.02 -0.11  -0.76994436979293823         8 4 
633    -0.14000000000000001 -0.25 -0.17000000000000001  -0.75966334342956543         8 4 
634    -0.080000000000000002 -0.47999999999999998 -0.16  -0.78299134969711304         8 4 
635    -0.25 0.13 -0.44  -0.80024707317352295         8 5 
636    0.16 -0.53000000000000003 0.27000000000000002  -0.8388218879699707         8 2 
637    -0.17000000000000001 0.070000000000000007 0.16  -0.7706415057182312         8 7 
638    -0.19 -0.28000000000000003 0.37  -0.80328810214996338         8 5 
639    -0.19 0.089999999999999997 0.34000000000000002  -0.78602433204650879         8 3 
640    0.02 -0.44 -0.12  -0.78373485803604126         8 5 
641    0.54000000000000004 -0.050000000000000003 -0.25  -0.78161132335662842         8 4 
642    -0.14000000000000001 0.089999999999999997 -0.27000000000000002  -0.77839887142181396         8 4 
643    -0.17999999999999999 -0.14999999999999999 0.089999999999999997  -0.77171885967254639         8 4 
644    0.19 0.37 -0.38  -0.82473784685134888         8 0 
645    0.13 -0.040000000000000001 -0.42999999999999999  -0.80324900150299072         8 3 
646    -0.16 0.32000000000000001 0.52000000000000002  -0.80613166093826294         8 4 
647    0.14999999999999999 -0.14999999999999999 -0.69999999999999996  -0.84287858009338379         8 4 
648    -0.16 -0.17999999999999999 0  -0.76584827899932861         8 3 
649    0.19 0.080000000000000002 0.31  -0.79068613052368164         8 4 
650    0.27000000000000002 0.33000000000000002 -0.35999999999999999  -0.82109516859054565         8 4 
651    -0.29999999999999999 0.32000000000000001 0.17999999999999999  -0.78788024187088013         8 4 
652    -0.089999999999999997 -0.58999999999999997 0  -0.7608644962310791         8 2 
653    0.47999999999999998 -0.089999999999999997 -0.089999999999999997  -0.77646559476852417         8 4 
654    0.41999999999999998 0.41999999999999998 0.16  -0.77382349967956543         8 2 
655    -0.080000000000000002 0.17000000000000001 0.60999999999999999  -0.79791641235351562         8 3 
656    -0.64000000000000001 -0.14000000000000001 -0.22  -0.80561155080795288         8 3 
657    -0.41999999999999998 -0.029999999999999999 0.48999999999999999  -0.82915306091308594         8 1 
658    -0.28000000000000003 -0.5 0  -0.76469278335571289         8 6 
659    0.69999999999999996 0.17999999999999999 0.10000000000000001  -0.76831734180450439         8 7 
660    0.089999999999999997 0.75 0.16  -0.79670584201812744         8 4 
661    0.20000000000000001 -0.17999999999999999 0.56000000000000005  -0.8370698094367981         8 5 
662    -0.22 0.23000000000000001 -0.28999999999999998  -0.797710120677948         8 4 
663    -0.42999999999999999 0.19 0  -0.76090812683105469         8 6 
664    -0.40000000000000002 -0.42999999999999999 -0.17000000000000001  -0.76995569467544556         8 5 
665    0.10000000000000001 -0.37 -0.28999999999999998  -0.7888520359992981         8 4 
666    -0.65000000000000002 -0.02 0.25  -0.80664384365081787         8 7 
667    -0.14000000000000001 -0.28000000000000003 0.54000000000000004  -0.85304892063140869         8 5 
668    -0.27000000000000002 -0.01 0.59999999999999998  -0.82578492164611816         8 4 
669    -0.14000000000000001 0.14000000000000001 0  -0.75275450944900513         8 4 
670    0 -0.41999999999999998 0  -0.77055966854095459         8 3 
671    0.01 -0.48999999999999999 -0.22  -0.7800719141960144         8 5 
672    -0.10000000000000001 -0.66000000000000003 -0.23999999999999999  -0.78821420669555664         8 2 
673    0.11 -0.26000000000000001 -0.34999999999999998  -0.78436625003814697         8 8 
674    0.31 0.28999999999999998 0.22  -0.77608245611190796         8 5 
675    -0.10000000000000001 -0.82999999999999996 -0.070000000000000007  -0.78360134363174438         8 4 
676    -0.11 0.14000000000000001 -0.65000000000000002  -0.84908896684646606         8 5 
677    -0.23000000000000001 -0.39000000000000001 -0.38  -0.77901160717010498         8 3 
678    -0.059999999999999998 0.11 -0.53000000000000003  -0.80103498697280884         8 4 
679    -0.080000000000000002 0.070000000000000007 -0.089999999999999997  -0.74526995420455933         8 5 
680    -0.33000000000000002 0.17999999999999999 0.089999999999999997  -0.77526456117630005         8 7 
681    -0.25 0.040000000000000001 -0.45000000000000001  -0.80119174718856812         8 4 
682    -0.070000000000000007 0.41999999999999998 0.46999999999999997  -0.82904976606369019         8 4 
683    -0.22 0.14999999999999999 0.070000000000000007  -0.76469343900680542         8 3 
684    0.070000000000000007 0.13 0  -0.75462466478347778         8 4 
685    0.16 -0.37 -0.46999999999999997  -0.80520403385162354         8 6 
686    -0.11 -0.58999999999999997 -0.29999999999999999  -0.79955017566680908         8 8 
687    0.10000000000000001 -0.25 -0.25  -0.78330367803573608         8 10 
688    -0.34000000000000002 -0.26000000000000001 -0.40000000000000002  -0.79104894399642944         8 3 
689    0.28000000000000003 0.23000000000000001 0.40999999999999998  -0.80829691886901855         8 2 
690    -0.28000000000000003 0.26000000000000001 0.10000000000000001  -0.77176433801651001         8 7 
691    0.44 0.12 0.22  -0.77164548635482788         8 5 
692    0.10000000000000001 -0.02 0.17999999999999999  -0.77894717454910278         8 6 
693    -0.71999999999999997 0 0  -0.76298999786376953         8 3 
694    -0.23999999999999999 -0.76000000000000001 0  -0.75742316246032715         8 4 
695    0 0.059999999999999998 0.78000000000000003  -0.80865621566772461         8 7 
696    0.81999999999999995 0.059999999999999998 0  -0.75673955678939819         8 4 
697    0.17000000000000001 0.17999999999999999 0.65000000000000002  -0.76744502782821655         8 4 
698    0.20000000000000001 0.33000000000000002 0.25  -0.77899336814880371         8 4 
699    -0.089999999999999997 -0.71999999999999997 0.13  -0.78894853591918945         8 4 
700    -0.070000000000000007 0.050000000000000003 0.46000000000000002  -0.79910683631896973         8 4 
701    -0.10000000000000001 0.48999999999999999 0.23000000000000001  -0.77692681550979614         8 6 
702    0.029999999999999999 0.23000000000000001 -0.69999999999999996  -0.85949242115020752         8 6 
703    0.34999999999999998 0.42999999999999999 0.10000000000000001  -0.76869863271713257         8 3 
704    0.029999999999999999 0.73999999999999999 0.23000000000000001  -0.78731429576873779         8 6 
705    0.20000000000000001 -0.32000000000000001 0.26000000000000001  -0.83266574144363403         8 6 
706    -0.10000000000000001 0.51000000000000001 -0.23000000000000001  -0.79939329624176025         8 5 
707    -0.17000000000000001 0.28000000000000003 0.34999999999999998  -0.78081464767456055         8 6 
708    0.35999999999999999 -0.29999999999999999 -0.080000000000000002  -0.77792292833328247         8 4 
709    0.059999999999999998 0.56000000000000005 0.080000000000000002  -0.78335702419281006         8 3 
710    0.33000000000000002 -0.20000000000000001 -0.17000000000000001  -0.77461117506027222         8 4 
711    -0.64000000000000001 0.32000000000000001 0  -0.80787891149520874         8 5 
712    0.02 -0.17999999999999999 0.22  -0.77716994285583496         8 3 
713    0.34000000000000002 -0.23999999999999999 0.02  -0.7715681791305542         8 6 
714    -0.54000000000000004 0.029999999999999999 0.14999999999999999  -0.77199900150299072         8 5 
715    0.01 0.33000000000000002 0.23999999999999999  -0.77558690309524536         8 2 
716    -0.070000000000000007 0.65000000000000002 -0.17999999999999999  -0.79938864707946777         8 5 
717    0.16 -0.059999999999999998 0.35999999999999999  -0.7875678539276123         8 6 
718    -0.16 0.17999999999999999 -0.080000000000000002  -0.78259575366973877         8 6 
719    -0.27000000000000002 -0.13 -0.080000000000000002  -0.76197314262390137         8 4 
720    -0.059999999999999998 0.88 0  -0.82910346984863281         8 5 
721    -0.14000000000000001 0.56000000000000005 0  -0.76641625165939331         8 4 
722    0.44 0.10000000000000001 0.12  -0.76617145538330078         8 4 
723    0.23999999999999999 0.02 0.47999999999999998  -0.81964421272277832         8 4 
724    -0.12 0.080000000000000002 0.54000000000000004  -0.80750447511672974         8 4 
725    0.34000000000000002 -0.14999999999999999 0.20999999999999999  -0.80147010087966919         8 9 
726    -0.070000000000000007 -0.34999999999999998 0.41999999999999998  -0.80869245529174805         8 6 
727    -0.17000000000000001 0.26000000000000001 0.45000000000000001  -0.79444950819015503         8 4 
728    -0.10000000000000001 -0.080000000000000002 0  -0.73897719383239746         8 3 
729    0.13 0.52000000000000002 -0.17000000000000001  -0.7935490608215332         8 3 
730    0.26000000000000001 0.17999999999999999 -0.35999999999999999  -0.78769290447235107         8 6 
731    -0.33000000000000002 -0.050000000000000003 -0.62  -0.84555530548095703         8 5 
732    -0.56000000000000005 -0.040000000000000001 0  -0.73933571577072144         8 6 
733    0.059999999999999998 -0.050000000000000003 -0.37  -0.79154306650161743         8 3 
734    -0.02 -0.40000000000000002 -0.23999999999999999  -0.7782096266746521         8 6 
735    -0.20000000000000001 -0.02 0.20000000000000001  -0.78953808546066284         8 5 
736    0.16 0.20999999999999999 0.46999999999999997  -0.79094177484512329         8 5 
737    0.12 0.39000000000000001 0.050000000000000003  -0.76791679859161377         8 2 
738    -0.040000000000000001 -0.14999999999999999 -0.51000000000000001  -0.80231106281280518         8 4 
739    -0.19 0.040000000000000001 -0.33000000000000002  -0.80059933662414551         8 5 
740    -0.17999999999999999 0.41999999999999998 0.059999999999999998  -0.77315062284469604         8 5 
741    -0.37 -0.29999999999999999 -0.17000000000000001  -0.77480477094650269         8 4 
742    0.20999999999999999 -0.17000000000000001 0.32000000000000001  -0.78942924737930298         8 2 
743    0.12 0.53000000000000003 0.34999999999999998  -0.75892782211303711         8 5 
744    -0.17999999999999999 -0.37 0.14999999999999999  -0.78636640310287476         8 5 
745    0.089999999999999997 0.070000000000000007 -0.83999999999999997  -0.90045666694641113         8 5 
746    -0.46000000000000002 -0.14000000000000001 -0.26000000000000001  -0.80091285705566406         8 5 
747    0.02 0.69999999999999996 0  -0.76899731159210205         8 4 
748    -0.34999999999999998 0.34999999999999998 0  -0.77314925193786621         8 6 
749    0.23999999999999999 -0.19 0.20999999999999999  -0.79605615139007568         8 6 
750    -0.029999999999999999 -0.60999999999999999 -0.080000000000000002  -0.78348410129547119         8 3 
751    -0.39000000000000001 -0.13 -0.17999999999999999  -0.76981639862060547         8 6 
752    0.01 0.42999999999999999 0.41999999999999998  -0.81053239107131958         8 4 
753    0.17999999999999999 0.20999999999999999 0.11  -0.76025402545928955         8 5 
754    -0.41999999999999998 -0.34999999999999998 -0.070000000000000007  -0.77409654855728149         8 6 
755    0.19 0.26000000000000001 0.55000000000000004  -0.79334676265716553         8 3 
756    -0.17999999999999999 -0.070000000000000007 0.45000000000000001  -0.80096590518951416         8 3 
757    0.11 -0.17999999999999999 0.60999999999999999  -0.8654102087020874         8 4 
758    0.56999999999999995 0.089999999999999997 -0.26000000000000001  -0.81269001960754395         8 2 
759    -0.42999999999999999 -0.42999999999999999 0  -0.76300299167633057         8 5 
760    -0.25 0.089999999999999997 0  -0.75161033868789673         8 3 
761    0.42999999999999999 0.48999999999999999 0.080000000000000002  -0.75554966926574707         8 4 
762    -0.38 0.27000000000000002 -0.070000000000000007  -0.79597342014312744         8 3 
763    -0.37 -0.11 -0.28000000000000003  -0.77291363477706909         8 6 
764    -0.56999999999999995 -0.089999999999999997 0.22  -0.78265118598937988         8 6 
765    -0.01 0.63 0.059999999999999998  -0.78083205223083496         8 6 
766    0.35999999999999999 -0.23999999999999999 0.16  -0.79456835985183716         8 2 
767    0.33000000000000002 0.52000000000000002 0.14999999999999999  -0.77940613031387329         8 8 
768    0.11 -0.10000000000000001 -0.60999999999999999  -0.78853738307952881         8 5 
769    0.040000000000000001 -0.45000000000000001 -0.31  -0.7783312201499939         8 4 
770    -0.20000000000000001 0.14999999999999999 0.51000000000000001  -0.80724996328353882         8 6 
771    0.17000000000000001 0.12 0.40999999999999998  -0.79200851917266846         8 1 
772    0.11 0.17000000000000001 -0.17999999999999999  -0.78169190883636475         8 6 
773    0.39000000000000001 -0.33000000000000002 0  -0.76474696397781372         8 1 
774    -0.65000000000000002 -0.070000000000000007 0.12  -0.77963900566101074         8 4 
775    0.25 0.059999999999999998 0.68999999999999995  -0.84770810604095459         8 2 
776    -0.17999999999999999 0.10000000000000001 -0.12  -0.78098374605178833         8 2 
777    -0.14999999999999999 -0.19 -0.26000000000000001  -0.77885502576828003         8 4 
778    0.11 -0.44 0.25  -0.81792038679122925         8 7 
779    -0.059999999999999998 0.01 -0.46999999999999997  -0.78339189291000366         8 6 
780    0.54000000000000004 0.17999999999999999 -0.26000000000000001  -0.77551639080047607         8 2 
781    0.40000000000000002 -0.20000000000000001 -0.059999999999999998  -0.76497483253479004         8 4 
782    -0.25 -0.22 0.53000000000000003  -0.80753827095031738         8 5 
783    0 0.14999999999999999 0.70999999999999996  -0.7681128978729248         8 3 
784    -0.32000000000000001 -0.38 -0.14000000000000001  -0.76240837574005127         8 5 
785    0.57999999999999996 0.070000000000000007 0.19  -0.80936557054519653         8 5 
786    0.16 -0.029999999999999999 -0.11  -0.76523399353027344         8 2 
787    0.16 0.20999999999999999 0.27000000000000002  -0.78071212768554688         8 2 
788    -0.029999999999999999 0.34999999999999998 -0.17999999999999999  -0.78924059867858887         8 1 
789    0.029999999999999999 0.90000000000000002 0.070000000000000007  -0.79172176122665405         8 2 
790    0 0.050000000000000003 -0.19  -0.77799004316329956         8 3 
791    0.20999999999999999 0.46999999999999997 0.32000000000000001  -0.79274863004684448         8 2 
792    -0.040000000000000001 -0.17999999999999999 -0.26000000000000001  -0.77521580457687378         8 4 
793    -0.089999999999999997 -0.23000000000000001 -0.54000000000000004  -0.79326897859573364         8 4 
794    0.029999999999999999 0.17000000000000001 0.80000000000000004  -0.81210553646087646         8 3 
795    -0.28000000000000003 -0.56000000000000005 0.14000000000000001  -0.82705414295196533         8 2 
796    0.39000000000000001 0.51000000000000001 0  -0.7918933629989624         8 10 
797    -0.20999999999999999 0.050000000000000003 0.44  -0.79690629243850708         8 1 
798    -0.12 -0.089999999999999997 -0.46999999999999997  -0.79139178991317749         8 4 
799    0 0.14000000000000001 -0.22  -0.76650691032409668         8 5 
800    0.029999999999999999 -0.26000000000000001 0.55000000000000004  -0.83890128135681152         8 4 
801    0.27000000000000002 -0.27000000000000002 0.080000000000000002  -0.78914409875869751         8 5 
802    -0.17000000000000001 -0.34000000000000002 -0.20999999999999999  -0.77845054864883423         8 4 
803    0.34000000000000002 0.16 0  -0.72044050693511963         8 5 
804    0.12 0.71999999999999997 0.059999999999999998  -0.78776949644088745         8 5 
805    0.71999999999999997 -0.050000000000000003 -0.19  -0.81334930658340454         8 3 
806    0.040000000000000001 0 -0.26000000000000001  -0.7839806079864502         8 4 
807    -0.38 0.050000000000000003 -0.31  -0.80172187089920044         8 4 
808    0.29999999999999999 0.46999999999999997 0.23000000000000001  -0.78901982307434082         8 4 
809    0.070000000000000007 0.19 0.57999999999999996  -0.80024677515029907         8 4 
810    -0.14000000000000001 -0.38 0  -0.75703877210617065         8 3 
811    0.10000000000000001 0.47999999999999998 0.26000000000000001  -0.79416495561599731         8 5 
812    0.23000000000000001 -0.46000000000000002 -0.14999999999999999  -0.78957754373550415         8 5 
813    -0.55000000000000004 -0.19 -0.26000000000000001  -0.78150647878646851         8 2 
814    -0.35999999999999999 -0.17999999999999999 0  -0.75144362449645996         8 5 
815    0.19 0.17000000000000001 0.56000000000000005  -0.81594473123550415         8 5 
816    0.72999999999999998 0.050000000000000003 0  -0.75322693586349487         8 3 
817    0.56000000000000005 0.23000000000000001 -0.17000000000000001  -0.78325074911117554         8 2 
818    0.089999999999999997 0.070000000000000007 0.76000000000000001  -0.80779081583023071         8 6 
819    0.070000000000000007 -0.080000000000000002 -0.17000000000000001  -0.75138258934020996         8 4 
820    0.91000000000000003 0.089999999999999997 0  -0.75058615207672119         8 3 
821    0.67000000000000004 0.20999999999999999 0  -0.76679533720016479         8 3 
822    -0.41999999999999998 0.089999999999999997 0.46999999999999997  -0.82931232452392578         8 3 
823    0.19 -0.01 -0.62  -0.8168606162071228         8 6 
824    0.059999999999999998 0.17000000000000001 0.25  -0.77204042673110962         8 3 
825    -0.46000000000000002 -0.23999999999999999 0  -0.76406633853912354         8 9 
826    0.31 -0.059999999999999998 -0.23000000000000001  -0.77726417779922485         8 5 
827    0.23999999999999999 -0.17999999999999999 -0.22  -0.77916151285171509         8 4 
828    -0.66000000000000003 -0.059999999999999998 -0.14000000000000001  -0.80814921855926514         8 4 
829    0.40000000000000002 0.27000000000000002 0.19  -0.77693045139312744         8 6 
830    0.01 0.070000000000000007 -0.10000000000000001  -0.78125184774398804         8 4 
831    -0.059999999999999998 -0.14999999999999999 -0.089999999999999997  -0.7640804648399353         8 5 
832    -0.059999999999999998 0.57999999999999996 0.14000000000000001  -0.77872252464294434         8 5 
833    -0.16 -0.40000000000000002 -0.44  -0.7881399393081665         8 12 
834    0.46000000000000002 -0.029999999999999999 0.23000000000000001  -0.81398487091064453         8 4 
835    0.089999999999999997 -0.28000000000000003 0.45000000000000001  -0.83498716354370117         8 3 
836    0.48999999999999999 -0.16 0.11  -0.78612816333770752         8 5 
837    -0.34999999999999998 0.16 -0.39000000000000001  -0.79630780220031738         8 3 
838    -0.23999999999999999 -0.040000000000000001 -0.35999999999999999  -0.79843860864639282         8 2 
839    0.10000000000000001 0.28000000000000003 0.29999999999999999  -0.78649836778640747         8 5 
840    0.23999999999999999 0.76000000000000001 0  -0.76591503620147705         8 3 
841    0.14999999999999999 0.58999999999999997 0.10000000000000001  -0.76616388559341431         8 2 
842    -0.089999999999999997 0.28000000000000003 0.13  -0.77556204795837402         8 6 
843    -0.13 0.040000000000000001 -0.75  -0.8568260669708252         8 5 
844    -0.029999999999999999 0.79000000000000004 0  -0.77472043037414551         8 4 
845    0.050000000000000003 -0.040000000000000001 -0.87  -0.87530893087387085         8 3 
846    -0.40000000000000002 -0.20999999999999999 0.19  -0.78566235303878784         8 4 
847    0.20000000000000001 -0.089999999999999997 -0.17000000000000001  -0.77581268548965454         8 3 
848    -0.28999999999999998 -0.20000000000000001 0.19  -0.78104442358016968         8 6 
849    -0.17000000000000001 0.029999999999999999 0.59999999999999998  -0.81292295455932617         8 10 
850    0.089999999999999997 -0.39000000000000001 0  -0.77519017457962036         8 4 
851    -0.19 -0.089999999999999997 -0.17999999999999999  -0.78019803762435913         8 4 
852    -0.35999999999999999 0.20999999999999999 -0.27000000000000002  -0.80510836839675903         8 2 
853    0.13 0.050000000000000003 -0.44  -0.79912275075912476         8 5 
854    0.050000000000000003 -0.34999999999999998 -0.17999999999999999  -0.77051329612731934         8 4 
855    -0.35999999999999999 0.20999999999999999 -0.17000000000000001  -0.8415265679359436         8 4 
856    0.34000000000000002 0.28999999999999998 0.37  -0.79200631380081177         8 2 
857    -0.20000000000000001 -0.17000000000000001 0.28999999999999998  -0.78995156288146973         8 4 
858    -0.39000000000000001 -0.050000000000000003 0.40000000000000002  -0.80469292402267456         8 7 
859    -0.10000000000000001 -0.52000000000000002 -0.23999999999999999  -0.78834933042526245         8 6 
860    -0.37 -0.12 0.17000000000000001  -0.78100162744522095         8 6 
861    0.10000000000000001 -0.20000000000000001 0.26000000000000001  -0.79148572683334351         8 3 
862    -0.25 -0.10000000000000001 -0.65000000000000002  -0.80703872442245483         8 3 
863    0.17000000000000001 0.14999999999999999 -0.10000000000000001  -0.78429269790649414         8 5 
864    0.42999999999999999 0.31 0.080000000000000002  -0.77729338407516479         8 1 
865    -0.16 0 0  -0.74851393699645996         8 4 
866    0.55000000000000004 0.34999999999999998 -0.080000000000000002  -0.77588027715682983         8 2 
867    -0.59999999999999998 -0.17999999999999999 0.22  -0.75865262746810913         8 7 
868    0.19 -0.17000000000000001 0.10000000000000001  -0.78629940748214722         8 5 
869    0.059999999999999998 0.34999999999999998 -0.25  -0.79786974191665649         8 3 
870    -0.75 -0.25 0  -0.75257819890975952         8 4 
871    -0.19 0.14999999999999999 -0.34000000000000002  -0.80033648014068604         8 3 
872    0.51000000000000001 0.33000000000000002 0  -0.76335132122039795         8 3 
873    0.47999999999999998 0.34999999999999998 -0.14999999999999999  -0.77804303169250488         8 3 
874    -0.26000000000000001 0.35999999999999999 0  -0.76846116781234741         8 3 
875    -0.11 -0.37 -0.52000000000000002  -0.77806180715560913         8 4 
876    0.070000000000000007 -0.29999999999999999 -0.58999999999999997  -0.79008978605270386         8 4 
877    0.44 0.089999999999999997 0.46999999999999997  -0.82223296165466309         8 0 
878    -0.089999999999999997 -0.20000000000000001 -0.42999999999999999  -0.7931787371635437         8 2 
879    0.13 0.089999999999999997 0.66000000000000003  -0.82196700572967529         8 3 
880    0.16 -0.41999999999999998 0.12  -0.78949266672134399         8 4 
881    -0.089999999999999997 0.37 -0.34000000000000002  -0.80689579248428345         8 3 
882    -0.31 -0.080000000000000002 -0.46999999999999997  -0.81489264965057373         8 6 
883    0.12 0.46000000000000002 0.41999999999999998  -0.7602236270904541         8 6 
884    0.029999999999999999 0.45000000000000001 -0.47999999999999998  -0.80586820840835571         8 3 
885    -0.01 0.050000000000000003 0.26000000000000001  -0.77850884199142456         8 2 
886    0.029999999999999999 0.33000000000000002 0.64000000000000001  -0.80909723043441772         8 6 
887    -0.089999999999999997 0.10000000000000001 0.67000000000000004  -0.80958431959152222         8 5 
888    0.059999999999999998 0.17000000000000001 0.48999999999999999  -0.79211270809173584         8 3 
889    0.46000000000000002 0.059999999999999998 -0.10000000000000001  -0.77161496877670288         8 5 
890    0.070000000000000007 -0.14999999999999999 -0.76000000000000001  -0.87188887596130371         8 2 
891    0.34000000000000002 0.17000000000000001 0.27000000000000002  -0.77995592355728149         8 3 
892    -0.23000000000000001 0.55000000000000004 0  -0.78340107202529907         8 2 
893    -0.01 -0.059999999999999998 0.17000000000000001  -0.7809029221534729         8 4 
894    0.32000000000000001 -0.13 -0.39000000000000001  -0.80190122127532959         8 3 
895    -0.19 -0.22 0.17000000000000001  -0.78564155101776123         8 6 
896    -0.37 -0.080000000000000002 0.31  -0.7892569899559021         8 3 
897    0.02 0.34000000000000002 0.35999999999999999  -0.78565478324890137         8 2 
898    -0.029999999999999999 -0.40000000000000002 -0.56999999999999995  -0.78771591186523438         8 6 
899    -0.40999999999999998 -0.22 -0.19  -0.76982986927032471         8 2 
900    0.67000000000000004 0.059999999999999998 -0.14999999999999999  -0.78141343593597412         8 3 
901    0.35999999999999999 0.080000000000000002 -0.10000000000000001  -0.77145689725875854         8 4 
902    0.40000000000000002 0.10000000000000001 -0.17999999999999999  -0.78040564060211182         8 10 
903    -0.62 -0.28000000000000003 0.10000000000000001  -0.77989596128463745         8 5 
904    0.25 -0.22 -0.34999999999999998  -0.78979337215423584         8 6 
905    -0.17000000000000001 0.19 0.23999999999999999  -0.78494447469711304         8 6 
906    0.34999999999999998 -0.40999999999999998 -0.23999999999999999  -0.83002424240112305         8 6 
907    -0.26000000000000001 -0.10000000000000001 0.28000000000000003  -0.78796893358230591         8 4 
908    -0.040000000000000001 0 -0.35999999999999999  -0.79910808801651001         8 5 
909    -0.080000000000000002 0.26000000000000001 0.38  -0.77791547775268555         8 3 
910    0.40000000000000002 0.12 -0.35999999999999999  -0.80555027723312378         8 4 
911    0.23000000000000001 -0.10000000000000001 -0.40999999999999998  -0.80224120616912842         8 2 
912    -0.050000000000000003 -0.31 0  -0.76679533720016479         8 3 
913    0.40000000000000002 0.26000000000000001 0  -0.75525367259979248         8 1 
914    0.01 -0.41999999999999998 0.11  -0.78859806060791016         8 2 
915    0.029999999999999999 0.67000000000000004 0.29999999999999999  -0.7949223518371582         8 7 
916    -0.5 -0.080000000000000002 0.28000000000000003  -0.79143303632736206         8 5 
917    0.38 -0.26000000000000001 -0.22  -0.7948986291885376         8 4 
918    -0.11 0 -0.27000000000000002  -0.78413879871368408         8 5 
919    -0.5 -0.42999999999999999 -0.070000000000000007  -0.76503390073776245         8 3 
920    -0.080000000000000002 -0.32000000000000001 -0.59999999999999998  -0.79187637567520142         8 3 
921    -0.080000000000000002 -0.32000000000000001 -0.22  -0.7758411169052124         8 2 
922    -0.17000000000000001 0.34000000000000002 0.14999999999999999  -0.77451950311660767         8 4 
923    0.25 -0.040000000000000001 0.63  -0.83296388387680054         8 3 
924    0.35999999999999999 0.11 0.53000000000000003  -0.81318473815917969         8 6 
925    0.20000000000000001 -0.20999999999999999 -0.089999999999999997  -0.75859349966049194         8 3 
926    -0.10000000000000001 -0.34000000000000002 0.20000000000000001  -0.79555660486221313         8 5 
927    -0.17000000000000001 0.35999999999999999 -0.050000000000000003  -0.79234325885772705         8 7 
928    0.37 0.17000000000000001 0.16  -0.77502530813217163         8 6 
929    -0.41999999999999998 -0.17999999999999999 0.38  -0.7982746958732605         8 2 
930    -0.58999999999999997 -0.40999999999999998 0  -0.73999077081680298         8 4 
931    0.23000000000000001 0.22 0.19  -0.77450567483901978         8 4 
932    0.050000000000000003 0.31 -0.64000000000000001  -0.85638821125030518         8 6 
933    -0.31 -0.059999999999999998 0.46999999999999997  -0.80892324447631836         8 1 
934    -0.12 -0.17000000000000001 0.68999999999999995  -0.80992919206619263         8 8 
935    0.29999999999999999 0.39000000000000001 -0.050000000000000003  -0.79292845726013184         8 1 
936    -0.5 -0.5 0  -0.7485002875328064         8 6 
937    -0.059999999999999998 -0.080000000000000002 -0.85999999999999999  -0.78938931226730347         8 6 
938    -0.66000000000000003 -0.10000000000000001 0  -0.74522024393081665         8 1 
939    -0.13 0.70999999999999996 0  -0.78205865621566772         8 3 
940    0 -0.059999999999999998 -0.56000000000000005  -0.80697441101074219         8 5 
941    0.58999999999999997 0.27000000000000002 -0.059999999999999998  -0.77861887216567993         8 2 
942    -0.029999999999999999 -0.040000000000000001 0.31  -0.78894966840744019         8 2 
943    0.029999999999999999 0.59999999999999998 0.37  -0.79762560129165649         8 6 
944    -0.40999999999999998 0.059999999999999998 0.28999999999999998  -0.78890323638916016         8 6 
945    -0.089999999999999997 0.29999999999999999 0.25  -0.78304016590118408         8 1 
946    0.71999999999999997 -0.28000000000000003 0  -0.76869064569473267         8 3 
947    0.10000000000000001 -0.14999999999999999 0.34999999999999998  -0.80240708589553833         8 5 
948    0.56000000000000005 0.02 0  -0.75611037015914917         8 8 
949    0.47999999999999998 0.52000000000000002 0  -0.74144738912582397         8 4 
950    0.14999999999999999 -0.02 -0.81000000000000005  -0.83946609497070312         8 5 
951    0.17999999999999999 0.02 0.62  -0.82439142465591431         8 4 
952    -0.34999999999999998 -0.51000000000000001 -0.14000000000000001  -0.79871612787246704         8 5 
953    -0.070000000000000007 0.67000000000000004 0.17999999999999999  -0.78525853157043457         8 5 
954    0.059999999999999998 0.66000000000000003 0.17999999999999999  -0.78686410188674927         8 6 
955    0.14999999999999999 0.070000000000000007 0.5  -0.81490439176559448         8 4 
956    -0.17000000000000001 -0.76000000000000001 -0.070000000000000007  -0.76244765520095825         8 4 
957    0.080000000000000002 0.080000000000000002 -0.16  -0.77191418409347534         8 5 
958    -0.19 -0.56000000000000005 -0.25  -0.77150499820709229         8 2 
959    0.029999999999999999 0.44 0.53000000000000003  -0.80381029844284058         8 6 
960    0.19 0.34000000000000002 -0.28999999999999998  -0.80034875869750977         8 3 
961    0.14999999999999999 0.25 -0.54000000000000004  -0.84352070093154907         8 5 
962    -0.02 -0.28000000000000003 0.20000000000000001  -0.78887718915939331         8 7 
963    0.27000000000000002 -0.54000000000000004 -0.17000000000000001  -0.7895505428314209         8 4 
964    -0.78000000000000003 -0.14000000000000001 -0.080000000000000002  -0.80069667100906372         8 2 
965    -0.46999999999999997 -0.17999999999999999 -0.34999999999999998  -0.79494237899780273         8 5 
966    -0.33000000000000002 -0.16 0.46999999999999997  -0.80984276533126831         8 5 
967    -0.32000000000000001 0.040000000000000001 0.23999999999999999  -0.78540199995040894         8 5 
968    0.01 0.23999999999999999 0.42999999999999999  -0.78561192750930786         8 2 
969    -0.070000000000000007 0.10000000000000001 0.089999999999999997  -0.76755642890930176         8 4 
970    0.46999999999999997 0.01 0.10000000000000001  -0.77795177698135376         8 3 
971    0.080000000000000002 0.02 0.080000000000000002  -0.78123760223388672         8 2 
972    -0.20000000000000001 0 -0.10000000000000001  -0.77459084987640381         8 4 
973    -0.25 -0.23000000000000001 -0.34000000000000002  -0.79249238967895508         8 4 
974    0.35999999999999999 0.5 -0.14000000000000001  -0.79017555713653564         8 4 
975    0.02 0.42999999999999999 0.20999999999999999  -0.76935845613479614         8 5 
976    0.62 0.12 0  -0.75896662473678589         8 6 
977    0.02 -0.25 -0.34999999999999998  -0.7674100399017334         8 7 
978    0.16 0.42999999999999999 -0.13  -0.78866755962371826         8 3 
979    0.23999999999999999 0.48999999999999999 0.13  -0.77774995565414429         8 3 
980    0.81000000000000005 -0.029999999999999999 0  -0.79122370481491089         8 4 
981    -0.10000000000000001 -0.57999999999999996 0.16  -0.81091099977493286         8 3 
982    -0.39000000000000001 -0.029999999999999999 -0.12  -0.77256089448928833         8 6 
983    -0.47999999999999998 -0.29999999999999999 0.22  -0.78958719968795776         8 7 
984    -0.34999999999999998 -0.23999999999999999 -0.089999999999999997  -0.792205810546875         8 5 
985    -0.080000000000000002 -0.34999999999999998 0.31  -0.78820770978927612         8 5 
986    -0.17999999999999999 0.050000000000000003 -0.67000000000000004  -0.82722282409667969         8 5 
987    0.26000000000000001 0.17999999999999999 -0.47999999999999998  -0.80638641119003296         8 3 
988    0.14000000000000001 -0.17000000000000001 -0.17000000000000001  -0.78298181295394897         8 3 
989    0.080000000000000002 -0.57999999999999996 0.10000000000000001  -0.81179171800613403         8 4 
990    -0.17000000000000001 0.17000000000000001 -0.23999999999999999  -0.7943001389503479         8 7 
991    0.34999999999999998 -0.02 0.13  -0.78737294673919678         8 4 
992    0.089999999999999997 0.63 0  -0.75892704725265503         8 5 
993    -0.26000000000000001 -0.22 -0.52000000000000002  -0.7919268012046814         8 5 
994    -0.050000000000000003 -0.23999999999999999 0.40999999999999998  -0.80842602252960205         8 5 
995    -0.47999999999999998 -0.27000000000000002 -0.25  -0.76299095153808594         8 6 
996    0.13 0.32000000000000001 -0.089999999999999997  -0.74804538488388062         8 4 
997    0.029999999999999999 0.96999999999999997 0  -0.77798491716384888         8 3 
998    0.23000000000000001 -0.65000000000000002 -0.10000000000000001  -0.7909010648727417         8 5 
999    0.01 0.29999999999999999 -0.070000000000000007  -0.78504371643066406         8 2 
1000    0.29999999999999999 0.38 0.16  -0.78878426551818848         8 3 
1001    0.089999999999999997 0.28000000000000003 0.46999999999999997  -0.80285108089447021         8 8 
1002    0.070000000000000007 0.40000000000000002 -0.39000000000000001  -0.80744928121566772         8 1 
1003    -0.16 0.52000000000000002 0.080000000000000002  -0.78693205118179321         8 6 
1004    -0.26000000000000001 0.23999999999999999 0  -0.7487751841545105         8 4 
1005    -0.10000000000000001 0.67000000000000004 0.089999999999999997  -0.77802300453186035         8 4 
1006    -0.46000000000000002 0.070000000000000007 -0.13  -0.79068672657012939         8 4 
1007    -0.28000000000000003 -0.28000000000000003 -0.22  -0.77695620059967041         8 7 
1008    -0.22 0.19 -0.14999999999999999  -0.77535015344619751         8 4 
1009    0.040000000000000001 0.059999999999999998 -0.35999999999999999  -0.79275906085968018         8 4 
1010    0.25 0.25 0.28000000000000003  -0.77825373411178589         8 5 
1011    0.029999999999999999 0.01 -0.76000000000000001  -0.80319774150848389         8 3 
1012    0.23999999999999999 0.28999999999999998 -0.23000000000000001  -0.77592688798904419         8 4 
1013    -0.48999999999999999 -0.20000000000000001 0.11  -0.78521823883056641         8 4 
1014    -0.050000000000000003 -0.11 -0.69999999999999996  -0.7854762077331543         8 3 
1015    0.14999999999999999 0.62 -0.089999999999999997  -0.79502570629119873         8 2 
1016    -0.080000000000000002 -0.47999999999999998 0  -0.76764285564422607         8 2 
1017    0.12 -0.16 0  -0.7537112832069397         8 2 
1018    0.28000000000000003 -0.47999999999999998 -0.23999999999999999  -0.79020035266876221         8 4 
1019    -0.11 0.45000000000000001 0  -0.7699439525604248         8 5 
1020    -0.46000000000000002 -0.059999999999999998 0.14000000000000001  -0.77793991565704346         8 6 
1021    0.22 -0.01 -0.23000000000000001  -0.78454166650772095         8 5 
1022    0.35999999999999999 0.070000000000000007 0.20999999999999999  -0.78472483158111572         8 6 
1023    -0.029999999999999999 -0.16 0.65000000000000002  -0.81784164905548096         8 5 
1024    0.16 0.16 0  -0.73133033514022827         8 4 
1025    -0.01 -0.39000000000000001 -0.46000000000000002  -0.78277605772018433         8 6 
1026    -0.029999999999999999 -0.71999999999999997 -0.25  -0.78319555521011353         8 5 
1027    0.33000000000000002 0.22 -0.14999999999999999  -0.77734804153442383         8 3 
1028    -0.20999999999999999 -0.25 0.080000000000000002  -0.77131170034408569         8 2 
1029    -0.53000000000000003 -0.16 0.31  -0.78854602575302124         8 6 
1030    -0.040000000000000001 0.11 -0.72999999999999998  -0.87805765867233276         8 2 
1031    -0.059999999999999998 -0.29999999999999999 0.5  -0.83347880840301514         8 8 
1032    0.089999999999999997 0.33000000000000002 -0.52000000000000002  -0.86345261335372925         8 5 
1033    0.080000000000000002 0.070000000000000007 0.23000000000000001  -0.77639114856719971         8 4 
1034    -0.28999999999999998 0.14999999999999999 -0.20000000000000001  -0.79565536975860596         8 6 
1035    -0.01 0.11 -0.41999999999999998  -0.80198091268539429         8 10 
1036    0.029999999999999999 0.26000000000000001 0.70999999999999996  -0.81219381093978882         8 5 
1037    -0.059999999999999998 0.34000000000000002 0.56000000000000005  -0.83161938190460205         8 6 
1038    -0.12 -0.10000000000000001 0.16  -0.77896499633789062         8 4 
1039    0.20999999999999999 0.10000000000000001 0.13  -0.7804979681968689         8 4 
1040    0.20999999999999999 0.10000000000000001 -0.37  -0.79817754030227661         8 4 
1041    -0.28999999999999998 0.45000000000000001 0  -0.77559679746627808         8 5 
1042    -0.17000000000000001 0.28999999999999998 -0.20000000000000001  -0.79664289951324463         8 3 
1043    0.029999999999999999 -0.13 0.56000000000000005  -0.83088350296020508         8 3 
1044    0.55000000000000004 -0.089999999999999997 0  -0.75328952074050903         8 3 
1045    -0.46000000000000002 -0.080000000000000002 0  -0.75463873147964478         8 2 
1046    0.10000000000000001 0.32000000000000001 0.57999999999999996  -0.81357818841934204         8 5 
1047    -0.14000000000000001 -0.17000000000000001 0.40999999999999998  -0.80228793621063232         8 2 
1048    -0.059999999999999998 -0.10000000000000001 0.23999999999999999  -0.78800523281097412         8 6 
1049    0.10000000000000001 0.28000000000000003 -0.44  -0.79896038770675659         8 4 
1050    0.13 0.16 0.19  -0.75971311330795288         8 5 
1051    -0.13 -0.31 0.080000000000000002  -0.78033173084259033         8 3 
1052    -0.26000000000000001 -0.44 0.22  -0.79731959104537964         8 4 
1053    -0.60999999999999999 -0.32000000000000001 -0.070000000000000007  -0.77361863851547241         8 1 
1054    0.27000000000000002 -0.050000000000000003 0.34000000000000002  -0.78685230016708374         8 3 
1055    0.44 -0.029999999999999999 -0.17000000000000001  -0.78174585103988647         8 2 
1056    0.01 0.23000000000000001 0.34000000000000002  -0.79844915866851807         8 4 
1057    0.35999999999999999 0.40999999999999998 -0.19  -0.78647267818450928         8 4 
1058    0.070000000000000007 -0.02 0.58999999999999997  -0.80552363395690918         8 5 
1059    0.41999999999999998 0.080000000000000002 0.29999999999999999  -0.8117678165435791         8 3 
1060    -0.25 0.17000000000000001 0.38  -0.78754734992980957         8 6 
1061    0.029999999999999999 0.17999999999999999 -0.37  -0.81213527917861938         8 10 
1062    0.79000000000000004 0.13 0.080000000000000002  -0.79576283693313599         8 0 
1063    -0.050000000000000003 0.059999999999999998 -0.60999999999999999  -0.81630104780197144         8 5 
1064    -0.44 -0.16 -0.059999999999999998  -0.76940858364105225         8 4 
1065    0.11 0.28000000000000003 -0.34999999999999998  -0.81150496006011963         8 2 
1066    0.029999999999999999 -0.55000000000000004 -0.14000000000000001  -0.79346626996994019         8 3 
1067    -0.089999999999999997 -0.25 -0.34000000000000002  -0.78571611642837524         8 5 
1068    0.20999999999999999 0.55000000000000004 0.23999999999999999  -0.79399651288986206         8 2 
1069    0.20999999999999999 0.27000000000000002 0  -0.76152241230010986         8 3 
1070    0.44 0.16 -0.26000000000000001  -0.82147276401519775         8 4 
1071    0.16 -0.55000000000000004 -0.28999999999999998  -0.80010694265365601         8 5 
1072    -0.20999999999999999 0.089999999999999997 0.23999999999999999  -0.77957963943481445         8 3 
1073    -0.11 -0.33000000000000002 -0.40000000000000002  -0.79400575160980225         8 6 
1074    -0.11 0.01 -0.17999999999999999  -0.78291243314743042         8 5 
1075    0.11 0.26000000000000001 -0.25  -0.80078941583633423         8 1 
1076    0.28999999999999998 -0.17999999999999999 0.089999999999999997  -0.74834489822387695         8 3 
1077    -0.059999999999999998 -0.20000000000000001 0.54000000000000004  -0.81714004278182983         8 4 
1078    0.059999999999999998 -0.059999999999999998 0.40000000000000002  -0.78648573160171509         8 4 
1079    0.01 0.52000000000000002 0.14999999999999999  -0.78039950132369995         8 4 
1080    -0.19 -0.13 -0.57999999999999996  -0.80181419849395752         8 4 
1081    -0.51000000000000001 -0.23999999999999999 -0.089999999999999997  -0.7820393443107605         8 3 
1082    -0.25 -0.29999999999999999 0.20999999999999999  -0.78161454200744629         8 3 
1083    0.31 0.13 0.10000000000000001  -0.76660525798797607         8 4 
1084    0.27000000000000002 0.02 0.11  -0.79227232933044434         8 2 
1085    -0.11 -0.68999999999999995 -0.10000000000000001  -0.7872852087020874         8 3 
1086    -0.28999999999999998 -0.46999999999999997 0.10000000000000001  -0.793498694896698         8 5 
1087    0.040000000000000001 0.35999999999999999 0.47999999999999998  -0.80141925811767578         8 5 
1088    -0.02 0.14000000000000001 0  -0.7523772120475769         8 4 
1089    -0.35999999999999999 -0.050000000000000003 -0.37  -0.7933078408241272         8 6 
1090    0.059999999999999998 0.38 -0.12  -0.79745948314666748         8 5 
1091    0.33000000000000002 0.14000000000000001 -0.42999999999999999  -0.82452362775802612         8 2 
1092    0.53000000000000003 0.12 0.089999999999999997  -0.76558846235275269         8 3 
1093    0.23999999999999999 -0.070000000000000007 0.17000000000000001  -0.77385485172271729         8 3 
1094    0.089999999999999997 0.55000000000000004 -0.059999999999999998  -0.79603707790374756         8 4 
1095    -0.14000000000000001 -0.080000000000000002 0.32000000000000001  -0.79047924280166626         8 2 
1096    0.12 0.28000000000000003 0.12  -0.78846430778503418         8 8 
1097    -0.55000000000000004 0.34999999999999998 0  -0.82377058267593384         8 5 
1098    0.12 0.10000000000000001 0.10000000000000001  -0.76781898736953735         8 5 
1099    0.14000000000000001 0 -0.34000000000000002  -0.80055642127990723         8 4 
1100    -0.23999999999999999 0.42999999999999999 0.23000000000000001  -0.78852134943008423         8 2 
1101    -0.20000000000000001 -0.040000000000000001 -0.46000000000000002  -0.80715876817703247         8 10 
1102    0.29999999999999999 -0.34000000000000002 0  -0.76448708772659302         8 6 
1103    -0.13 0.14000000000000001 0.42999999999999999  -0.78638482093811035         8 1 
1104    0.14999999999999999 0.65000000000000002 0.20000000000000001  -0.77865457534790039         8 4 
1105    0.56999999999999995 -0.23000000000000001 0  -0.76443499326705933         8 5 
1106    -0.089999999999999997 0.48999999999999999 0.40000000000000002  -0.83183401823043823         8 3 
1107    -0.34000000000000002 -0.23999999999999999 0.38  -0.80019617080688477         8 5 
