-0.533333    -0.2    -0.262389    -0.937911    -0.0262389    3.0478    3.10235    0.331398    -0.0216996    -0.2    -0.2
-0.531398    -0.1783    -0.247741    -0.925577    -0.051013    2.95524    3.06326    0.325773    -0.0421089    -0.2    -0.2
-0.525773    -0.157891    -0.233859    -0.911115    -0.0743989    2.86413    3.02466    0.316871    -0.0604998    -0.2    -0.2
-0.516871    -0.1395    -0.221268    -0.894288    -0.0965258    2.7747    2.98681    0.305246    -0.0763127    -0.2    -0.2
-0.505246    -0.123687    -0.210383    -0.874879    -0.117564    2.68722    2.94996    0.291539    -0.0891775    -0.2    -0.2
-0.491539    -0.110822    -0.201488    -0.852716    -0.137713    2.60194    2.91431    0.276423    -0.0989149    -0.2    -0.2
-0.476423    -0.101085    -0.194733    -0.827688    -0.157186    2.51918    2.87998    0.26055    -0.10552    -0.2    -0.2
-0.46055    -0.0944796    -0.19014    -0.799773    -0.1762    2.4392    2.84706    0.244518    -0.109138    -0.2    -0.2
-0.444518    -0.0908622    -0.187622    -0.769052    -0.194962    2.36229    2.81558    0.228836    -0.110025    -0.2    -0.2
-0.428836    -0.0899751    -0.187004    -0.735727    -0.213663    2.28872    2.78551    0.213913    -0.108517    -0.2    -0.2
-0.413913    -0.0914832    -0.188054    -0.700115    -0.232468    2.21871    2.75681    0.200054    -0.104991    -0.2    -0.2
-0.400054    -0.0950091    -0.190509    -0.662645    -0.251519    2.15244    2.72939    0.187462    -0.0998362    -0.2    -0.2
-0.387462    -0.100164    -0.194093    -0.623829    -0.270928    2.09006    2.70313    0.17625    -0.0934281    -0.2    -0.2
-0.37625    -0.106572    -0.198542    -0.584234    -0.290783    2.03164    2.67792    0.166456    -0.0861108    -0.2    -0.2
-0.366456    -0.113889    -0.203611    -0.544439    -0.311144    1.97719    2.65363    0.158062    -0.0781861    -0.2    -0.2
-0.358062    -0.121814    -0.20909    -0.505003    -0.332053    1.92669    2.63014    0.151005    -0.0699077    -0.2    -0.2
-0.351005    -0.130092    -0.214798    -0.466431    -0.353532    1.88005    2.60731    0.145199    -0.0614809    -0.2    -0.2
-0.345199    -0.138519    -0.220595    -0.429152    -0.375592    1.83714    2.58503    0.140541    -0.0530658    -0.2    -0.2
-0.340541    -0.146934    -0.226367    -0.393505    -0.398229    1.79778    2.56319    0.136926    -0.0447819    -0.2    -0.2
-0.336926    -0.155218    -0.232034    -0.359743    -0.421432    1.76181    2.5417    0.134249    -0.0367147    -0.2    -0.2
-0.334249    -0.163285    -0.237538    -0.328027    -0.445186    1.72901    2.52047    0.132415    -0.0289215    -0.2    -0.2
-0.332415    -0.171079    -0.24284    -0.298447    -0.46947    1.69916    2.49941    0.131336    -0.021438    -0.2    -0.2
-0.331336    -0.178562    -0.247918    -0.271024    -0.494262    1.67206    2.47845    0.130938    -0.0142834    -0.2    -0.2
-0.330938    -0.185717    -0.25276    -0.245733    -0.519538    1.64749    2.45753    0.131157    -0.00746502    -0.2    -0.2
-0.331157    -0.192535    -0.257363    -0.222508    -0.545274    1.62524    2.43659    0.131941    -0.000981958    -0.2    -0.2
-0.331941    -0.199018    -0.261729    -0.201257    -0.571447    1.60511    2.41557    0.133248    0.00517178    -0.2    -0.2
-0.333248    -0.205172    -0.265863    -0.181871    -0.598033    1.58692    2.39443    0.135045    0.011005    -0.2    -0.2
-0.335045    -0.211005    -0.269773    -0.164229    -0.62501    1.5705    2.37312    0.13731    0.0165274    -0.2    -0.2
-0.33731    -0.216527    -0.273466    -0.148207    -0.652357    1.55568    2.35159    0.140024    0.0217484    -0.2    -0.2
-0.340024    -0.221748    -0.27695    -0.133681    -0.680052    1.54231    2.32981    0.143179    0.0266761    -0.2    -0.2
-0.343179    -0.226676    -0.280232    -0.120529    -0.708075    1.53026    2.30772    0.146769    0.0313163    -0.2    -0.2
-0.346769    -0.231316    -0.283316    -0.108635    -0.736407    1.5194    2.28529    0.150794    0.0356721    -0.2    -0.2
-0.350794    -0.235672    -0.286206    -0.097887    -0.765027    1.50961    2.26248    0.155257    0.0397435    -0.2    -0.2
-0.355257    -0.239744    -0.288903    -0.0881831    -0.793918    1.50079    2.23925    0.160166    0.0435271    -0.2    -0.2
-0.360166    -0.243527    -0.291405    -0.0794268    -0.823058    1.49285    2.21555    0.165529    0.0470155    -0.2    -0.2
-0.365529    -0.247015    -0.293708    -0.0715294    -0.852429    1.48569    2.19135    0.171358    0.0501976    -0.2    -0.2
-0.371358    -0.250198    -0.295806    -0.0644096    -0.88201    1.47925    2.1666    0.177664    0.0530583    -0.2    -0.2
-0.377664    -0.253058    -0.29769    -0.0579928    -0.911779    1.47345    2.14126    0.184461    0.055578    -0.2    -0.2
-0.384461    -0.255578    -0.299347    -0.0522112    -0.941713    1.46823    2.11529    0.191761    0.057733    -0.2    -0.2
-0.39176    -0.257733    -0.300763    -0.0470029    -0.97179    1.46353    2.08863    0.199576    0.0594953    -0.2    -0.2
-0.399576    -0.259495    -0.30192    -0.042312    -1.00198    1.4593    2.06125    0.207918    0.0608324    -0.2    -0.2
-0.407918    -0.260832    -0.302797    -0.0380877    -1.03226    1.45549    2.0331    0.216797    0.0617075    -0.2    -0.2
-0.416797    -0.261708    -0.303371    -0.0342838    -1.0626    1.45206    2.00414    0.22622    0.0620797    -0.2    -0.2
-0.42622    -0.26208    -0.303614    -0.0308592    -1.09296    1.44898    1.97431    0.23619    0.0619039    -0.2    -0.2
-0.43619    -0.261904    -0.303499    -0.0277757    -1.12331    1.4462    1.94358    0.246707    0.0611315    -0.2    -0.2
-0.446707    -0.261131    -0.302993    -0.0250002    -1.15361    1.4437    1.9119    0.257767    0.0597107    -0.2    -0.2
-0.457767    -0.259711    -0.302061    -0.0225016    -1.18381    1.44145    1.87922    0.269359    0.0575868    -0.2    -0.2
-0.469359    -0.257587    -0.300667    -0.0202525    -1.21388    1.43942    1.84552    0.281466    0.0547035    -0.2    -0.2
-0.481466    -0.254703    -0.298772    -0.0182279    -1.24376    1.4376    1.81075    0.294064    0.0510034    -0.2    -0.2
-0.494064    -0.251003    -0.296337    -0.0164056    -1.27339    1.43596    1.77487    0.307123    0.0464294    -0.2    -0.2
-0.507123    -0.246429    -0.293321    -0.0147654    -1.30272    1.43448    1.73787    0.320601    0.0409258    -0.2    -0.2
-0.520601    -0.240926    -0.289685    -0.0132893    -1.33169    1.43316    1.6997    0.334451    0.0344401    -0.2    -0.2
-0.534451    -0.23444    -0.285389    -0.0119606    -1.36023    1.43196    1.66036    0.348616    0.0269246    -0.2    -0.2
-0.548616    -0.226925    -0.280397    -0.0107647    -1.38827    1.43088    1.61983    0.363031    0.0183379    -0.2    -0.2
-0.563031    -0.218338    -0.274675    -0.00968826    -1.41574    1.42991    1.5781    0.377621    0.00864705    -0.2    -0.2
-0.577621    -0.208647    -0.268193    -0.0087195    -1.44256    1.42904    1.53517    0.392307    -0.0021707    -0.2    -0.2
-0.592307    -0.197829    -0.260929    -0.00784773    -1.46865    1.42826    1.49105    0.407001    -0.0141263    -0.2    -0.2
-0.607001    -0.185874    -0.252866    -0.00706297    -1.49394    1.42755    1.44576    0.421613    -0.0272174    -0.2    -0.2
-0.621613    -0.172783    -0.243998    -0.0063566    -1.51834    1.42692    1.39931    0.43605    -0.0414272    -0.2    -0.2
-0.63605    -0.158573    -0.234325    -0.00572109    -1.54177    1.42634    1.35174    0.450217    -0.0567235    -0.2    -0.2
-0.650217    -0.143276    -0.22386    -0.00514895    -1.56416    1.42583    1.30308    0.464023    -0.0730587    -0.2    -0.2
-0.664023    -0.126941    -0.212627    -0.00463402    -1.58542    1.42537    1.25337    0.47738    -0.0903698    -0.2    -0.2
-0.67738    -0.10963    -0.200662    -0.0041706    -1.60549    1.42495    1.20266    0.490206    -0.108579    -0.2    -0.2
-0.690206    -0.0914206    -0.188011    -0.0037536    -1.62429    1.42457    1.15101    0.502429    -0.127597    -0.2    -0.2
-0.702429    -0.0724034    -0.174731    -0.00337827    -1.64176    1.42423    1.09847    0.513985    -0.147319    -0.2    -0.2
-0.713985    -0.0526807    -0.160892    -0.00304031    -1.65785    1.42393    1.04509    0.524824    -0.167636    -0.2    -0.2
-0.724824    -0.0323639    -0.14657    -0.00273645    -1.67251    1.42366    0.990946    0.534905    -0.188428    -0.2    -0.2
-0.734905    -0.0115716    -0.131848    -0.00246274    -1.68569    1.42341    0.936091    0.544203    -0.209574    -0.2    -0.2
-0.744203    0.00957351    -0.116817    -0.0022164    -1.69737    1.42319    0.88059    0.552703    -0.230947    -0.2    -0.2
-0.752703    0.0309471    -0.101569    -0.00199491    -1.70753    1.42299    0.824504    0.560404    -0.252425    -0.2    -0.2
-0.760404    0.0524253    -0.0861976    -0.00179541    -1.71615    1.42281    0.767892    0.567313    -0.273888    -0.2    -0.2
-0.767313    0.0738877    -0.0707967    -0.00161588    -1.72323    1.42265    0.710813    0.57345    -0.295219    -0.2    -0.2
-0.77345    0.0952186    -0.0554566    -0.00145423    -1.72877    1.4225    0.653321    0.578841    -0.316309    -0.2    -0.2
-0.778841    0.116309    -0.0402637    -0.00130886    -1.7328    1.42237    0.595469    0.583519    -0.337058    -0.2    -0.2
-0.783519    0.137058    -0.0252981    -0.00117785    -1.73533    1.42225    0.537307    0.587521    -0.357375    -0.2    -0.2
-0.787521    0.157375    -0.0106341    -0.00106007    -1.73639    1.42215    0.478881    0.590889    -0.377175    -0.2    -0.2
-0.790889    0.177175    0.00366223    -0.000954211    -1.73603    1.42205    0.420233    0.593664    -0.396387    -0.2    -0.2
-0.793664    0.196387    0.0175323    -0.000858784    -1.73427    1.42197    0.361404    0.595891    -0.414948    -0.2    -0.2
-0.795891    0.214948    0.0309259    -0.000772834    -1.73118    1.42189    0.302429    0.597609    -0.432804    -0.2    -0.2
-0.797609    0.232804    0.0438002    -0.000695586    -1.7268    1.42182    0.243343    0.59886    -0.44991    -0.2    -0.2
-0.79886    0.24991    0.0561206    -0.000625908    -1.72119    1.42176    0.184174    0.599681    -0.466231    -0.2    -0.2
-0.799681    0.266231    0.0678592    -0.000563323    -1.7144    1.4217    0.124953    0.600106    -0.481737    -0.2    -0.2
-0.800106    0.281737    0.0789946    -0.000507116    -1.7065    1.42165    0.0657041    0.600165    -0.496407    -0.2    -0.2
-0.800165    0.296407    0.0895121    -0.000456393    -1.69755    1.42161    0.00645123    0.599885    -0.510227    -0.2    -0.2
-0.799885    0.310227    0.0994016    -0.000410616    -1.68761    1.42156    -0.0527834    0.59929    -0.523188    -0.2    -0.2
-0.79929    0.323188    0.108658    -0.000369668    -1.67675    1.42153    -0.111979    0.598397    -0.535285    -0.2    -0.2
-0.798397    0.335285    0.117281    -0.000332713    -1.66502    1.42149    -0.171117    0.597224    -0.546517    -0.2    -0.2
-0.797224    0.346517    0.125272    -0.000299454    -1.65249    1.42146    -0.230179    0.595781    -0.556891    -0.2    -0.2
-0.795781    0.356891    0.132638    -0.000269592    -1.63923    1.42144    -0.289147    0.594078    -0.566412    -0.2    -0.2
-0.794078    0.366412    0.139385    -0.000242412    -1.62529    1.42141    -0.348003    0.592121    -0.575091    -0.2    -0.2
-0.792121    0.375091    0.145524    -0.000218332    -1.61074    1.42139    -0.406732    0.589914    -0.58294    -0.2    -0.2
-0.789914    0.38294    0.151067    -0.000196397    -1.59563    1.42137    -0.465315    0.587458    -0.589975    -0.2    -0.2
-0.787458    0.389975    0.156026    -0.000176847    -1.58003    1.42135    -0.523737    0.584754    -0.596211    -0.2    -0.2
-0.784754    0.396211    0.160417    -0.000159144    -1.56399    1.42134    -0.581981    0.581799    -0.601667    -0.2    -0.2
-0.781799    0.401667    0.164252    -0.00014317    -1.54756    1.42132    -0.640029    0.578594    -0.606361    -0.2    -0.2
-0.778594    0.406361    0.167548    -0.000128865    -1.53081    1.42131    -0.697864    0.575133    -0.610314    -0.2    -0.2
-0.775133    0.410314    0.170321    -0.000115991    -1.51377    1.4213    -0.755469    0.571415    -0.613547    -0.2    -0.2
-0.771415    0.413547    0.172586    -0.000104427    -1.49652    1.42129    -0.812824    0.567437    -0.616081    -0.2    -0.2
-0.767437    0.416081    0.174361    -9.39369e-05    -1.47908    1.42128    -0.869912    0.563195    -0.617938    -0.2    -0.2
-0.763195    0.417938    0.175661    -8.45194e-05    -1.46151    1.42127    -0.926713    0.558688    -0.619142    -0.2    -0.2
