0.165469    -0.129382
-0.0586699    0.186777
-0.073755    -0.215648
-0.00957812    0.0832565
0.0654891    0.0230999
0.0823153    0.0864201
0.090873    0.00766968
-0.20581    0.119639
0.0324271    0.155585
0.0277014    0.0220417
-0.000182073    -0.00407107
-0.0114543    0.0323393
0.0318251    -0.022835
-0.0251554    -0.0204952
-0.0494787    -0.24478
-0.0681057    0.108652
0.114985    -0.386415
0.404631    0.0622308
-0.367946    0.0635619
-0.0432321    0.320224
-0.047633    0.378702
-0.271855    0.220533
0.192565    -0.256612
-0.394691    0.220138
-0.253998    0.0837178
-0.327077    -0.196373
0.15457    0.254841
0.275097    -0.38423
-0.26394    -0.0333822
-0.336161    -0.140719
-0.304315    0.0567956
-0.281741    0.383108
0.549075    0.140098
-0.0382113    0.592571
0.310447    0.546054
-0.613723    -0.154623
-0.554365    0.253099
0.132986    0.720533
0.0411051    0.569592
0.401391    -0.523907
-0.338512    -0.580472
-0.444887    0.417381
0.342057    -0.619089
-0.436792    0.346022
0.227689    0.541682
0.627418    0.390692
-0.419186    0.515376
-0.541612    0.280396
-0.336278    0.780226
-0.780672    0.488767
-0.185514    -0.850628
-0.865791    0.475065
-0.577219    0.53484
0.828332    -0.377436
0.175474    -0.887723
0.33433    -0.885487
-0.128887    -0.852065
0.130762    -0.786082
0.76953    -0.445355
-0.660386    0.437939
-0.544849    -0.552262
-0.0574741    0.871969
-0.914266    0.395611
0.683957    -0.616967
