0.066064 -0.0535356
-0.152055 0.113408
-0.690628 -0.275398
-0.807375 -0.059524
0.973268 -0.207228
-0.243888 -0.349339
0.603486 -0.748565
-0.252746 0.150236
0.127373 -0.498889
0.452774 0.30204
0.242803 -0.357624
0.276091 0.721848
0.326293 0.708876
-0.227101 0.532757
0.411503 -0.0199101
-0.0833087 0.141174
0.0348053 0.0678071
-0.0365209 0.0075835
0.61577 0.274328
0.197574 0.335998
0.681147 -0.719536
-0.573075 -0.352202
-0.212662 -0.140738
-0.0348704 0.269473
-0.0645371 -0.0709758
0.143531 -0.0477729
-0.00398568 -0.0424174
0.0799186 0.458585
-0.452507 -0.349044
-0.356498 -0.600097
0.00163066 -0.173645
0.0160454 -0.824761
-0.3124 -0.0647997
0.0390501 -0.142293
0.251179 -0.877281
-0.00938964 -0.000593877
-0.274891 -0.108675
-0.185646 0.468749
0.958176 -0.217623
-0.147998 0.423445
0.0180127 -0.0532441
0.933611 0.310255
0.189759 0.146619
-0.529967 -0.0717156
-0.136052 0.300626
-0.0914953 -0.973569
0.907923 0.291652
0.531205 0.21359
0.804698 -0.105839
-0.187861 0.125321
0.0177197 -0.618793
0.892015 0.208189
0.682947 -0.472694
-0.160725 -0.0716998
-0.258769 0.201846
0.189124 0.424312
-0.197839 -0.16482
0.124022 0.152421
0.214158 -0.634159
-0.15339 0.0278368
0.255545 -0.00967421
0.401256 -0.572067
0.0248154 0.0647917
-0.00756799 0.00301548
0.256447 0.293314
-0.241934 0.0598679
0.187007 0.672886
-0.143588 0.112258
-0.0305078 -0.139157
-0.3055 0.361265
0.000305253 -5.40488e-05
-0.137266 -0.200028
-0.773424 -0.534596
-0.443038 0.78783
-0.137355 -0.271249
-0.378293 0.243311
-0.0213416 -0.617937
-0.0212189 -0.0423236
-0.0177677 -0.00393346
-0.675957 0.650579
-0.221432 -0.439701
0.615628 -0.485751
-0.315838 0.654941
0.0116837 0.144766
0.0455753 0.206964
0.0102292 -0.578086
0.528383 0.587607
-0.266559 0.271463
-0.186948 -0.240384
0.168284 -0.805282
0.133087 0.507211
-0.40547 -0.487426
-0.313138 -0.669317
0.39901 0.0177757
0.172461 -0.198364
-0.457294 -0.453736
-0.52949 -0.334005
-0.723122 -0.64127
-0.339307 -0.322734
0.0992881 0.123925
0.709948 0.494184
-0.208109 0.403736
0.343412 0.382928
0.0685501 0.0128683
0.950617 -0.252378
-0.00146486 0.00138532
0.123025 0.386638
-0.0342992 -0.354518
-0.388726 0.489682
-0.0624779 -0.0990551
0.395817 0.755232
-0.120045 -0.133876
-0.436186 0.20093
0.741572 0.136324
-0.0638628 -0.0515069
0.396167 -0.51688
-0.161319 -0.224797
0.0446651 0.0556417
0.11863 -0.0420888
0.81631 -0.459045
-0.0127015 -0.113434
-0.738716 0.00819968
-0.0851617 -0.68306
0.675151 -0.606219
0.539852 -0.597278
-0.417214 0.0511149
0.159377 0.754727
0.0123472 -0.00920151
0.509625 0.303603
-0.040966 0.160534
0.880215 -0.447366
0.411447 -0.731263
-0.101319 -0.153464
-0.170634 0.142323
0.659937 0.235987
-0.386906 -0.768592
0.669351 0.0446351
-0.0237976 -0.0393138
-0.327772 0.881876
0.738504 0.600526
-0.657765 0.662231
0.00623633 0.14867
0.218198 0.327398
0.379674 -0.0594002
-0.347556 0.749366
-0.182009 0.0322165
-0.471169 0.699629
-0.609549 0.266478
0.0312028 -0.392081
0.74007 -0.287087
0.502853 -0.11828
-0.0928653 0.170077
0.437015 -0.318345
-0.199809 0.026521
0.358255 -0.718902
0.273234 -0.0948815
-0.0282807 -0.135132
0.144543 0.753217
0.123162 0.104134
-0.514717 -0.724636
0.830943 -0.395872
-0.440686 -0.203878
-0.0102066 -0.146074
-0.664924 0.594331
-0.000562374 0.038519
0.0805177 -0.826892
0.41725 -0.217462
0.314933 -0.253888
-0.186611 0.578747
-0.0954491 -0.401162
-0.602862 0.077281
0.160797 0.257099
-0.083444 0.450479
-0.80262 0.321241
0.341751 -0.642772
0.00727893 0.0252211
0.29734 0.49058
0.0363796 0.403668
-0.315183 -0.36895
-0.703322 -0.152608
-0.0612912 -0.067556
0.571455 0.320575
-0.113796 -0.103356
0.0550581 0.53264
-0.11653 0.414614
-0.639725 -0.678286
-0.155965 -0.50405
0.433149 -0.238211
0.718299 -0.169157
0.614235 0.560808
-0.302159 -0.462278
0.0898553 -0.898987
-0.979559 -0.00454404
0.315289 -0.30642
0.0349086 0.0133723
0.173051 0.530785
-0.301853 -0.455577
-0.0616049 0.185754
-0.104701 -0.507936
-0.283811 -0.251737
-0.00456187 -0.285603
-0.453564 -0.237424
0.945475 -0.220873
0.714361 0.128486
-0.177208 -0.748962
-0.0424306 0.478411
-0.174004 -0.196452
-0.908412 -0.235259
-0.488502 0.415062
0.199133 -0.0660491
-0.539672 0.737392
0.267255 0.0670697
-0.236677 -0.60408
-0.391963 -0.879205
0.498752 -0.70904
0.720493 0.271839
-0.0880085 0.0561304
0.324905 -0.441438
0.0451324 -0.00975272
-0.767705 -0.181241
-0.224337 0.218057
0.863429 -0.167002
0.734718 0.00504161
0.423104 -0.172126
-0.229855 0.331439
0.0219967 -0.241612
-0.713985 -0.0747646
0.642711 -0.729268
0.00405594 -0.241988
0.0234897 -0.00590469
-0.550842 -0.342303
-0.260501 0.101747
0.0997597 -0.85778
0.252762 0.098446
-0.0565655 -0.209095
-0.28061 0.0852907
0.0753528 -0.105962
-0.0620915 0.243932
0.156173 0.0122584
-0.521807 0.506997
-0.0891231 -0.0626112
-0.258644 -0.471365
-0.272081 0.378157
0.106226 -0.617046
0.1913 -0.195637
-0.757772 -0.186027
-0.935579 0.172216
0.455991 -0.415084
0.444214 0.175306
0.0563704 0.172951
0.0086627 -0.966871
-0.12806 0.796982
-0.328651 -0.678483
-0.0665246 0.0796942
0.0725906 -0.0140752
-0.171354 -0.47271
-0.211846 0.108615
-0.0568953 -0.168323
0.149942 0.0891356
0.410829 0.765034
-0.118574 -0.0811853
-0.486124 0.6605
0.272104 -0.564472
0.243454 0.433728
0.0409566 0.0747777
0.0833376 -0.130545
-0.249524 0.0924092
0.268115 -0.641877
0.0027902 0.139932
0.0785717 -0.0270244
-0.185875 0.0220815
-0.147992 -0.239873
-0.500977 0.735629
0.35189 0.012546
0.198575 -0.134918
0.187282 0.099711
0.00419145 -0.00873926
-0.494341 -0.513551
-0.58966 0.0882598
-0.384775 0.356494
-0.0277518 0.0697174
-0.36376 0.85137
-0.499325 -0.550451
0.00575019 0.0124947
0.17736 -0.16029
0.190884 -0.344016
0.983898 0.0416066
-0.248879 0.227907
0.492989 0.425757
-0.0926703 0.170351
0.0528272 -0.760129
0.629212 -0.00861021
-0.755744 0.343445
-0.0306661 -0.0141899
0.0610803 -0.0066893
-0.382503 0.222155
-0.0709184 -0.0552755
-0.520081 -0.0263567
-0.0685663 0.01338
0.153062 0.132572
-0.848775 0.166066
0.806136 0.469529
-0.107789 -0.290598
-0.621742 0.352741
-0.537344 -0.0888861
0.159446 -0.504886
0.0075975 0.00136601
0.212379 -0.115636
-0.31391 0.269875
-0.00241256 -0.528074
0.860295 -0.188796
-0.0692487 0.586769
0.0870046 -0.592225
-0.214398 0.0509363
0.508954 -0.121398
0.170366 0.00109995
-0.163168 -0.104998
0.221939 -0.657301
-0.321602 -0.650009
-0.468147 -0.156614
0.144465 -0.2606
-0.0103752 0.762793
0.305241 0.826955
0.720943 0.660902
0.161145 0.461645
0.321153 -0.68307
-0.210126 -0.0155987
-0.357359 0.649234
-0.243133 -0.362849
-0.743875 0.517101
0.207644 -0.430027
0.0343997 0.00955871
0.0591402 -0.189882
-0.00152175 -0.00486367
0.452517 -0.00284847
-0.0813201 -0.0646386
-0.144911 0.18526
-0.542795 -0.16823
0.394337 0.295288
-0.0621871 0.0889846
0.62276 -0.538834
0.29828 0.641428
0.0595967 0.846688
0.101378 -0.882932
-0.946849 -0.0810059
-0.0372284 0.423217
-0.32951 0.100809
0.136627 0.0976291
-0.126379 0.378784
0.889337 0.182503
-0.0744127 0.151809
0.0414283 0.0746787
-0.623047 0.68649
-0.277657 -0.101569
0.278915 0.47214
0.611299 0.283569
0.494492 -0.108649
-0.754796 0.31182
-0.227565 -0.0720363
-0.0126885 -0.609298
-0.234517 0.517416
-0.106475 -0.124861
0.0556627 0.211605
0.0171291 -0.267009
-0.203342 -0.173996
0.327144 -0.324794
-0.243098 -0.934212
0.000362296 -0.0312916
0.856639 0.277265
-0.665647 -0.614572
0.146158 -0.742728
0.256116 -0.440215
0.0983927 -0.741791
0.6574 -0.586197
0.805878 -0.091137
-0.173665 0.0332972
0.686722 -0.361589
-0.528956 0.325802
-0.493505 -0.166867
0.508331 0.603219
0.363525 0.259145
0.904914 0.342489
0.118634 0.128036
-0.451365 0.456089
-0.00353142 0.0682092
0.0502077 -0.192738
-0.0611676 -0.0215912
0.821994 -0.405406
0.0959223 -0.165632
-0.165179 0.218498
-0.100037 0.368528
0.721829 -0.508176
0.522651 -0.148276
-0.0820085 -0.450522
-0.290395 0.450479
-0.461991 0.861043
-0.00555417 0.0415946
0.00110084 0.00380416
0.336001 0.0229335
-0.535753 0.659519
0.133233 0.791375
-0.398839 0.829311
0.865862 0.0507394
-0.267443 -0.301158
-0.0335957 0.0688615
-0.0429811 0.0469012
0.301758 -0.0200575
0.404716 0.579403
0.0290327 -0.576482
-0.898656 0.210741
-0.0411041 0.0479182
0.190184 0.643949
-0.219034 0.428172
0.913025 0.277562
0.073079 -0.93719
0.591495 -0.0392274
-0.567225 0.484602
-0.108012 -0.106191
-0.275106 -0.889767
0.576325 -0.0709929
0.0762821 0.00875675
0.591442 -0.779129
0.708453 0.511355
0.0330167 -0.686349
0.347803 -0.0116228
-0.0318446 -0.316145
0.118849 -0.127542
0.273043 -0.315052
0.446097 0.106242
0.00589807 -0.289498
-0.322127 -0.17239
0.801361 -0.0311619
0.198506 0.308997
-0.104127 0.929112
-0.127157 0.222801
0.630939 0.242008
0.530859 -0.300639
0.662674 -0.696236
0.0580591 -0.167689
0.916211 -0.124328
-0.23983 0.345973
0.300571 0.272008
0.52329 -0.783801
-0.551683 -0.523813
-0.392107 -0.330817
-0.0206027 0.438456
0.365453 -0.849227
-0.199936 0.175028
0.371134 -0.0641101
-0.379493 0.791746
-0.143813 0.0349838
0.34264 -0.482907
0.243866 -0.343186
-0.697555 -0.221826
0.165867 0.23942
-0.00428294 0.145621
0.818178 0.11716
0.0421915 0.114842
0.2974 0.0109261
-0.230838 0.582147
-0.169093 0.218954
-0.172522 0.595959
-0.0673674 0.00530881
0.644502 0.555765
0.428609 0.649349
0.38304 0.499963
0.0929346 0.715089
-0.253172 0.145811
0.198059 -0.101169
-0.534135 -0.0355344
0.31369 -0.578998
-0.141899 -0.366095
-0.439668 -0.057103
-0.583807 0.451323
-0.399404 0.229852
0.361495 0.262712
-0.454315 0.351327
-0.12274 -0.767184
0.639744 -0.175271
0.187816 -0.963613
-0.188793 -0.180707
-0.0442618 -0.495883
0.175186 0.260977
0.333485 -0.0980665
-0.0410665 -0.316217
0.0412908 0.682034
0.174174 -0.554382
0.129432 -0.490567
-0.321317 -0.121081
-0.752809 0.354825
0.331987 0.86845
0.761959 0.169638
-0.13876 -0.0849667
-1.29472e-05 -0.00101648
-0.431926 0.00644274
0.460411 -0.414934
0.0367471 0.990767
-0.0226308 0.0347095
-0.065406 -0.0235133
0.257912 0.0127307
