0.928165
0.93535
0.185024
-0.843033
-1.00517
0.687271
-0.943809
0.628872
-0.833903
-0.869872
-0.7581
-0.939773
-0.949879
-0.841178
-0.801453
0.82584
0.953186
0.98979
-0.902268
0.686794
-1.01103
0.828031
0.950497
0.874726
0.921984
0.918402
0.942117
-0.792024
-0.918474
0.360029
-0.818781
-0.87381
0.633767
0.951756
-0.849242
0.639471
0.898217
-0.833788
-0.990151
-0.809337
0.257267
-0.962422
0.694154
0.372605
0.9175
-0.892705
-0.851855
-0.864104
-0.941729
0.813352
-0.861939
-0.881953
-0.950212
0.927649
0.917227
-0.793267
0.552022
0.368951
-0.830047
0.807911
0.703584
-0.822595
0.712507
0.981947
0.280133
0.925695
-0.824893
-0.81617
0.807034
0.715927
0.759161
0.872537
-0.912537
-0.900036
0.615236
-0.834014
-0.787562
0.463135
0.993246
0.794515
-0.856976
-0.921485
-0.97099
-0.880736
-0.912483
0.982023
-0.89696
-0.774801
0.818106
-0.872964
-0.86947
-0.829813
0.637983
-0.844764
0.897285
0.689877
0.797052
-0.861347
0.553301
0.766666
-0.870175
-0.822421
-0.889985
0.977843
-0.967493
0.801151
0.914669
-0.750309
0.798528
0.896589
-0.866459
0.734027
0.869997
-0.901878
0.655339
-0.831904
-0.772248
0.462178
-0.743256
-0.966696
0.796961
0.852133
-0.883019
-0.889913
-0.891105
0.873219
-0.898482
0.600235
0.757258
0.847474
-0.949997
-0.962504
-0.861919
0.842671
-0.86951
-0.891723
-0.879351
0.733603
-0.947076
-0.941526
-0.896219
0.825319
0.823544
-0.831505
-0.980346
-0.779982
-0.903614
-0.870517
0.577817
-0.946196
-0.900076
0.776787
-0.875052
0.624288
-0.838255
0.689533
0.951695
-0.861504
0.646546
-0.866294
-0.888421
0.763979
0.805491
0.792153
0.840634
-0.862912
-0.8861
-0.87107
-0.864422
0.877502
0.830473
0.917179
-0.843485
-0.870831
-0.915939
0.430016
0.789285
-0.737017
0.793152
-0.856834
0.905893
-0.872854
0.624165
0.728364
0.866111
-0.871087
-0.82946
-0.83623
-0.915524
-0.94518
-0.835019
-0.846324
-0.899811
-0.868334
0.867064
-0.847826
-0.842522
0.807624
-0.854177
-0.789912
-0.800442
0.215352
-0.999203
-0.964744
-0.883522
0.49431
0.844098
0.823489
-0.897429
0.635746
-0.879881
0.848873
-0.771184
-0.846463
-0.943097
-0.914808
0.7679
-0.823949
-0.765439
-0.845673
0.977048
-0.961926
-0.963205
-0.877679
0.890175
0.815175
0.858781
-0.978156
0.490416
0.935435
0.345693
-0.837853
-0.808825
0.508039
0.803482
0.876451
0.760375
-0.762093
-0.763787
-0.887116
-0.765149
0.753048
-0.873934
-0.843024
-0.847361
-0.897664
-0.9029
-0.891314
-0.877961
0.88392
-0.879563
-0.950952
-0.942966
0.626409
0.977611
-0.819699
-0.789427
0.80565
0.896869
-0.912399
0.864889
-0.85748
-0.848222
0.750307
0.91391
0.930024
0.896738
-0.84803
0.76301
0.957923
0.976938
0.905259
-0.86829
-0.794782
0.766592
0.6763
0.794012
0.739698
-0.857979
-0.910472
-0.87148
-1.03257
-0.818805
0.804189
0.891644
-0.82594
-0.956544
0.799918
-0.870105
0.575497
-0.866124
-0.930334
-0.889957
0.332272
0.953568
-0.777308
-0.854889
0.235387
0.956222
0.946902
0.866841
-0.928082
0.666131
0.385386
-0.826374
-0.843608
0.8158
0.962883
0.904
-0.857536
-0.964118
-0.848358
-0.86049
0.479345
-0.902745
0.550134
0.902781
-0.816755
-0.879341
-0.839895
-0.830619
-0.996336
-0.973432
-0.927133
0.71413
-0.947249
0.761475
0.667065
0.682826
0.86015
-0.788722
0.66587
0.912162
0.912108
0.570512
0.753018
0.89857
-0.842613
-0.874756
-0.86088
-0.926369
-0.945449
-1.0307
-0.81757
-0.926704
0.996554
0.949775
0.826568
-0.794841
-0.945808
0.684816
0.981847
0.728361
0.885804
-0.841543
-0.911084
-0.877065
0.778679
0.905492
-0.858165
0.55834
0.840627
0.909153
0.848051
0.930279
-0.781329
-0.869984
0.78363
-0.954734
-0.739766
-0.871644
-0.830455
-0.880233
-0.986287
-0.9439
-0.853602
-0.946932
0.776513
0.349744
-0.866601
0.850497
-0.960308
0.826448
-0.79367
-0.883
0.787728
0.845462
-0.965559
0.648002
0.846868
0.935405
-0.926601
-0.901605
-0.851329
-0.870872
-0.942186
-0.83465
0.874112
0.857619
0.691774
-0.906444
-0.890839
-0.965091
0.688239
0.469678
0.99897
0.385047
0.219852
-0.686306
-0.873359
0.57751
-0.865321
-0.756202
-0.978488
-0.944468
-0.838045
-0.867139
0.423332
-0.866728
-0.863389
0.94068
-0.991484
-0.944215
-0.861903
0.198857
0.866316
0.89229
-0.834458
0.269763
0.843534
-0.748918
-0.89145
-0.808629
-1.00897
-0.787414
-0.890273
-0.862921
-0.96946
0.355518
-0.938067
-0.908378
0.280262
-0.990633
0.686136
0.896266
-0.844323
-0.946498
-0.832131
-0.857075
-1.01817
-0.860371
-0.866218
-0.839921
-0.857735
0.911846
0.977306
-0.944307
0.791775
0.92925
0.59894
0.896092
0.750637
0.876829
-0.877521
-0.91044
-0.896664
-0.996756
-0.863324
0.222583
-0.79646
-0.904417
-0.895267
-0.850126
-0.900496
-0.877632
0.531272
-0.794544
-0.892053
-0.865633
-0.828067
-0.818483
-0.804287
0.236441
0.774329
0.938733
-0.895577
-0.863827
-0.836751
-0.878877
-0.913281
-0.975304
-0.948409
0.771579
0.86645
0.491023
-0.916014
-0.929583
0.754532
0.973466
0.871103
