0    -99.357249244032133 99.956565618515015 81.873893514275551  -0.29109185934066772         8 15 
1    -5.6100659370422363 4.2474921345710754 -2.4102834463119507  -0.46757790446281433         8 15 
2    -99.700847419881029 -36.511629834771156 -95.952993725848501  -0.43662691116333008         8 15 
3    -99.992059422314199 19.70038278885113 96.712478876113892  -0.50385200977325439         8 15 
4    99.84794020652771 -99.944337123059356 23.18635356426239  -0.21201062202453613         8 15 
5    -40.600021009460249 99.999811410903931 -57.946541000157595  -0.30395886301994324         8 15 
6    99.999882698059082 29.66255784034729 99.287713050842285  -0.36020803451538086         8 15 
7    -98.182774661690928 18.100886539325074 -99.997790401078362  -0.48194390535354614         8 15 
8    -99.996392680076056 -31.818219470485928 62.508832454681396  -0.14800238609313965         8 15 
9    -99.986296054646914 -34.622128440625147 82.93016916513443  -0.42567771673202515         8 15 
10    -87.134032238274813 23.229717274507493 -99.831109083890851  -0.22129255533218384         8 15 
11    99.949067831039429 -15.799243930727243 -99.993174422303724  -0.50068646669387817         8 15 
12    -58.801053316623438 -35.371526077389717 -22.062380746006966  -0.81105905771255493         8 15 
13    -97.47289096178352 80.937173128128052 29.442106083035469  -0.46489149332046509         8 15 
14    -99.331349819151498 -92.261766796000302 -85.539001698594916  -0.22634918987751007         8 15 
15    -98.514689236071717 89.394216418266296 -90.169899087399244  -0.36001279950141907         8 15 
16    -0.47836320847272873 -72.787708954754635 -4.4912994867190719  -0.40622887015342712         8 15 
17    99.999399662017822 99.998131632804871 -61.614831328392029  -0.12912409007549286         8 15 
18    99.999958038330078 -55.369662135839462 99.961005330085754  -0.30791953206062317         8 15 
19    45.219911575317383 60.809148192405701 84.140155076980591  -0.52601921558380127         8 15 
20    -99.999377563834074 -99.260382717146086 -72.758438050746918  -0.09673551470041275         8 15 
21    99.864314913749695 99.999247312545776 15.859962906688452  -0.21724699437618256         8 15 
22    21.477916538715363 -31.009412519168109 -99.701257446233399  -0.5375252366065979         8 15 
23    99.874117493629456 -99.996958061198711 76.803017914295197  -0.10801689326763153         8 15 
24    22.537756336852908 -83.931858777534217 -81.651281632250175  -0.084282092750072479         8 15 
25    -11.888416861183941 99.999993324279785 99.960761070251465  -0.77810269594192505         8 15 
26    -99.243905603187159 72.648519366979599 -7.1868030726909637  -0.22672703862190247         8 15 
27    -99.375024211753669 -59.201539652611245 -99.823171853507176  -0.46973749995231628         8 15 
28    52.826879240572453 36.075042243115604 -99.996072444361232  -0.77540814876556396         8 15 
29    45.710423469543457 -98.890919763129205 99.883906483650208  -0.56766211986541748         8 15 
30    99.995558500289917 -68.286952546328394 -1.5466007832651201  -0.14214485883712769         8 15 
31    99.999618053436279 82.043911784887314 -15.450097680091858  -0.19031432271003723         8 15 
32    83.33914589881897 -50.430211612139829 -22.32039272919792  -0.62542378902435303         8 15 
33    -51.160051193837717 16.421281278133392 -30.248186444863677  -0.7425307035446167         8 15 
34    51.662571787834167 99.99997353553772 29.94225686788559  -0.78597193956375122         8 15 
35    -72.001643186325964 -99.837016096683897 99.609926819801331  -0.7563018798828125         8 15 
36    0.23750263452529907 -86.235505898584961 99.994428396224976  -0.72686058282852173         8 15 
37    -47.035409356234595 99.844037890434265 -84.330469758249819  -0.36716878414154053         8 15 
38    -98.942976297433006 -90.498584525781354 96.874798178672791  -0.27564221620559692         8 15 
39    99.928671717643738 65.955010026693344 -72.356078334152699  -0.093549333512783051         8 15 
40    63.024235188961029 99.617727160453796 -5.3893898056121543  -0.47740760445594788         8 15 
41    99.999301433563232 99.999995946884155 35.008152987807989  -0.45264589786529541         8 15 
42    90.896399974822998 99.999977350234985 -73.76568256180326  -0.11421589553356171         8 15 
43    -99.98940073721765 30.082579023204744 -99.999441612730365  -0.4140923023223877         8 15 
44    -99.936878997115372 99.249204158782959 -23.973288685083389  -0.22187669575214386         8 15 
45    -99.999791927808019 99.999872207641602 -50.5114328840491  -0.27808159589767456         8 15 
46    16.495213329792023 25.630017326679081 99.989434719085693  -0.67249578237533569         8 15 
47    -74.534747989855532 -99.478839908695591 -98.601819022544078  -0.62255549430847168         8 15 
48    74.186777830123901 99.992171406745911 99.998795509338379  -0.59667867422103882         8 15 
49    -99.999907009754409 90.682157039642334 -54.375901219900697  -0.31000453233718872         8 15 
50    -99.081789455210583 -89.852317598456224 -99.969915388629289  -0.30258485674858093         8 15 
51    98.212029933929443 -73.984682018829972 44.555298161110841  -0.41602575778961182         8 15 
52    -1.6410819888114929 -96.558365720843327 -84.637358946725726  -0.81413745880126953         8 15 
53    21.888768017292023 -48.706850804563146 -73.293492457363755  -0.40473884344100952         8 15 
54    -20.503534287214279 -18.89963898062706 -99.991414125354368  -0.63751232624053955         8 15 
55    69.076491713523865 69.114090800285339 99.766164422035217  -0.47068554162979126         8 15 
56    99.995642066001892 56.942857088055462 99.774296402931213  -0.4883982241153717         8 15 
57    82.146499633789062 99.999926090240479 -68.66991506703198  -0.19495168328285217         8 15 
58    -99.999201520296793 54.40838360786438 -67.475877599480668  -0.22083644568920135         8 15 
59    -96.646348046950891 -99.264679390638776 48.648418088443577  -0.15822647511959076         8 15 
60    21.075510158203542 -90.427109266489424 99.957680821418762  -0.34806087613105774         8 15 
61    -75.393580817617476 -99.250461933985278 -12.287766540423036  -0.63085830211639404         8 15 
62    79.386881232261658 -62.532342916176191 -83.293854432180524  -0.4946378767490387         8 15 
63    99.915397644042969 92.498544216156006 -98.556869998254115  -0.29219675064086914         8 15 
64    65.65289530903101 -99.973251844774495 -4.9159432205306075  -0.52749478816986084         8 15 
65    -72.074510323628601 -16.837108081206679 -87.449521711416878  -0.63447964191436768         8 15 
66    -6.3547887499444187 -31.292780555784702 -79.99499502510298  -0.73203581571578979         8 15 
67    99.999937772750854 99.999776124954224 47.31403125252109  -0.41002720594406128         8 15 
68    -53.822062215680489 44.582688331604004 -99.981482587086063  -0.56823062896728516         8 15 
69    3.3529955446720123 -42.24265456199646 -19.772459596395493  -0.79300302267074585         8 15 
70    -99.995321165548873 -2.5451998924836516 6.682780398230534  -0.068742595613002777         8 15 
71    1.604389812098816 78.668722912669182 -18.916339375078678  -0.71547234058380127         8 15 
72    -16.307914286851883 -7.020253598690033 -4.8653830587863922  -0.25524863600730896         8 15 
73    100 -2.659229165773076 99.885237097740173  -0.45250064134597778         8 15 
74    93.720528483390808 -99.996715470246428 -69.78581714630127  -0.060933910310268402         8 15 
75    48.367968082427979 -85.533088978845626 -89.549816864542663  -0.74237221479415894         8 15 
76    -72.919317778199911 99.997720003128052 98.287714600563049  -0.81254208087921143         8 15 
77    -80.848242272283102 99.985468626022339 -99.985102563368898  -0.63405990600585938         8 15 
78    -3.5537431207485497 22.472873389720917 82.573703348636627  -0.52624356746673584         8 15 
79    99.579244375228882 -99.844047337421216 97.750981211662292  -0.29559683799743652         8 15 
80    -27.530828643590212 -83.046578584238887 -61.710235938429832  -0.12108896672725677         8 15 
81    99.817137002944946 99.999611616134644 -49.575972845651336  -0.18244117498397827         8 15 
82    -99.922564103013784 99.999914407730103 100  -0.23869289457798004         8 15 
83    -99.99997107836424 -26.719659611582756 -99.994954105409306  -0.31560388207435608         8 15 
84    33.184632220174535 63.829546198248863 -99.929702788354362  -0.47535377740859985         8 15 
85    99.92816686630249 -38.03162140632508 -76.119836207479239  -0.26747074723243713         8 15 
86    97.860120892524719 -98.149850082409102 -99.766812181489286  -0.25834283232688904         8 15 
87    26.114276111125946 -26.253108255579718 99.583271861076355  -0.24458065629005432         8 15 
88    -6.6313305735493486 -99.301368810599342 25.026956606656313  -0.68291932344436646         8 15 
89    -0.79224287573015317 -96.575780831801239 12.137821635231376  -0.61800259351730347         8 15 
90    -98.123409633254553 48.611930698156357 -96.67583998254122  -0.31165820360183716         8 15 
91    93.309375524520874 99.729554057121277 -99.995211420945282  -0.27857199311256409         8 15 
92    -99.913111315079732 -53.685655990615487 6.1572296321392059  -0.20581501722335815         8 15 
93    99.999407768249512 99.927187323570251 -88.032213071022298  -0.45623087882995605         8 15 
94    63.801656544208527 28.866786241531372 -99.882939650680783  -0.8381044864654541         8 15 
95    31.445107167310198 -84.270218022051267 -45.949171427859255  -0.18856030702590942         8 15 
96    -66.599713556468487 75.062678828835487 99.999776124954224  -0.4984072744846344         8 15 
97    89.557599902153015 85.40833580493927 -67.644583267832786  -0.11496845632791519         8 15 
98    -85.644749102182686 -33.973774284124374 -85.841032852302305  -0.47070428729057312         8 15 
99    -5.6186455902643502 -17.580139231868088 20.95012366771698  -0.77645164728164673         8 15 
100    -71.251362285423966 9.3054996840655804 45.702325467020273  -0.40194839239120483         8 15 
101    66.11060653347522 99.993604183197021 -99.998798670717605  -0.83529907464981079         8 15 
102    -92.856656850873179 99.926469206809998 -99.990138488713413  -0.31088930368423462         8 15 
103    26.158661186695099 -70.749344491897318 -43.191263066139072  -0.19819344580173492         8 15 
104    -1.2307754252105951 25.83454430103302 -97.658792951394133  -0.79955393075942993         8 15 
105    82.509694933891296 99.258360862731934 -98.961695690129829  -0.49980053305625916         8 15 
106    39.033740162849426 -76.093658720143139 -58.198452573502436  -0.24899251759052277         8 15 
107    2.9809817457927537 -96.866724684176006 99.996600747108459  -0.8430321216583252         8 15 
108    99.999351978302002 -73.3471983615309 -38.737388104200363  -0.51693487167358398         8 15 
109    99.999996185302734 80.424270056188107 -99.996395965497058  -0.25164562463760376         8 15 
110    99.936460494995117 -99.976620935183746 -45.48654254187386  -0.13543304800987244         8 15 
111    29.507218956947327 -86.615732986516377 -3.5281027048622491  -0.13934564590454102         8 15 
112    -99.958594172851008 -99.895985999151648 37.369038730859756  -0.38311824202537537         8 15 
113    86.896322011947632 55.100289881229401 67.170042872428894  -0.14031676948070526         8 15 
114    -99.994174567156037 6.1315530116553418 -85.55402714869706  -0.50270587205886841         8 15 
115    3.1298517987597734 99.999759674072266 -14.857916729524732  -0.55544102191925049         8 15 
116    -99.706652497461619 98.387002944946289 70.737381558865309  -0.24227450788021088         8 15 
117    52.115577816963196 99.999659538269043 -70.343519240617752  -0.50900566577911377         8 15 
118    -99.902873706429091 -2.7745427356567234 77.292778253555298  -0.19704076647758484         8 15 
119    -61.913475750014186 99.966386079788208 99.999144315719604  -0.78010988235473633         8 15 
120    30.585315905511379 96.587783813476562 -99.931270338533068  -0.2803947925567627         8 15 
121    20.580150802619755 -8.9240728025906719 -99.927860855545077  -0.11383828520774841         8 15 
122    -99.997872496129105 81.338234528899193 99.999763488769531  -0.48926606774330139         8 15 
123    -47.338483285857365 32.721542369457893 -99.996087592853243  -0.68563628196716309         8 15 
124    98.235018730163574 99.999490261077881 99.996646761894226  -0.40711379051208496         8 15 
125    -72.398649916052818 83.178579926490784 -40.875885277986526  -0.37092781066894531         8 15 
126    -99.627703553895117 72.399456441402435 -99.555555426485768  -0.51452738046646118         8 15 
127    -99.988873462048105 99.999957084655762 56.911572471261024  -0.092449657618999481         8 15 
128    -98.884208819125462 -59.658536930891387 81.825477242469788  -0.370004802942276         8 15 
129    -17.201152635738254 99.999069213867188 -99.62135821080301  -0.64580637216567993         8 15 
130    -67.700243413448334 -91.307373620844587 -99.885192071178608  -0.84173524379730225         8 15 
131    48.617577597498894 -50.710313924471848 -99.970559899979534  -0.032557472586631775         8 14 
132    -71.496702514588833 -70.649147447894833 100  -0.38690775632858276         8 14 
133    -96.327695213765054 -74.110777209484567 90.844827055931091  -0.37925595045089722         8 14 
134    99.965676307678223 99.97282075881958 -7.5078604012808192  -0.28446248173713684         8 14 
135    9.7723230421543121 -72.44580523413606 -80.782608460751362  -0.16978108882904053         8 14 
136    29.143984321504831 99.998744964599609 100  -0.26563692092895508         8 14 
137    -43.929947703902144 99.772112965583801 -99.999768805508424  -0.48650366067886353         8 14 
138    35.134387724101543 65.680543422698975 100  -0.41870707273483276         8 14 
139    -83.40619557723403 19.298424005508423 99.999995470046997  -0.29813748598098755         8 14 
140    -21.132597651332617 30.156243026256561 -5.7132028862833977  -0.34939593076705933         8 14 
141    -99.985692346471296 -99.99941366270771 66.470789553597569  -0.21495473384857178         8 14 
142    39.027912460267544 -20.010609656572342 -94.167934423926454  -0.58629089593887329         8 14 
143    99.997876644134521 35.883833696891088 44.268990157172084  -0.42461764812469482         8 14 
144    -99.703883148104069 -18.574889568131766 26.210772454738617  -0.23170347511768341         8 14 
145    96.823836207389832 -99.971539503694871 -13.074260589201003  -0.20170347392559052         8 14 
146    -15.184436023235321 69.316198587417603 73.662030339241028  -0.37120768427848816         8 14 
147    -22.48598650097847 -99.585134103414021 40.993081134394743  -0.43078604340553284         8 14 
148    89.624190807342529 86.459946990013123 99.923689007759094  -0.43188157677650452         8 14 
149    -34.091228020978036 -99.974045540416739 -64.703705108071517  -0.079895839095115662         8 14 
150    -86.478276245296001 99.829016804695129 99.665603876113892  -0.54108017683029175         8 14 
151    -50.774346943944693 -78.999960711329365 -99.713230529887369  -0.37912812829017639         8 14 
152    82.310988366603851 -96.216300969012082 -95.459807209670544  -0.57481706142425537         8 14 
153    -90.787292577151675 95.228599667549133 58.58493909239769  -0.210622638463974         8 14 
154    64.954268455505371 -94.091358602046967 -99.465390334837139  -0.85895031690597534         8 14 
155    -55.662006899918126 82.676242351531982 -31.758041137829423  -0.77396893501281738         8 14 
156    -67.873559562955052 97.983665943145752 -8.0444279555231333  -0.55532819032669067         8 14 
157    -60.261598668992519 17.779200367487647 -99.994104195153142  -0.61454761028289795         8 14 
158    99.979208111763 -5.0449999612756073 -99.981870984896062  -0.5212523341178894         8 14 
159    7.7980644218623638 -99.775258520428906 -55.668932720087469  -0.50365704298019409         8 14 
160    -89.782885937253013 -10.63160011934815 -97.260508164150309  -0.53357225656509399         8 14 
161    28.303399431984872 -71.202347961836495 -29.329679823247716  -0.40181195735931396         8 14 
162    -4.7149992113700137 89.899340391159058 -99.999545246523809  -0.72563445568084717         8 14 
163    53.943730235099792 -64.824521862447369 -99.116316027240828  -0.37948122620582581         8 14 
164    52.725755929946899 -61.996356743387878 -25.562814900826197  -0.1113133579492569         8 14 
165    -97.839127398270648 -63.518979753251188 -4.9320012331008911  -0.20980612933635712         8 14 
166    -99.914252422684513 -88.642533319220803 45.213576653972268  -0.15652967989444733         8 14 
167    -46.040044367313385 71.850456863641739 -98.937247026962922  -0.55480235815048218         8 14 
168    -99.592412201950651 15.518729790579528 5.3717153582256287  -0.21661719679832458         8 14 
169    2.6576215092791244 -35.788910481613129 6.2137099951505661  -0.49667829275131226         8 14 
170    87.646609783172607 -49.690777347046605 -99.9540299014525  -0.55620336532592773         8 14 
171    -22.02626711594311 -99.292401850174429 -72.700630263183257  -0.39858800172805786         8 14 
172    99.996060371398926 -26.06611580401659 -32.796470331108125  -0.43027004599571228         8 14 
173    84.054128646850586 2.1545557118952274 -89.007181636989117  -0.50779116153717041         8 14 
174    -99.991681098581395 99.997520208358765 -84.752805729163811  -0.18866705894470215         8 14 
175    17.17134615778923 76.629130102694035 -99.251123304202338  -0.62525910139083862         8 14 
176    19.835499823093414 -45.603338991175406 -19.323239862918854  -0.57999604940414429         8 14 
177    -99.999751531584977 -99.110096894190065 99.99997878074646  -0.37500214576721191         8 14 
178    -99.257126529795642 99.976270318031311 35.480313658714294  -0.24963194131851196         8 14 
179    -95.07437014648167 53.505806416273117 10.364604711532593  -0.16824321448802948         8 14 
180    -14.614779677242041 37.482216354153934 -90.361385010764934  -0.73159945011138916         8 14 
181    99.862153649330139 -79.590488862092201 0.67006405908614397  -0.15527811646461487         8 14 
182    20.095169574022293 -99.983251873465633 91.843025326728821  -0.63734966516494751         8 14 
183    99.923907160758972 6.3611508731937647 -97.955926858813555  -0.40792113542556763         8 14 
184    53.55532170709921 58.069654762744904 -98.557541337040675  -0.47691750526428223         8 14 
185    -9.574797177920118 96.430083751678467 25.501378238201141  -0.74874383211135864         8 14 
186    55.194990277290344 99.999637365341187 -34.418502945452929  -0.82347661256790161         8 14 
187    52.436265837401152 -22.720847913064063 -97.320532845265433  -0.79858338832855225         8 14 
188    56.012615025043488 61.830255199223757 99.860314607620239  -0.15622727572917938         8 14 
189    99.592755913734436 -61.538311454816721 -99.94470926406575  -0.4684063196182251         8 14 
190    1.7318887114524841 -75.419655955079179 99.999861478805542  -0.35887956619262695         8 14 
191    -99.627694732553209 -79.774122568502207 -61.903356911848306  -0.13686083257198334         8 14 
192    80.731336236000061 86.5887690782547 92.648134112358093  -0.70264703035354614         8 14 
193    40.426153507083654 99.632925271987915 99.991997122764587  -0.5436820387840271         8 14 
194    -99.977084534311871 99.979984879493713 -67.385582293938569  -0.10894058644771576         8 14 
195    -97.5479732482072 84.428507685661316 -99.703317617357243  -0.43870404362678528         8 14 
196    -53.522312417804812 -99.996185819218724 -38.651890817214735  -0.78061062097549438         8 14 
197    -99.94809117007506 15.539921460435835 64.466201514005661  -0.16450898349285126         8 14 
198    32.364097901547211 2.99161331448704 -99.9978759716887  -0.47217974066734314         8 14 
199    86.857559323310852 99.335055112838745 -57.617132976651192  -0.29472675919532776         8 14 
200    97.490044593811035 -44.482597255345354 -52.226923053016918  -0.24374739825725555         8 14 
201    68.965699195861816 60.98066508769989 91.816770315170288  -0.088804706931114197         8 14 
202    27.583413690328598 -78.913833753205836 -99.738930530260404  -0.24580775201320648         8 14 
