0 300 -0.0325575
1 400 -0.0325575
2 500 -0.0325575
3 600 -0.0325575
4 700 -0.0325575
5 800 -0.0314492
6 900 -0.0314492
7 1000 -0.0314492
8 1100 -0.0190209
9 1200 -0.0190209
10 1300 -0.00879482
11 1400 -0.00879482
12 1500 -0.00879482
13 1600 -0.00879482
14 1700 -0.00879482
15 1800 -0.00879482
16 1900 -0.00879482
17 2000 -0.00879482
18 2100 -0.00879482
19 2200 -0.00879482
20 2300 -0.00879482
21 2400 -0.00879482
22 2500 -0.00879482
23 2600 -0.00879482
24 2700 -0.00879482
25 2800 -0.00879482
26 2900 -0.00879482
27 3000 -0.00879482
28 3100 -0.00879482
29 3200 -0.00879482
30 3300 -0.00879482
31 3400 -0.00879482
32 3500 -0.00879482
33 3600 -0.00879482
34 3700 -0.00879482
35 3800 -0.00879482
36 3900 -0.00879482
37 4000 -0.00879482
38 4100 -0.00879482
39 4200 -0.00879482
40 4300 -0.00879482
41 4400 -0.00879482
42 4500 -0.00879482
43 4600 -0.00879482
44 4700 -0.00879482
45 4800 -0.00879482
46 4900 -0.00879482
47 5000 -0.00879482
48 5100 -0.00879482
49 5200 -0.00879482
50 5300 -0.00879482
51 5400 -0.00879482
52 5500 -0.00879482
53 5600 -0.00879482
54 5700 -0.00879482
55 5800 -0.00879482
56 5900 -0.00879482
57 6000 -0.00879482
58 6100 -0.00879482
59 6200 -0.00879482
60 6300 -0.00879482
61 6400 -0.00879482
62 6500 -0.00879482
63 6600 -0.00879482
64 6700 -0.00879482
65 6800 -0.00879482
66 6900 -0.00879482
67 7000 -0.00879482
68 7100 -0.00879482
69 7200 -0.00879482
70 7300 -0.00879482
71 7400 -0.00879482
72 7500 -0.00879482
73 7600 -0.00879482
74 7700 -0.00879482
75 7800 -0.00879482
76 7900 -0.00879482
77 8000 -0.00879482
78 8100 -0.00879482
79 8200 -0.00879482
80 8300 -0.00879482
81 8400 -0.00879482
82 8500 -0.00879482
83 8600 -0.00879482
84 8700 -0.00879482
85 8800 -0.00879482
86 8900 -0.00879482
87 9000 -0.00879482
88 9100 -0.00879482
89 9200 -0.00879482
90 9300 -0.00879482
91 9400 -0.00879482
92 9500 -0.00879482
93 9600 -0.00879482
94 9700 -0.00879482
95 9800 -0.00879482
96 9900 -0.00879482
97 10000 -0.00879482
98 10100 -0.00879482
99 10200 -0.00879482
100 10300 -0.00879482
101 10400 -0.00879482
102 10500 -0.00879482
103 10600 -0.00879482
104 10700 -0.00879482
105 10800 -0.00879482
106 10900 -0.00879482
107 11000 -0.00879482
108 11100 -0.00879482
109 11200 -0.00879482
110 11300 -0.00879482
111 11400 -0.00879482
112 11500 -0.00879482
113 11600 -0.00879482
114 11700 -0.00879482
115 11800 -0.00879482
116 11900 -0.00879482
117 12000 -0.00879482
118 12100 -0.00879482
119 12200 -0.00879482
120 12300 -0.00879482
121 12400 -0.00879482
122 12500 -0.00879482
123 12600 -0.00879482
124 12700 -0.00879482
125 12800 -0.00879482
126 12900 -0.00879482
127 13000 -0.00879482
128 13100 -0.00879482
129 13200 -0.00879482
130 13300 -0.00879482
131 13400 -0.00879482
132 13500 -0.00879482
133 13600 -0.00879482
134 13700 -0.00879482
135 13800 -0.00879482
136 13900 -0.00879482
137 14000 -0.00879482
138 14100 -0.00879482
139 14200 -0.00879482
140 14300 -0.00879482
141 14400 -0.00879482
142 14500 -0.00879482
143 14600 -0.00879482
144 14700 -0.00879482
145 14800 -0.00879482
146 14900 -0.00879482
147 15000 -0.00879482
148 15100 -0.00879482
149 15200 -0.00879482
150 15300 -0.00879482
151 15400 -0.00879482
152 15500 -0.00879482
153 15600 -0.00879482
154 15700 -0.00879482
155 15800 -0.00879482
156 15900 -0.00879482
157 16000 -0.00879482
158 16100 -0.00879482
159 16200 -0.00879482
160 16300 -0.00879482
161 16400 -0.00879482
162 16500 -0.00879482
163 16600 -0.00879482
164 16700 -0.00879482
165 16800 -0.00879482
166 16900 -0.00879482
167 17000 -0.00879482
168 17100 -0.00879482
169 17200 -0.00879482
170 17300 -0.00879482
171 17400 -0.00879482
172 17500 -0.00879482
173 17600 -0.00879482
174 17700 -0.00879482
175 17800 -0.00879482
176 17900 -0.00879482
177 18000 -0.00879482
178 18100 -0.00879482
179 18200 -0.00879482
180 18300 -0.00879482
181 18400 -0.00879482
182 18500 -0.00879482
183 18600 -0.00879482
184 18700 -0.00879482
185 18800 -0.00879482
186 18900 -0.00879482
187 19000 -0.00879482
188 19100 -0.00879482
189 19200 -0.00879482
190 19300 -0.00879482
191 19400 -0.00879482
192 19500 -0.00879482
193 19600 -0.00879482
194 19700 -0.00879482
195 19800 -0.00879482
196 19900 -0.00879482
197 20000 -0.00879482
198 20100 -0.00879482
199 20200 -0.00879482
200 20300 -0.00879482
201 20400 -0.00879482
202 20500 -0.00879482
203 20600 -0.00879482
204 20700 -0.00879482
205 20800 -0.00879482
206 20900 -0.00879482
207 21000 -0.00879482
208 21100 -0.00879482
209 21200 -0.00879482
210 21300 -0.00879482
211 21400 -0.00879482
212 21500 -0.00879482
213 21600 -0.00879482
214 21700 -0.00879482
215 21800 -0.00879482
216 21900 -0.00879482
217 22000 -0.00879482
218 22100 -0.00879482
219 22200 -0.00879482
220 22300 -0.00879482
221 22400 -0.00879482
222 22500 -0.00879482
223 22600 -0.00879482
224 22700 -0.00879482
225 22800 -0.00879482
226 22900 -0.00879482
227 23000 -0.00879482
228 23100 -0.00879482
229 23200 -0.00879482
230 23300 -0.00879482
231 23400 -0.00879482
232 23500 -0.00879482
233 23600 -0.00879482
234 23700 -0.00879482
235 23800 -0.00879482
236 23900 -0.00879482
237 24000 -0.00879482
238 24100 -0.00879482
239 24200 -0.00879482
240 24300 -0.00879482
241 24400 -0.00879482
242 24500 -0.00879482
243 24600 -0.00879482
244 24700 -0.00879482
245 24800 -0.00879482
246 24900 -0.00879482
247 25000 -0.00879482
248 25100 -0.00879482
249 25200 -0.00879482
250 25300 -0.00879482
251 25400 -0.00879482
252 25500 -0.00879482
253 25600 -0.00879482
254 25700 -0.00879482
255 25800 -0.00879482
256 25900 -0.00879482
257 26000 -0.00879482
258 26100 -0.00879482
259 26200 -0.00879482
260 26300 -0.00879482
261 26400 -0.00879482
262 26500 -0.00879482
263 26600 -0.00879482
264 26700 -0.00879482
265 26800 -0.00879482
266 26900 -0.00879482
267 27000 -0.00879482
268 27100 -0.00879482
269 27200 -0.00879482
270 27300 -0.00879482
271 27400 -0.00879482
272 27500 -0.00879482
273 27600 -0.00879482
274 27700 -0.00879482
275 27800 -0.00879482
276 27900 -0.00879482
277 28000 -0.00879482
278 28100 -0.00879482
279 28200 -0.00879482
280 28300 -0.00879482
281 28400 -0.00879482
282 28500 -0.00879482
283 28600 -0.00879482
284 28700 -0.00879482
285 28800 -0.00879482
286 28900 -0.00879482
287 29000 -0.00879482
288 29100 -0.00879482
289 29200 -0.00879482
290 29300 -0.00879482
291 29400 -0.00879482
292 29500 -0.00879482
293 29600 -0.00879482
294 29700 -0.00879482
295 29800 -0.00879482
296 29900 -0.00879482
297 30000 -0.00879482
298 30100 -0.00879482
299 30200 -0.00879482
300 30300 -0.00879482
301 30400 -0.00879482
302 30500 -0.00879482
303 30600 -0.00879482
304 30700 -0.00879482
305 30800 -0.00879482
306 30900 -0.00879482
307 31000 -0.00879482
308 31100 -0.00879482
309 31200 -0.00879482
310 31300 -0.00879482
311 31400 -0.00879482
312 31500 -0.00879482
313 31600 -0.00879482
314 31700 -0.00879482
315 31800 -0.00879482
316 31900 -0.00879482
317 32000 -0.00879482
318 32100 -0.00879482
319 32200 -0.00879482
320 32300 -0.00879482
321 32400 -0.00879482
322 32500 -0.00879482
323 32600 -0.00879482
324 32700 -0.00879482
325 32800 -0.00879482
326 32900 -0.00879482
327 33000 -0.00879482
328 33100 -0.00879482
329 33200 -0.00879482
330 33300 -0.00879482
331 33400 -0.00879482
332 33500 -0.00879482
333 33600 -0.00879482
334 33700 -0.00879482
335 33800 -0.00879482
336 33900 -0.00879482
337 34000 -0.00879482
338 34100 -0.00879482
339 34200 -0.00879482
340 34300 -0.00879482
341 34400 -0.00879482
342 34500 -0.00879482
343 34600 -0.00879482
344 34700 -0.00879482
345 34800 -0.00879482
346 34900 -0.00879482
347 35000 -0.00879482
348 35100 -0.00879482
349 35200 -0.00879482
350 35300 -0.00879482
351 35400 -0.00879482
352 35500 -0.00879482
353 35600 -0.00879482
354 35700 -0.00879482
355 35800 -0.00879482
356 35900 -0.00879482
357 36000 -0.00879482
358 36100 -0.00879482
359 36200 -0.00879482
360 36300 -0.00879482
361 36400 -0.00879482
362 36500 -0.00879482
363 36600 -0.00879482
364 36700 -0.00879482
365 36800 -0.00879482
366 36900 -0.00879482
367 37000 -0.00879482
368 37100 -0.00879482
369 37200 -0.00879482
370 37300 -0.00879482
371 37400 -0.00879482
372 37500 -0.00879482
373 37600 -0.00879482
374 37700 -0.00879482
375 37800 -0.00879482
376 37900 -0.00879482
377 38000 -0.00879482
378 38100 -0.00879482
379 38200 -0.00879482
380 38300 -0.00879482
381 38400 -0.00879482
382 38500 -0.00879482
383 38600 -0.00879482
384 38700 -0.00879482
385 38800 -0.00879482
386 38900 -0.00879482
387 39000 -0.00879482
388 39100 -0.00879482
389 39200 -0.00879482
390 39300 -0.00879482
391 39400 -0.00879482
392 39500 -0.00879482
393 39600 -0.00879482
394 39700 -0.00879482
395 39800 -0.00879482
396 39900 -0.00879482
397 40000 -0.00879482
398 40100 -0.00879482
399 40200 -0.00879482
400 40300 -0.00879482
401 40400 -0.00879482
402 40500 -0.00879482
403 40600 -0.00879482
404 40700 -0.00879482
405 40800 -0.00879482
406 40900 -0.00879482
407 41000 -0.00879482
408 41100 -0.00879482
409 41200 -0.00879482
410 41300 -0.00879482
411 41400 -0.00879482
412 41500 -0.00879482
413 41600 -0.00879482
414 41700 -0.00879482
415 41800 -0.00879482
416 41900 -0.00879482
417 42000 -0.00879482
418 42100 -0.00879482
419 42200 -0.00879482
420 42300 -0.00879482
421 42400 -0.00879482
422 42500 -0.00879482
423 42600 -0.00879482
424 42700 -0.00412974
425 42800 -0.00412974
426 42900 -0.00412974
427 43000 -0.00412974
428 43100 -0.00412974
429 43200 -0.00412974
430 43300 -0.00412974
431 43400 -0.00412974
432 43500 -0.00412974
433 43600 -0.00412974
434 43700 -0.00412974
435 43800 -0.00412974
436 43900 -0.00412974
437 44000 -0.00412974
438 44100 -0.00412974
439 44200 -0.00412974
440 44300 -0.00412974
441 44400 -0.00412974
442 44500 -0.00412974
443 44600 -0.00412974
444 44700 -0.00412974
445 44800 -0.00412974
446 44900 -0.00412974
447 45000 -0.00412974
448 45100 -0.00412974
449 45200 -0.00412974
450 45300 -0.00412974
451 45400 -0.00412974
452 45500 -0.00302121
453 45600 -0.00302121
454 45700 -0.00302121
455 45800 -0.00302121
456 45900 -0.00302121
457 46000 -0.00302121
458 46100 -0.00302121
459 46200 -0.00302121
460 46300 -0.00302121
461 46400 -0.00302121
462 46500 -0.00302121
463 46600 -0.00302121
464 46700 -0.00302121
465 46800 -0.00302121
466 46900 -0.00302121
467 47000 -0.00302121
468 47100 -0.00302121
469 47200 -0.00302121
470 47300 -0.00302121
471 47400 -0.00302121
472 47500 -0.00302121
473 47600 -0.00302121
474 47700 -0.00302121
475 47800 -0.00302121
476 47900 -0.00302121
477 48000 -0.00302121
478 48100 -0.00302121
479 48200 -0.00302121
480 48300 -0.00302121
481 48400 -0.00302121
482 48500 -0.00302121
483 48600 -0.00302121
484 48700 -0.00302121
485 48800 -0.00302121
486 48900 -0.00302121
487 49000 -0.00302121
488 49100 -0.00302121
489 49200 -0.00302121
490 49300 -0.00302121
491 49400 -0.00302121
492 49500 -0.00302121
493 49600 -0.00302121
494 49700 -0.00302121
495 49800 -0.00302121
496 49900 -0.00302121
497 50000 -0.00302121
498 50100 -0.00302121
499 50200 -0.00302121
500 50300 -0.00302121
501 50400 -0.00302121
502 50500 -0.00302121
503 50600 -0.00302121
504 50700 -0.00302121
505 50800 -0.00302121
506 50900 -0.00302121
507 51000 -0.00302121
508 51100 -0.00302121
509 51200 -0.00302121
510 51300 -0.00302121
511 51400 -0.00302121
512 51500 -0.00302121
513 51600 -0.00302121
514 51700 -0.00302121
515 51800 -0.00302121
516 51900 -0.00302121
517 52000 -0.00302121
518 52100 -0.00302121
519 52200 -0.00302121
520 52300 -0.00302121
521 52400 -0.00302121
522 52500 -0.00302121
523 52600 -0.00302121
524 52700 -0.00302121
525 52800 -0.00302121
526 52900 -0.00302121
527 53000 -0.00302121
528 53100 -0.00302121
529 53200 -0.00302121
530 53300 -0.00302121
531 53400 -0.00302121
532 53500 -0.00302121
533 53600 -0.00302121
534 53700 -0.00302121
535 53800 -0.00302121
536 53900 -0.00302121
537 54000 -0.00302121
538 54100 -0.00302121
539 54200 -0.00302121
540 54300 -0.00302121
541 54400 -0.00302121
542 54500 -0.00302121
543 54600 -0.00302121
544 54700 -0.00302121
545 54800 -0.00302121
546 54900 -0.00302121
547 55000 -0.00302121
548 55100 -0.00302121
549 55200 -0.00302121
550 55300 -0.00302121
551 55400 -0.00302121
552 55500 -0.00302121
553 55600 -0.00302121
554 55700 -0.00302121
555 55800 -0.00302121
556 55900 -0.00302121
557 56000 -0.00302121
558 56100 -0.00302121
559 56200 -0.00302121
560 56300 -0.00302121
561 56400 -0.00302121
562 56500 -0.00302121
563 56600 -0.00302121
564 56700 -0.00302121
565 56800 -0.00302121
566 56900 -0.00302121
567 57000 -0.00302121
568 57100 -0.00302121
569 57200 -0.00302121
570 57300 -0.00302121
571 57400 -0.00302121
572 57500 -0.00302121
573 57600 -0.00302121
574 57700 -0.00302121
575 57800 -0.00302121
576 57900 -0.00302121
577 58000 -0.00302121
578 58100 -0.00302121
579 58200 -0.00302121
580 58300 -0.00302121
581 58400 -0.00302121
582 58500 -0.00302121
583 58600 -0.00302121
584 58700 -0.00302121
585 58800 -0.00302121
586 58900 -0.00302121
587 59000 -0.00302121
588 59100 -0.00302121
589 59200 -0.00302121
590 59300 -0.00302121
591 59400 -0.00302121
592 59500 -0.00302121
593 59600 -0.00302121
594 59700 -0.00302121
595 59800 -0.00302121
596 59900 -0.00302121
597 60000 -0.00302121
598 60100 -0.00302121
599 60200 -0.00302121
600 60300 -0.00302121
601 60400 -0.00302121
602 60500 -0.00302121
603 60600 -0.00302121
604 60700 -0.00302121
605 60800 -0.00302121
606 60900 -0.00302121
607 61000 -0.00302121
608 61100 -0.00302121
609 61200 -0.00302121
610 61300 -0.00302121
611 61400 -0.00302121
612 61500 -0.00302121
613 61600 -0.00302121
614 61700 -0.00302121
615 61800 -0.00302121
616 61900 -0.00302121
617 62000 -0.00302121
618 62100 -0.00302121
619 62200 -0.00302121
620 62300 -0.00302121
621 62400 -0.00302121
622 62500 -0.00302121
623 62600 -0.00302121
624 62700 -0.00302121
625 62800 -0.00302121
626 62900 -0.00302121
627 63000 -0.00302121
628 63100 -0.00302121
629 63200 -0.00302121
630 63300 -0.00302121
631 63400 -0.00302121
632 63500 -0.00302121
633 63600 -0.00302121
634 63700 -0.00302121
635 63800 -0.00302121
636 63900 -0.00302121
637 64000 -0.00302121
638 64100 -0.00302121
639 64200 -0.00302121
640 64300 -0.00302121
641 64400 -0.00302121
642 64500 -0.00302121
643 64600 -0.00302121
644 64700 -0.00302121
645 64800 -0.00302121
646 64900 -0.00302121
647 65000 -0.00302121
648 65100 -0.00302121
649 65200 -0.00302121
650 65300 -0.00302121
651 65400 -0.00302121
652 65500 -0.00302121
653 65600 -0.00302121
654 65700 -0.00302121
655 65800 -0.00302121
656 65900 -0.00302121
657 66000 -0.00302121
658 66100 -0.00302121
659 66200 -0.00302121
660 66300 -0.00302121
661 66400 -0.00302121
662 66500 -0.00302121
663 66600 -0.00302121
664 66700 -0.00302121
665 66800 -0.00302121
666 66900 -0.00302121
667 67000 -0.00302121
668 67100 -0.00302121
669 67200 -0.00302121
670 67300 -0.00302121
671 67400 -0.00302121
672 67500 -0.00302121
673 67600 -0.00302121
674 67700 -0.00302121
675 67800 -0.00302121
676 67900 -0.00302121
677 68000 -0.00302121
678 68100 -0.00302121
679 68200 -0.00302121
680 68300 -0.00302121
681 68400 -0.00302121
682 68500 -0.00302121
683 68600 -0.00302121
684 68700 -0.00302121
685 68800 -0.00302121
686 68900 -0.00302121
687 69000 -0.00302121
688 69100 -0.00302121
689 69200 -0.00302121
690 69300 -0.00302121
691 69400 -0.00302121
692 69500 -0.00302121
693 69600 -0.00302121
694 69700 -0.00302121
695 69800 -0.00302121
696 69900 -0.00302121
697 70000 -0.00302121
698 70100 -0.00302121
699 70200 -0.00302121
700 70300 -0.00302121
701 70400 -0.00302121
702 70500 -0.00302121
703 70600 -0.00302121
704 70700 -0.00302121
705 70800 -0.00302121
706 70900 -0.00302121
707 71000 -0.00302121
708 71100 -0.00302121
709 71200 -0.00302121
710 71300 -0.00302121
711 71400 -0.00302121
712 71500 -0.00302121
713 71600 -0.00302121
714 71700 -0.00302121
715 71800 -0.00302121
716 71900 -0.00302121
717 72000 -0.00302121
718 72100 -0.00302121
719 72200 -0.00302121
720 72300 -0.00302121
721 72400 -0.00302121
722 72500 -0.00302121
723 72600 -0.00302121
724 72700 -0.00302121
725 72800 -0.00302121
726 72900 -0.00302121
727 73000 -0.00302121
728 73100 -0.00302121
729 73200 -0.00302121
730 73300 -0.00302121
731 73400 -0.00302121
732 73500 -0.00302121
733 73600 -0.00302121
734 73700 -0.00302121
735 73800 -0.00302121
736 73900 -0.00302121
737 74000 -0.00302121
738 74100 -0.00302121
739 74200 -0.00302121
740 74300 -0.00302121
741 74400 -0.00302121
742 74500 -0.00302121
743 74600 -0.00302121
744 74700 -0.00302121
745 74800 -0.00302121
746 74900 -0.00302121
747 75000 -0.00302121
748 75100 -0.00302121
749 75200 -0.00302121
750 75300 -0.00302121
751 75400 -0.00302121
752 75500 -0.00302121
753 75600 -0.00302121
754 75700 -0.00302121
755 75800 -0.00302121
756 75900 -0.00302121
757 76000 -0.00302121
758 76100 -0.00302121
759 76200 -0.00302121
760 76300 -0.00302121
761 76400 -0.00302121
762 76500 -0.00302121
763 76600 -0.00302121
764 76700 -0.00302121
765 76800 -0.00302121
766 76900 -0.00302121
767 77000 -0.00302121
768 77100 -0.00302121
769 77200 -0.00302121
770 77300 -0.00302121
771 77400 -0.00302121
772 77500 -0.00302121
773 77600 -0.00302121
774 77700 -0.00302121
775 77800 -0.00302121
776 77900 -0.00302121
777 78000 -0.00302121
778 78100 -0.00302121
779 78200 -0.00302121
780 78300 -0.00302121
781 78400 -0.00302121
782 78500 -0.00302121
783 78600 -0.00302121
784 78700 -0.00302121
785 78800 -0.00302121
786 78900 -0.00302121
787 79000 -0.00302121
788 79100 -0.00302121
789 79200 -0.00302121
790 79300 -0.00302121
791 79400 -0.00302121
792 79500 -0.00302121
793 79600 -0.00302121
794 79700 -0.00302121
795 79800 -0.00302121
796 79900 -0.00302121
797 80000 -0.00302121
798 80100 -0.00302121
799 80200 -0.00302121
800 80300 -0.00302121
801 80400 -0.00302121
802 80500 -0.00302121
803 80600 -0.00302121
804 80700 -0.00302121
805 80800 -0.00302121
806 80900 -0.00302121
807 81000 -0.00302121
808 81100 -0.00302121
809 81200 -0.00302121
810 81300 -0.00302121
811 81400 -0.00302121
812 81500 -0.00302121
813 81600 -0.00302121
814 81700 -0.00302121
815 81800 -0.00302121
816 81900 -0.00302121
817 82000 -0.00302121
818 82100 -0.00302121
819 82200 -0.00302121
820 82300 -0.00302121
821 82400 -0.00302121
822 82500 -0.00302121
823 82600 -0.00302121
824 82700 -0.00302121
825 82800 -0.00302121
826 82900 -0.00302121
827 83000 -0.00302121
828 83100 -0.00302121
829 83200 -0.00302121
830 83300 -0.00302121
831 83400 -0.00302121
832 83500 -0.00302121
833 83600 -0.00302121
834 83700 -0.00302121
835 83800 -0.00302121
836 83900 -0.00302121
837 84000 -0.00302121
838 84100 -0.00302121
839 84200 -0.00302121
840 84300 -0.00302121
841 84400 -0.00302121
842 84500 -0.00302121
843 84600 -0.00302121
844 84700 -0.00302121
845 84800 -0.00302121
846 84900 -0.00302121
847 85000 -0.00302121
848 85100 -0.00302121
849 85200 -0.00302121
850 85300 -0.00302121
851 85400 -0.00302121
852 85500 -0.00302121
853 85600 -0.00302121
854 85700 -0.00302121
855 85800 -0.00302121
856 85900 -0.00302121
857 86000 -0.00302121
858 86100 -0.00302121
859 86200 -0.00302121
860 86300 -0.00302121
861 86400 -0.00302121
862 86500 -0.00302121
863 86600 -0.00302121
864 86700 -0.00302121
865 86800 -0.00302121
866 86900 -0.00302121
867 87000 -0.00302121
868 87100 -0.00302121
869 87200 -0.00302121
870 87300 -0.00302121
871 87400 -0.00302121
872 87500 -0.00302121
873 87600 -0.00302121
874 87700 -0.00302121
875 87800 -0.00302121
876 87900 -0.00302121
877 88000 -0.00302121
878 88100 -0.00302121
879 88200 -0.00302121
880 88300 -0.00302121
881 88400 -0.00302121
882 88500 -0.00302121
883 88600 -0.00302121
884 88700 -0.00302121
885 88800 -0.00302121
886 88900 -0.00302121
887 89000 -0.00302121
888 89100 -0.00302121
889 89200 -0.00302121
890 89300 -0.00302121
891 89400 -0.00302121
892 89500 -0.00302121
893 89600 -0.00302121
894 89700 -0.00302121
895 89800 -0.00302121
896 89900 -0.00302121
897 90000 -0.00302121
898 90100 -0.00302121
899 90200 -0.00302121
900 90300 -0.00302121
901 90400 -0.00302121
902 90500 -0.00302121
903 90600 -0.00302121
904 90700 -0.00302121
905 90800 -0.00302121
906 90900 -0.00302121
907 91000 -0.00302121
908 91100 -0.00302121
909 91200 -0.00302121
910 91300 -0.00302121
911 91400 -0.00302121
912 91500 -0.00302121
913 91600 -0.00302121
914 91700 -0.00302121
915 91800 -0.00302121
916 91900 -0.00302121
917 92000 -0.00302121
918 92100 -0.00302121
919 92200 -0.00302121
920 92300 -0.00302121
921 92400 -0.00302121
922 92500 -0.00302121
923 92600 -0.00302121
924 92700 -0.00302121
925 92800 -0.00302121
926 92900 -0.00302121
927 93000 -0.00302121
928 93100 -0.00302121
929 93200 -0.00302121
930 93300 -0.00302121
931 93400 -0.00302121
932 93500 -0.00302121
933 93600 -0.00302121
934 93700 -0.00302121
935 93800 -0.00302121
936 93900 -0.00302121
937 94000 -0.00302121
938 94100 -0.00302121
939 94200 -0.00302121
940 94300 -0.00302121
941 94400 -0.00302121
942 94500 -0.00302121
943 94600 -0.00302121
944 94700 -0.00302121
945 94800 -0.00302121
946 94900 -0.00302121
947 95000 -0.00302121
948 95100 -0.00302121
949 95200 -0.00302121
950 95300 -0.00302121
951 95400 -0.00302121
952 95500 -0.00302121
953 95600 -0.00302121
954 95700 -0.00302121
955 95800 -0.00302121
956 95900 -0.00302121
957 96000 -0.00302121
958 96100 -0.00302121
959 96200 -0.00302121
960 96300 -0.00302121
961 96400 -0.00302121
962 96500 -0.00302121
963 96600 -0.00302121
964 96700 -0.00302121
965 96800 -0.00302121
966 96900 -0.00302121
967 97000 -0.00302121
968 97100 -0.00302121
969 97200 -0.00302121
970 97300 -0.00302121
971 97400 -0.00302121
972 97500 -0.00302121
973 97600 -0.00302121
974 97700 -0.00302121
975 97800 -0.00302121
976 97900 -0.00302121
977 98000 -0.00302121
978 98100 -0.00302121
979 98200 -0.00302121
980 98300 -0.00302121
981 98400 -0.00302121
982 98500 -0.00302121
983 98600 -0.00302121
984 98700 -0.00302121
985 98800 -0.00302121
986 98900 -0.00302121
987 99000 -0.00302121
988 99100 -0.00302121
989 99200 -0.00302121
990 99300 -0.00302121
991 99400 -0.00302121
992 99500 -0.00302121
993 99600 -0.00302121
994 99700 -0.00302121
995 99800 -0.00302121
996 99900 -0.00302121
997 100000 -0.00302121
998 100100 -0.00302121
999 100200 -0.00302121
1000 100300 -0.00302121
1001 100400 -0.00302121
1002 100500 -0.00302121
1003 100600 -0.00302121
1004 100700 -0.00302121
1005 100800 -0.00302121
1006 100900 -0.00302121
1007 101000 -0.00302121
1008 101100 -0.00302121
1009 101200 -0.00302121
1010 101300 -0.00302121
1011 101400 -0.00302121
1012 101500 -0.00302121
1013 101600 -0.00302121
1014 101700 -0.00302121
1015 101800 -0.00302121
1016 101900 -0.00302121
1017 102000 -0.00302121
1018 102100 -0.00302121
1019 102200 -0.00302121
1020 102300 -0.00302121
1021 102400 -0.00302121
1022 102500 -0.00302121
1023 102600 -0.00302121
1024 102700 -0.00302121
1025 102800 -0.00302121
1026 102900 -0.00302121
1027 103000 -0.00302121
1028 103100 -0.00302121
1029 103200 -0.00302121
1030 103300 -0.00302121
1031 103400 -0.00302121
1032 103500 -0.00302121
1033 103600 -0.00302121
1034 103700 -0.00302121
1035 103800 -0.00302121
1036 103900 -0.00302121
1037 104000 -0.00302121
1038 104100 -0.00302121
1039 104200 -0.00302121
1040 104300 -0.00302121
1041 104400 -0.00302121
1042 104500 -0.00302121
1043 104600 -0.00302121
1044 104700 -0.00302121
1045 104800 -0.00302121
1046 104900 -0.00302121
1047 105000 -0.00302121
1048 105100 -0.00302121
1049 105200 -0.00302121
1050 105300 -0.00302121
1051 105400 -0.00302121
1052 105500 -0.00302121
1053 105600 -0.00302121
1054 105700 -0.00302121
1055 105800 -0.00302121
1056 105900 -0.00302121
1057 106000 -0.00302121
1058 106100 -0.00302121
1059 106200 -0.00302121
1060 106300 -0.00302121
1061 106400 -0.00302121
1062 106500 -0.00302121
1063 106600 -0.00302121
1064 106700 -0.00302121
1065 106800 -0.00302121
1066 106900 -0.00302121
1067 107000 -0.00302121
1068 107100 -0.00302121
1069 107200 -0.00302121
1070 107300 -0.00302121
1071 107400 -0.00302121
1072 107500 -0.00302121
1073 107600 -0.00302121
1074 107700 -0.00302121
1075 107800 -0.00302121
1076 107900 -0.00302121
1077 108000 -0.00302121
1078 108100 -0.00302121
1079 108200 -0.00302121
1080 108300 -0.00302121
1081 108400 -0.00302121
1082 108500 -0.00302121
1083 108600 -0.00302121
1084 108700 -0.00302121
1085 108800 -0.00302121
1086 108900 -0.00302121
1087 109000 -0.00302121
1088 109100 -0.00302121
1089 109200 -0.00302121
1090 109300 -0.00302121
1091 109400 -0.00302121
1092 109500 -0.00302121
1093 109600 -0.00302121
1094 109700 -0.00302121
1095 109800 -0.00302121
1096 109900 -0.00302121
1097 110000 -0.00302121
1098 110100 -0.00302121
1099 110200 -0.00302121
1100 110300 -0.00302121
1101 110400 -0.00302121
1102 110500 -0.00302121
1103 110600 -0.00302121
1104 110700 -0.00302121
1105 110800 -0.00302121
1106 110900 -0.00302121
1107 111000 -0.00302121
1108 111100 -0.00302121
1109 111200 -0.00302121
1110 111300 -0.00302121
1111 111400 -0.00302121
1112 111500 -0.00302121
1113 111600 -0.00302121
1114 111700 -0.00302121
1115 111800 -0.00302121
1116 111900 -0.00302121
1117 112000 -0.00302121
1118 112100 -0.00302121
1119 112200 -0.00302121
1120 112300 -0.00302121
1121 112400 -0.00302121
1122 112500 -0.00302121
1123 112600 -0.00302121
1124 112700 -0.00302121
1125 112800 -0.00302121
1126 112900 -0.00302121
1127 113000 -0.00302121
1128 113100 -0.00302121
1129 113200 -0.00302121
1130 113300 -0.00302121
1131 113400 -0.00302121
1132 113500 -0.00302121
1133 113600 -0.00302121
1134 113700 -0.00302121
1135 113800 -0.00302121
1136 113900 -0.00302121
1137 114000 -0.00302121
1138 114100 -0.00302121
1139 114200 -0.00302121
1140 114300 -0.00302121
1141 114400 -0.00302121
1142 114500 -0.00302121
1143 114600 -0.00302121
1144 114700 -0.00302121
1145 114800 -0.00302121
1146 114900 -0.00302121
1147 115000 -0.00302121
1148 115100 -0.00302121
1149 115200 -0.00302121
1150 115300 -0.00302121
1151 115400 -0.00302121
1152 115500 -0.00302121
1153 115600 -0.00302121
1154 115700 -0.00302121
1155 115800 -0.00302121
1156 115900 -0.00302121
1157 116000 -0.00302121
1158 116100 -0.00302121
1159 116200 -0.00302121
1160 116300 -0.00302121
1161 116400 -0.00302121
1162 116500 -0.00302121
1163 116600 -0.00302121
1164 116700 -0.00302121
1165 116800 -0.00302121
1166 116900 -0.00302121
1167 117000 -0.00302121
1168 117100 -0.00302121
1169 117200 -0.00302121
1170 117300 -0.00302121
1171 117400 -0.00302121
1172 117500 -0.00302121
1173 117600 -0.00302121
1174 117700 -0.00302121
1175 117800 -0.00302121
1176 117900 -0.00302121
1177 118000 -0.00302121
1178 118100 -0.00302121
1179 118200 -0.00302121
1180 118300 -0.00302121
1181 118400 -0.00302121
1182 118500 -0.00302121
1183 118600 -0.00302121
1184 118700 -0.00302121
1185 118800 -0.00302121
1186 118900 -0.00302121
1187 119000 -0.00302121
1188 119100 -0.00302121
1189 119200 -0.00302121
1190 119300 -0.00302121
1191 119400 -0.00302121
1192 119500 -0.00302121
1193 119600 -0.00302121
1194 119700 -0.00302121
1195 119800 -0.00302121
1196 119900 -0.00302121
1197 120000 -0.00302121
1198 120100 -0.00302121
1199 120200 -0.00302121
1200 120300 -0.00302121
1201 120400 -0.00302121
1202 120500 -0.00302121
1203 120600 -0.00302121
1204 120700 -0.00302121
1205 120800 -0.00302121
1206 120900 -0.00302121
1207 121000 -0.00302121
1208 121100 -0.00302121
1209 121200 -0.00302121
1210 121300 -0.00302121
1211 121400 -0.00302121
1212 121500 -0.00302121
1213 121600 -0.00302121
1214 121700 -0.00302121
1215 121800 -0.00302121
1216 121900 -0.00302121
1217 122000 -0.00302121
1218 122100 -0.00302121
1219 122200 -0.00302121
1220 122300 -0.00302121
1221 122400 -0.00302121
1222 122500 -0.00302121
1223 122600 -0.00302121
1224 122700 -0.00302121
1225 122800 -0.00302121
1226 122900 -0.00302121
1227 123000 -0.00302121
1228 123100 -0.00302121
1229 123200 -0.00302121
1230 123300 -0.00302121
1231 123400 -0.00302121
1232 123500 -0.00302121
1233 123600 -0.00302121
1234 123700 -0.00302121
1235 123800 -0.00302121
1236 123900 -0.00302121
1237 124000 -0.00302121
1238 124100 -0.00302121
1239 124200 -0.00302121
1240 124300 -0.00302121
1241 124400 -0.00302121
1242 124500 -0.00302121
1243 124600 -0.00302121
1244 124700 -0.00302121
1245 124800 -0.00302121
1246 124900 -0.00302121
1247 125000 -0.00302121
1248 125100 -0.00302121
1249 125200 -0.00302121
1250 125300 -0.00302121
1251 125400 -0.00302121
1252 125500 -0.00302121
1253 125600 -0.00302121
1254 125700 -0.00302121
1255 125800 -0.00302121
1256 125900 -0.00302121
1257 126000 -0.00302121
1258 126100 -0.00302121
1259 126200 -0.00302121
1260 126300 -0.00302121
1261 126400 -0.00302121
1262 126500 -0.00302121
1263 126600 -0.00302121
1264 126700 -0.00302121
1265 126800 -0.00302121
1266 126900 -0.00302121
1267 127000 -0.00302121
1268 127100 -0.00302121
1269 127200 -0.00302121
1270 127300 -0.00302121
1271 127400 -0.00302121
1272 127500 -0.00302121
1273 127600 -0.00302121
1274 127700 -0.00302121
1275 127800 -0.00302121
1276 127900 -0.00302121
1277 128000 -0.00302121
1278 128100 -0.00302121
1279 128200 -0.00302121
1280 128300 -0.00302121
1281 128400 -0.00302121
1282 128500 -0.00302121
1283 128600 -0.00302121
1284 128700 -0.00302121
1285 128800 -0.00302121
1286 128900 -0.00302121
1287 129000 -0.00302121
1288 129100 -0.00302121
1289 129200 -0.00302121
1290 129300 -0.00302121
1291 129400 -0.00302121
1292 129500 -0.00302121
1293 129600 -0.00302121
1294 129700 -0.00302121
1295 129800 -0.00302121
1296 129900 -0.00302121
1297 130000 -0.00302121
1298 130100 -0.00302121
1299 130200 -0.00302121
1300 130300 -0.00302121
1301 130400 -0.00302121
1302 130500 -0.00302121
1303 130600 -0.00302121
1304 130700 -0.00302121
1305 130800 -0.00302121
1306 130900 -0.00302121
1307 131000 -0.00302121
1308 131100 -0.00302121
1309 131200 -0.00302121
1310 131300 -0.00302121
1311 131400 -0.00302121
1312 131500 -0.00302121
1313 131600 -0.00302121
1314 131700 -0.00302121
1315 131800 -0.00302121
1316 131900 -0.00302121
1317 132000 -0.00302121
1318 132100 -0.00302121
1319 132200 -0.00302121
1320 132300 -0.00302121
1321 132400 -0.00302121
1322 132500 -0.00302121
1323 132600 -0.00302121
1324 132700 -0.00302121
1325 132800 -0.00302121
1326 132900 -0.00302121
1327 133000 -0.00302121
1328 133100 -0.00302121
1329 133200 -0.00302121
1330 133300 -0.00302121
1331 133400 -0.00302121
1332 133500 -0.00302121
1333 133600 -0.00302121
1334 133700 -0.00302121
1335 133800 -0.00302121
1336 133900 -0.00302121
1337 134000 -0.00302121
1338 134100 -0.00302121
1339 134200 -0.00302121
1340 134300 -0.00302121
1341 134400 -0.00302121
1342 134500 -0.00302121
1343 134600 -0.00302121
1344 134700 -0.00302121
1345 134800 -0.00302121
1346 134900 -0.00302121
1347 135000 -0.00302121
1348 135100 -0.00302121
1349 135200 -0.00302121
1350 135300 -0.00302121
1351 135400 -0.00302121
1352 135500 -0.00302121
1353 135600 -0.00302121
1354 135700 -0.00302121
1355 135800 -0.00302121
1356 135900 -0.00302121
1357 136000 -0.00302121
1358 136100 -0.00302121
1359 136200 -0.00302121
1360 136300 -0.00302121
1361 136400 -0.00302121
1362 136500 -0.00302121
1363 136600 -0.00302121
1364 136700 -0.00302121
1365 136800 -0.00302121
1366 136900 -0.00302121
1367 137000 -0.00302121
1368 137100 -0.00302121
1369 137200 -0.00302121
1370 137300 -0.00302121
1371 137400 -0.00302121
1372 137500 -0.00302121
1373 137600 -0.00302121
1374 137700 -0.00302121
1375 137800 -0.00302121
1376 137900 -0.00302121
1377 138000 -0.00302121
1378 138100 -0.00302121
1379 138200 -0.00302121
1380 138300 -0.00302121
1381 138400 -0.00302121
1382 138500 -0.00302121
1383 138600 -0.00302121
1384 138700 -0.00302121
1385 138800 -0.00302121
1386 138900 -0.00302121
1387 139000 -0.00302121
1388 139100 -0.00302121
1389 139200 -0.00302121
1390 139300 -0.00302121
1391 139400 -0.00302121
1392 139500 -0.00302121
1393 139600 -0.00302121
1394 139700 -0.00302121
1395 139800 -0.00302121
1396 139900 -0.00302121
1397 140000 -0.00302121
1398 140100 -0.00302121
1399 140200 -0.00302121
1400 140300 -0.00302121
1401 140400 -0.00302121
1402 140500 -0.00302121
1403 140600 -0.00302121
1404 140700 -0.00302121
1405 140800 -0.00302121
1406 140900 -0.00302121
1407 141000 -0.00302121
1408 141100 -0.00302121
1409 141200 -0.00302121
1410 141300 -0.00302121
1411 141400 -0.00302121
1412 141500 -0.00302121
1413 141600 -0.00302121
1414 141700 -0.00302121
1415 141800 -0.00302121
1416 141900 -0.00302121
1417 142000 -0.00302121
1418 142100 -0.00302121
1419 142200 -0.00302121
1420 142300 -0.00302121
1421 142400 -0.00302121
1422 142500 -0.00302121
1423 142600 -0.00302121
1424 142700 -0.00302121
1425 142800 -0.00302121
1426 142900 -0.00302121
1427 143000 -0.00302121
1428 143100 -0.00302121
1429 143200 -0.00302121
1430 143300 -0.00302121
1431 143400 -0.00302121
1432 143500 -0.00302121
1433 143600 -0.00302121
1434 143700 -0.00302121
1435 143800 -0.00302121
1436 143900 -0.00302121
1437 144000 -0.00302121
1438 144100 -0.00302121
1439 144200 -0.00302121
1440 144300 -0.00302121
1441 144400 -0.00302121
1442 144500 -0.00302121
1443 144600 -0.00302121
1444 144700 -0.00302121
1445 144800 -0.00302121
1446 144900 -0.00302121
1447 145000 -0.00302121
1448 145100 -0.00302121
1449 145200 -0.00302121
1450 145300 -0.00302121
1451 145400 -0.00302121
1452 145500 -0.00302121
1453 145600 -0.00302121
1454 145700 -0.00302121
1455 145800 -0.00302121
1456 145900 -0.00302121
1457 146000 -0.00302121
1458 146100 -0.00302121
1459 146200 -0.00302121
1460 146300 -0.00302121
1461 146400 -0.00302121
1462 146500 -0.00302121
1463 146600 -0.00302121
1464 146700 -0.00302121
1465 146800 -0.00302121
1466 146900 -0.00302121
1467 147000 -0.00302121
1468 147100 -0.00302121
1469 147200 -0.00302121
1470 147300 -0.00302121
1471 147400 -0.00302121
1472 147500 -0.00302121
1473 147600 -0.00302121
1474 147700 -0.00302121
1475 147800 -0.00302121
1476 147900 -0.00302121
1477 148000 -0.00302121
1478 148100 -0.00302121
1479 148200 -0.00302121
1480 148300 -0.00302121
1481 148400 -0.00302121
1482 148500 -0.00302121
1483 148600 -0.00302121
1484 148700 -0.00302121
1485 148800 -0.00302121
1486 148900 -0.00302121
1487 149000 -0.00302121
1488 149100 -0.00302121
1489 149200 -0.00302121
1490 149300 -0.00302121
1491 149400 -0.00302121
1492 149500 -0.00302121
1493 149600 -0.00302121
1494 149700 -0.00302121
1495 149800 -0.00302121
1496 149900 -0.00302121
1497 150000 -0.00302121
1498 150100 -0.00302121
1499 150200 -0.00302121
1500 150300 -0.00302121
1501 150400 -0.00302121
1502 150500 -0.00302121
1503 150600 -0.00302121
1504 150700 -0.00302121
1505 150800 -0.00302121
1506 150900 -0.00302121
1507 151000 -0.00302121
1508 151100 -0.00302121
1509 151200 -0.00302121
1510 151300 -0.00302121
1511 151400 -0.00302121
1512 151500 -0.00302121
1513 151600 -0.00302121
1514 151700 -0.00302121
1515 151800 -0.00302121
1516 151900 -0.00302121
1517 152000 -0.00302121
1518 152100 -0.00302121
1519 152200 -0.00302121
1520 152300 -0.00302121
1521 152400 -0.00302121
1522 152500 -0.00302121
1523 152600 -0.00302121
1524 152700 -0.00302121
1525 152800 -0.00302121
1526 152900 -0.00302121
1527 153000 -0.00302121
1528 153100 -0.00302121
1529 153200 -0.00302121
1530 153300 -0.00302121
1531 153400 -0.00302121
1532 153500 -0.00302121
1533 153600 -0.00302121
1534 153700 -0.00302121
1535 153800 -0.00302121
1536 153900 -0.00302121
1537 154000 -0.00302121
1538 154100 -0.00302121
1539 154200 -0.00302121
1540 154300 -0.00302121
1541 154400 -0.00302121
1542 154500 -0.00302121
1543 154600 -0.00302121
1544 154700 -0.00302121
1545 154800 -0.00302121
1546 154900 -0.00302121
1547 155000 -0.00302121
1548 155100 -0.00302121
1549 155200 -0.00302121
1550 155300 -0.00302121
1551 155400 -0.00302121
1552 155500 -0.00302121
1553 155600 -0.00302121
1554 155700 -0.00302121
1555 155800 -0.00302121
1556 155900 -0.00302121
1557 156000 -0.00302121
1558 156100 -0.00302121
1559 156200 -0.00302121
1560 156300 -0.00302121
1561 156400 -0.00302121
1562 156500 -0.00302121
1563 156600 -0.00302121
1564 156700 -0.00302121
1565 156800 -0.00302121
1566 156900 -0.00302121
1567 157000 -0.00302121
1568 157100 -0.00302121
1569 157200 -0.00302121
1570 157300 -0.00302121
1571 157400 -0.00302121
1572 157500 -0.00302121
1573 157600 -0.00302121
1574 157700 -0.00302121
1575 157800 -0.00302121
1576 157900 -0.00302121
1577 158000 -0.00302121
1578 158100 -0.00302121
1579 158200 -0.00302121
1580 158300 -0.00302121
1581 158400 -0.00302121
1582 158500 -0.00302121
1583 158600 -0.00302121
1584 158700 -0.00302121
1585 158800 -0.00302121
1586 158900 -0.00302121
1587 159000 -0.00302121
1588 159100 -0.00302121
1589 159200 -0.00302121
1590 159300 -0.00302121
1591 159400 -0.00302121
1592 159500 -0.00302121
1593 159600 -0.00302121
1594 159700 -0.00302121
1595 159800 -0.00302121
1596 159900 -0.00302121
1597 160000 -0.00302121
1598 160100 -0.00302121
1599 160200 -0.00302121
1600 160300 -0.00302121
1601 160400 -0.00302121
1602 160500 -0.00302121
1603 160600 -0.00302121
1604 160700 -0.00302121
1605 160800 -0.00302121
1606 160900 -0.00302121
1607 161000 -0.00302121
1608 161100 -0.00302121
1609 161200 -0.00302121
1610 161300 -0.00302121
1611 161400 -0.00302121
1612 161500 -0.00302121
1613 161600 -0.00302121
1614 161700 -0.00302121
1615 161800 -0.00302121
1616 161900 -0.00302121
1617 162000 -0.00302121
1618 162100 -0.00302121
1619 162200 -0.00302121
1620 162300 -0.00302121
1621 162400 -0.00302121
1622 162500 -0.00302121
1623 162600 -0.00302121
1624 162700 -0.00302121
1625 162800 -0.00302121
1626 162900 -0.00302121
1627 163000 -0.00302121
1628 163100 -0.00302121
1629 163200 -0.00302121
1630 163300 -0.00302121
1631 163400 -0.00302121
1632 163500 -0.00302121
1633 163600 -0.00302121
1634 163700 -0.00302121
1635 163800 -0.00302121
1636 163900 -0.00302121
1637 164000 -0.00302121
1638 164100 -0.00302121
1639 164200 -0.00302121
1640 164300 -0.00302121
1641 164400 -0.00302121
1642 164500 -0.00302121
1643 164600 -0.00302121
1644 164700 -0.00302121
1645 164800 -0.00302121
1646 164900 -0.00302121
1647 165000 -0.00302121
1648 165100 -0.00302121
1649 165200 -0.00302121
1650 165300 -0.00302121
1651 165400 -0.00302121
1652 165500 -0.00302121
1653 165600 -0.00302121
1654 165700 -0.00302121
1655 165800 -0.00302121
1656 165900 -0.00302121
1657 166000 -0.00302121
1658 166100 -0.00302121
1659 166200 -0.00302121
1660 166300 -0.00302121
1661 166400 -0.00302121
1662 166500 -0.00302121
1663 166600 -0.00302121
1664 166700 -0.00302121
1665 166800 -0.00302121
1666 166900 -0.00302121
1667 167000 -0.00302121
1668 167100 -0.00302121
1669 167200 -0.00302121
1670 167300 -0.00302121
1671 167400 -0.00302121
1672 167500 -0.00302121
1673 167600 -0.00302121
1674 167700 -0.00302121
1675 167800 -0.00302121
1676 167900 -0.00302121
1677 168000 -0.00302121
1678 168100 -0.00302121
1679 168200 -0.00302121
1680 168300 -0.00302121
1681 168400 -0.00302121
1682 168500 -0.00302121
1683 168600 -0.00302121
1684 168700 -0.00302121
1685 168800 -0.00302121
1686 168900 -0.00302121
1687 169000 -0.00302121
1688 169100 -0.00302121
1689 169200 -0.00302121
1690 169300 -0.00302121
1691 169400 -0.00302121
1692 169500 -0.00302121
1693 169600 -0.00302121
1694 169700 -0.00302121
1695 169800 -0.00302121
1696 169900 -0.00302121
1697 170000 -0.00302121
1698 170100 -0.00302121
1699 170200 -0.00302121
1700 170300 -0.00302121
1701 170400 -0.00302121
1702 170500 -0.00302121
1703 170600 -0.00302121
1704 170700 -0.00302121
1705 170800 -0.00302121
1706 170900 -0.00302121
1707 171000 -0.00302121
1708 171100 -0.00302121
1709 171200 -0.00302121
1710 171300 -0.00302121
1711 171400 -0.00302121
1712 171500 -0.00302121
1713 171600 -0.00302121
1714 171700 -0.00302121
1715 171800 -0.00302121
1716 171900 -0.00302121
1717 172000 -0.00302121
1718 172100 -0.00302121
1719 172200 -0.00302121
1720 172300 -0.00302121
1721 172400 -0.00302121
1722 172500 -0.00302121
1723 172600 -0.00302121
1724 172700 -0.00302121
1725 172800 -0.00302121
1726 172900 -0.00302121
1727 173000 -0.00302121
1728 173100 -0.00302121
1729 173200 -0.00302121
1730 173300 -0.00302121
1731 173400 -0.00302121
1732 173500 -0.00302121
1733 173600 -0.00302121
1734 173700 -0.00302121
1735 173800 -0.00302121
1736 173900 -0.00302121
1737 174000 -0.00302121
1738 174100 -0.00302121
1739 174200 -0.00302121
1740 174300 -0.00302121
1741 174400 -0.00302121
1742 174500 -0.00302121
1743 174600 -0.00302121
1744 174700 -0.00302121
1745 174800 -0.00302121
1746 174900 -0.00302121
1747 175000 -0.00302121
1748 175100 -0.00302121
1749 175200 -0.00302121
1750 175300 -0.00302121
1751 175400 -0.00302121
1752 175500 -0.00302121
1753 175600 -0.00302121
1754 175700 -0.00302121
1755 175800 -0.00302121
1756 175900 -0.00302121
1757 176000 -0.00302121
1758 176100 -0.00302121
1759 176200 -0.00302121
1760 176300 -0.00302121
1761 176400 -0.00302121
1762 176500 -0.00302121
1763 176600 -0.00302121
1764 176700 -0.00302121
1765 176800 -0.00302121
1766 176900 -0.00302121
1767 177000 -0.00302121
1768 177100 -0.00302121
1769 177200 -0.00302121
1770 177300 -0.00302121
1771 177400 -0.00302121
1772 177500 -0.00302121
1773 177600 -0.00302121
1774 177700 -0.00302121
1775 177800 -0.00302121
1776 177900 -0.00302121
1777 178000 -0.00302121
1778 178100 -0.00302121
1779 178200 -0.00302121
1780 178300 -0.00302121
1781 178400 -0.00302121
1782 178500 -0.00302121
1783 178600 -0.00302121
1784 178700 -0.00302121
1785 178800 -0.00302121
1786 178900 -0.00302121
1787 179000 -0.00302121
1788 179100 -0.00302121
1789 179200 -0.00302121
1790 179300 -0.00302121
1791 179400 -0.00302121
1792 179500 -0.00302121
1793 179600 -0.00302121
1794 179700 -0.00302121
1795 179800 -0.00302121
1796 179900 -0.00302121
1797 180000 -0.00302121
1798 180100 -0.00302121
1799 180200 -0.00302121
1800 180300 -0.00302121
1801 180400 -0.00302121
1802 180500 -0.00302121
1803 180600 -0.00302121
1804 180700 -0.00302121
1805 180800 -0.00302121
1806 180900 -0.00302121
1807 181000 -0.00302121
1808 181100 -0.00302121
1809 181200 -0.00302121
1810 181300 -0.00302121
1811 181400 -0.00302121
1812 181500 -0.00302121
1813 181600 -0.00302121
1814 181700 -0.00302121
1815 181800 -0.00302121
1816 181900 -0.00302121
1817 182000 -0.00302121
1818 182100 -0.00302121
1819 182200 -0.00302121
1820 182300 -0.00302121
1821 182400 -0.00302121
1822 182500 -0.00302121
1823 182600 -0.00302121
1824 182700 -0.00302121
1825 182800 -0.00302121
1826 182900 -0.00302121
1827 183000 -0.00302121
1828 183100 -0.00302121
1829 183200 -0.00302121
1830 183300 -0.00302121
1831 183400 -0.00302121
1832 183500 -0.00302121
1833 183600 -0.00302121
1834 183700 -0.00302121
1835 183800 -0.00302121
1836 183900 -0.00302121
1837 184000 -0.00302121
1838 184100 -0.00302121
1839 184200 -0.00302121
1840 184300 -0.00302121
1841 184400 -0.00302121
1842 184500 -0.00302121
1843 184600 -0.00302121
1844 184700 -0.00302121
1845 184800 -0.00302121
1846 184900 -0.00302121
1847 185000 -0.00302121
1848 185100 -0.00302121
1849 185200 -0.00302121
1850 185300 -0.00302121
1851 185400 -0.00302121
1852 185500 -0.00302121
1853 185600 -0.00302121
1854 185700 -0.00302121
1855 185800 -0.00302121
1856 185900 -0.00302121
1857 186000 -0.00302121
1858 186100 -0.00302121
1859 186200 -0.00302121
1860 186300 -0.00302121
1861 186400 -0.00302121
1862 186500 -0.00302121
1863 186600 -0.00302121
1864 186700 -0.00302121
1865 186800 -0.00302121
1866 186900 -0.00302121
1867 187000 -0.00302121
1868 187100 -0.00302121
1869 187200 -0.00302121
1870 187300 -0.00302121
1871 187400 -0.00302121
1872 187500 -0.00302121
1873 187600 -0.00302121
1874 187700 -0.00302121
1875 187800 -0.00302121
1876 187900 -0.00302121
1877 188000 -0.00302121
1878 188100 -0.00302121
1879 188200 -0.00302121
1880 188300 -0.00302121
1881 188400 -0.00302121
1882 188500 -0.00302121
1883 188600 -0.00302121
1884 188700 -0.00302121
1885 188800 -0.00302121
1886 188900 -0.00302121
1887 189000 -0.00302121
1888 189100 -0.00302121
1889 189200 -0.00302121
1890 189300 -0.00302121
1891 189400 -0.00302121
1892 189500 -0.00302121
1893 189600 -0.00302121
1894 189700 -0.00302121
1895 189800 -0.00302121
1896 189900 -0.00302121
1897 190000 -0.00302121
1898 190100 -0.00302121
1899 190200 -0.00302121
1900 190300 -0.00302121
1901 190400 -0.00302121
1902 190500 -0.00302121
1903 190600 -0.00302121
1904 190700 -0.00302121
1905 190800 -0.00302121
1906 190900 -0.00302121
1907 191000 -0.00302121
1908 191100 -0.00302121
1909 191200 -0.00302121
1910 191300 -0.00302121
1911 191400 -0.00302121
1912 191500 -0.00302121
1913 191600 -0.00302121
1914 191700 -0.00302121
1915 191800 -0.00302121
1916 191900 -0.00302121
1917 192000 -0.00302121
1918 192100 -0.00302121
1919 192200 -0.00302121
1920 192300 -0.00302121
1921 192400 -0.00302121
1922 192500 -0.00302121
1923 192600 -0.00302121
1924 192700 -0.00302121
1925 192800 -0.00302121
1926 192900 -0.00302121
1927 193000 -0.00302121
1928 193100 -0.00302121
1929 193200 -0.00302121
1930 193300 -0.00302121
1931 193400 -0.00302121
1932 193500 -0.00302121
1933 193600 -0.00302121
1934 193700 -0.00302121
1935 193800 -0.00302121
1936 193900 -0.00302121
1937 194000 -0.00302121
1938 194100 -0.00302121
1939 194200 -0.00302121
1940 194300 -0.00302121
1941 194400 -0.00302121
1942 194500 -0.00302121
1943 194600 -0.00302121
1944 194700 -0.00302121
1945 194800 -0.00302121
1946 194900 -0.00302121
1947 195000 -0.00302121
1948 195100 -0.00302121
1949 195200 -0.00302121
1950 195300 -0.00302121
1951 195400 -0.00302121
1952 195500 -0.00302121
1953 195600 -0.00302121
1954 195700 -0.00302121
1955 195800 -0.00302121
1956 195900 -0.00302121
1957 196000 -0.00302121
1958 196100 -0.00302121
1959 196200 -0.00302121
1960 196300 -0.00302121
1961 196400 -0.00302121
1962 196500 -0.00302121
1963 196600 -0.00302121
1964 196700 -0.00302121
1965 196800 -0.00302121
1966 196900 -0.00302121
1967 197000 -0.00302121
1968 197100 -0.00302121
1969 197200 -0.00302121
1970 197300 -0.00302121
1971 197400 -0.00302121
1972 197500 -0.00302121
1973 197600 -0.00302121
1974 197700 -0.00302121
1975 197800 -0.00302121
1976 197900 -0.00302121
1977 198000 -0.00302121
1978 198100 -0.00302121
1979 198200 -0.00302121
1980 198300 -0.00302121
1981 198400 -0.00302121
1982 198500 -0.00302121
1983 198600 -0.00302121
1984 198700 -0.00302121
1985 198800 -0.00302121
1986 198900 -0.00302121
1987 199000 -0.00302121
1988 199100 -0.00302121
1989 199200 -0.00302121
1990 199300 -0.00302121
1991 199400 -0.00302121
1992 199500 -0.00302121
1993 199600 -0.00302121
1994 199700 -0.00302121
