0    -0.070000000000000007 0.070000000000000007 0.35999999999999999 0.66187696761064319 -0.51752708122781543  -0.88067454099655151         8 15 
1    -0.070000000000000007 -0.27000000000000002 -0.66000000000000003 -0.2346795385170663 0.7471076953510436  -0.90310090780258179         8 15 
2    -0.23999999999999999 -0.029999999999999999 0.45000000000000001 -0.29502006142828502 -0.86259148418470388  -0.96763062477111816         8 15 
3    -0.23000000000000001 -0.11 -0.66000000000000003 0.12970842758596526 0.62233843275097478  -0.90710705518722534         8 15 
4    0.029999999999999999 0.089999999999999997 0.68000000000000005 -0.19791497183487955 -0.97912198248851579  -0.97208958864212036         8 15 
5    -0.040000000000000001 0.25 -0.20999999999999999 -0.27242292258572282 0.43460947122593013  -0.89693737030029297         8 15 
6    0 0.070000000000000007 0.40999999999999998 0.17473080855178366 -0.58719392795368697  -0.89561992883682251         8 15 
7    0.14000000000000001 0.050000000000000003 -0.23000000000000001 0.63014330976421684 0.096913895869789921  -0.89865380525588989         8 15 
8    0.080000000000000002 0.23000000000000001 -0.48999999999999999 -0.065735719910223811 0.52262710248737132  -0.8818824291229248         8 15 
9    -0.23000000000000001 -0.38 -0.39000000000000001 -0.31081879149774894 0.25214009754912309  -0.83171647787094116         8 15 
10    -0.23000000000000001 -0.19 -0.57999999999999996 -0.7054209531352128 0.39344653906393423  -0.85843288898468018         8 15 
11    0.12 0.13 0.55000000000000004 -0.45096005440958409 -0.27075106238420521  -0.81364768743515015         8 15 
12    -0.01 0.28999999999999998 0.46000000000000002 0.51824324971095248 -0.7238356310447891  -0.92424076795578003         8 15 
13    -0.059999999999999998 -0.22 -0.46000000000000002 -0.42220256697547875 -0.17673673286333982  -0.87200552225112915         8 15 
14    0.02 -0.17999999999999999 -0.14000000000000001 -0.53451396173129195 0.72682476056852119  -0.92022019624710083         8 15 
15    0.089999999999999997 0.16 -0.63 -0.024144649582183118 0.37442931377638794  -0.869709312915802         8 15 
16    0.01 -0.13 -0.62 0.25331391188084657 0.44556095154515213  -0.8917432427406311         8 15 
17    0.059999999999999998 0.37 0.050000000000000003 -0.51549757131688445 -0.1298755358310642  -0.87726640701293945         8 15 
18    -0.23000000000000001 -0.11 -0.66000000000000003 0.16894219727203702 0.91534988344152102  -0.95693302154541016         8 15 
19    0.23000000000000001 0.11 0.66000000000000003 -0.34651940998183367 -0.5942033243976409  -0.87645959854125977         8 15 
20    0.080000000000000002 -0.01 -0.17000000000000001 -0.32096477600495121 0.30112058677800324  -0.86302828788757324         8 15 
21    0.01 -0.02 0.45000000000000001 0.40100896812363784 -0.72578664954898775  -0.93079966306686401         8 15 
22    -0.070000000000000007 -0.080000000000000002 -0.27000000000000002 0.81192228679220635 0.50558255412525355  -0.9168962836265564         8 15 
23    -0.080000000000000002 -0.029999999999999999 -0.20999999999999999 -0.41475473735051249 0.50992853247211123  -0.85467803478240967         8 15 
24    0.089999999999999997 0.20000000000000001 -0.19 -0.39035083244224883 0.20208698731315736  -0.79243475198745728         8 15 
25    -0.050000000000000003 -0.28000000000000003 -0.65000000000000002 -0.15770254390128599 0.36589846266373716  -0.8511161208152771         8 15 
26    -0.029999999999999999 -0.089999999999999997 0.40000000000000002 -0.57993314884827363 0.36308750074164892  -0.87413424253463745         8 15 
27    0.080000000000000002 0.33000000000000002 0.34999999999999998 -0.10280997560379136 -0.47140995182230933  -0.86003345251083374         8 15 
28    -0.14000000000000001 -0.33000000000000002 -0.46999999999999997 -0.83308113717103849 0.4571163894005838  -0.99682509899139404         8 15 
29    0.070000000000000007 0.12 0.81000000000000005 0.12014948273107587 -0.6078354256789853  -0.90801525115966797         8 15 
30    -0.070000000000000007 -0.050000000000000003 0.83999999999999997 -0.06685977822810843 -0.44200541963988599  -0.87584996223449707         8 15 
31    -0.050000000000000003 0.029999999999999999 -0.040000000000000001 -0.90377019161349204 0.39106940883042879  -0.93532812595367432         8 15 
32    0.070000000000000007 0.040000000000000001 0.89000000000000001 0.50822430451710965 -0.458446329919801  -0.91078084707260132         8 15 
33    0.22 0.12 0.64000000000000001 0.50864586875849782 -0.55085003070179717  -0.94598627090454102         8 15 
34    0.059999999999999998 0.089999999999999997 0.14999999999999999 -0.020514731981104577 -0.58412837044683596  -0.89402848482131958         8 15 
35    0.10000000000000001 0.28999999999999998 -0.25 0.086776431410069355 0.79306467738755948  -0.87199544906616211         8 15 
36    0.01 0.14999999999999999 -0.080000000000000002 -0.64284263404991182 0.13352594605116294  -0.90147334337234497         8 15 
37    -0.13 0.10000000000000001 -0.13 -0.19561629907788899 0.41790323856154826  -0.85574865341186523         8 15 
38    -0.080000000000000002 -0.040000000000000001 -0.88 -0.020099540594639816 0.57296619283626626  -0.85924261808395386         8 15 
39    0.070000000000000007 0.040000000000000001 0.89000000000000001 -0.28303775601715858 -0.95910206488706473  -0.96128851175308228         8 15 
40    0.23000000000000001 0.11 0.66000000000000003 -0.62743860893789183 -0.63114328095352734  -0.89005178213119507         8 15 
41    -0.029999999999999999 -0.23000000000000001 0 -0.94079481203362703 -0.33242738254279208  -0.92698347568511963         8 15 
42    0.23000000000000001 -0.050000000000000003 0.28000000000000003 0.12679218426557901 -0.10264320758977433  -0.81939226388931274         8 15 
43    -0.040000000000000001 -0.14000000000000001 -0.54000000000000004 -0.3871647581093795 0.82687433369867891  -0.92269325256347656         8 15 
44    0.02 0.17000000000000001 0.11 0.55389627126157481 -0.17011184201356228  -0.87976771593093872         8 15 
45    0.040000000000000001 0.23999999999999999 0.17999999999999999 -0.55702044050095123 -0.40277749954256736  -0.90200144052505493         8 15 
46    0 -0.16 -0.35999999999999999 -0.024317619826996213 0.53025067046318697  -0.86121487617492676         8 15 
47    -0.13 -0.23000000000000001 -0.38 -0.41462506656243331 0.40122527200975394  -0.88945657014846802         8 15 
48    0.029999999999999999 -0.13 0.76000000000000001 0.51563230194177079 0.54161062850660768  -0.86371928453445435         8 15 
49    0.029999999999999999 0.059999999999999998 0.58999999999999997 -0.74331389214267418 0.37652480081102163  -0.90198451280593872         8 15 
50    0.029999999999999999 -0.050000000000000003 -0.41999999999999998 0.038076023754628319 0.97869373660301573  -0.90166062116622925         8 15 
51    0.040000000000000001 0 0.02 -0.89857207000070072 0.09294611215238123  -0.92644250392913818         8 15 
52    0 0 0.23999999999999999 -0.7869390869310845 -0.41346916920084115  -0.94138967990875244         8 15 
53    -0.14999999999999999 0.01 0.32000000000000001 -0.082279998539791996 -0.62407908051242522  -0.8832240104675293         8 15 
54    0.23999999999999999 0.10000000000000001 0.66000000000000003 0.28577378789577879 -0.63968873455557407  -0.92521458864212036         8 15 
55    0.040000000000000001 0 0.02 -0.50250030191938 0.091069247262339462  -0.87495577335357666         8 15 
56    0.01 0.11 0.64000000000000001 -0.54463858092880013 -0.4698043217607149  -0.92561036348342896         8 15 
57    0 -0.050000000000000003 -0.34999999999999998 0.89976728545866613 -0.28662780516242142  -0.94863379001617432         8 15 
58    -0.040000000000000001 -0.11 -0.67000000000000004 0.28098669744527993 0.20008027903718936  -0.86616361141204834         8 15 
59    0.029999999999999999 0.34000000000000002 0.58999999999999997 -0.084189815477112531 -0.82897916867197008  -0.95368814468383789         8 15 
60    -0.11 -0.040000000000000001 -0.070000000000000007 0.67160377142769023 -0.072223087691007229  -0.91034334897994995         8 15 
61    -0.040000000000000001 -0.01 0.28999999999999998 -0.2928066255782053 -0.64910133709159046  -0.8675544261932373         8 15 
62    0.14999999999999999 0.39000000000000001 0.35999999999999999 -0.60143844721860373 -0.15790951603498166  -0.84126627445220947         8 15 
63    0.040000000000000001 0.01 -0.53000000000000003 0.13782163686557283 0.39036871429163333  -0.85997968912124634         8 15 
64    -0.080000000000000002 -0.14000000000000001 0.10000000000000001 0.43723529225639618 0.51285056332263124  -0.92037320137023926         8 15 
65    -0.23000000000000001 -0.11 -0.66000000000000003 0.42482383503324173 0.43650276098352664  -0.91810846328735352         8 15 
66    0.029999999999999999 0.27000000000000002 0.69999999999999996 0.34547302348517861 -0.64390509124004724  -0.87586486339569092         8 15 
67    -0.14000000000000001 -0.12 -0.57999999999999996 0.36703164819579415 0.84461294223955441  -0.91982412338256836         8 15 
68    0.02 0.28999999999999998 0.34999999999999998 0.029805287388906303 -0.65244990292729244  -0.90065300464630127         8 15 
69    0.089999999999999997 0.059999999999999998 0.31 -0.57051541206977718 -0.38115558631606156  -0.8461911678314209         8 15 
70    0.050000000000000003 -0.01 -0.54000000000000004 0.48058202790433696 0.31876772960344352  -0.86205375194549561         8 15 
71    0.089999999999999997 0.33000000000000002 0.32000000000000001 0.18526455157237651 -0.75332055665765518  -0.88272196054458618         8 15 
72    -0.16 0.059999999999999998 0 -0.98411438199578383 -0.022131390173399046  -0.95643776655197144         8 15 
73    -0.059999999999999998 -0.040000000000000001 -0.52000000000000002 -0.83693728574812487 0.46746208869282746  -0.92406857013702393         8 15 
74    -0.12 -0.10000000000000001 -0.76000000000000001 0.24058023653800203 0.72605059194644872  -0.95440667867660522         8 15 
75    0.10000000000000001 -0.01 -0.14999999999999999 -0.81553729256846197 0.47354475029075699  -0.9253162145614624         8 15 
76    0.040000000000000001 -0.02 0.47999999999999998 -0.24800717882300247 -0.8254656659131766  -0.90114724636077881         8 15 
77    0.02 -0.12 -0.5 0.75777246360292572 0.23594930000957431  -0.89479589462280273         8 15 
78    -0.089999999999999997 -0.27000000000000002 -0.23999999999999999 0.4421323895985213 0.22949144117282425  -0.86299312114715576         8 15 
79    -0.029999999999999999 -0.01 -0.059999999999999998 0.86359310400360501 -0.041276258119637393  -0.97300201654434204         8 15 
80    0.040000000000000001 0.20000000000000001 -0.41999999999999998 -0.27003456802788339 0.37691368022086069  -0.8681795597076416         8 15 
81    0.17000000000000001 0.12 0.51000000000000001 0.12652109049536459 -0.4795685471089578  -0.86981171369552612         8 15 
82    0.040000000000000001 0.040000000000000001 0.080000000000000002 -0.46706714270190686 -0.5578330387336895  -0.91578459739685059         8 15 
83    -0.050000000000000003 0.040000000000000001 0.87 -0.36069898152062585 -0.34412773980184719  -0.86494052410125732         8 15 
84    -0.029999999999999999 -0.029999999999999999 -0.71999999999999997 0.65401163432053444 0.63056573769901325  -0.98218083381652832         8 15 
85    0.059999999999999998 0.23999999999999999 0.38 0.25244647099552692 -0.42703701200744693  -0.87452059984207153         8 15 
86    0.02 -0.040000000000000001 0.62 -0.39164114088248769 0.17095671265538429  -0.877918541431427         8 15 
87    -0.02 -0.12 -0.59999999999999998 0.056602600222207512 -0.58081876557867229  -0.83024996519088745         8 15 
88    0.070000000000000007 0.17000000000000001 0 -0.04870418505356712 0.65694370440617234  -0.85230326652526855         8 15 
89    -0.10000000000000001 0.02 0.66000000000000003 -0.26819151779530387 -0.40701137409707766  -0.94262838363647461         8 15 
90    0.089999999999999997 -0.070000000000000007 0.10000000000000001 -0.13553259141833846 -0.49965933335543128  -0.89309012889862061         8 15 
91    0.19 0.029999999999999999 -0.35999999999999999 0.46964718016741996 0.55803013815236147  -0.87080287933349609         8 15 
92    -0.070000000000000007 -0.029999999999999999 0.59999999999999998 0.51849404545723776 -0.83730691193934637  -0.97224771976470947         8 15 
93    0.089999999999999997 0.080000000000000002 0.34999999999999998 -0.58900784933274875 -0.67726227194582989  -0.92384070158004761         8 15 
94    0.059999999999999998 0.33000000000000002 0.37 -0.41055076390301781 -0.013957083261897358  -0.82740336656570435         8 15 
95    0.029999999999999999 -0.050000000000000003 -0.29999999999999999 -0.11954793678677976 0.77410527246516714  -0.88885360956192017         8 15 
96    0.070000000000000007 0.050000000000000003 -0.10000000000000001 -0.22069604859265096 -0.19375257976768401  -0.83143949508666992         8 15 
97    0.10000000000000001 0.029999999999999999 -0.13 0.25785546366628043 0.9521701131916861  -0.9054410457611084         8 15 
98    -0.089999999999999997 -0.089999999999999997 -0.20000000000000001 -0.71885953464588881 -0.481434833258368  -0.95967733860015869         8 15 
99    0.070000000000000007 0 -0.39000000000000001 -0.54752439585114998 -0.59569476603700411  -1.0147790908813477         8 15 
100    -0.59999999999999998 -0.22 -0.17999999999999999 -0.088219139550902131 0.44913356764241841  -0.81823056936264038         8 15 
101    0.040000000000000001 0.17000000000000001 0.40999999999999998 0.6474913158538671 -0.24438657426010124  -0.86842060089111328         8 15 
102    -0.19 0 0.42999999999999999 -0.39608260989189148 0  -0.87637114524841309         8 14 
103    -0.23000000000000001 -0.44 0.31 0 -0.35526177287101746  -0.82894396781921387         8 14 
104    -0.029999999999999999 -0.12 -0.84999999999999998 -0.1717669814825058 0.097414128482341766  -0.88096582889556885         8 14 
105    -0.12 -0.089999999999999997 -0.34999999999999998 0.18429908156394958 0.23540888726711273  -0.81793886423110962         8 14 
106    0.089999999999999997 -0.5 -0.25 -0.21391473710536957 0  -0.81914067268371582         8 14 
107    0.29999999999999999 0.20999999999999999 -0.070000000000000007 0 -0.15897119045257568  -0.79712939262390137         8 11 
108    0 -0.37 0.34999999999999998 -0.063590660691261292 -0.29278296232223511  -0.81248891353607178         8 12 
109    0.42999999999999999 -0.089999999999999997 -0.47999999999999998 -0.040482316166162491 0  -0.80510169267654419         8 13 
110    0.35999999999999999 -0.20999999999999999 -0.27000000000000002 0.11090666800737381 0  -0.79920762777328491         8 13 
111    0.059999999999999998 -0.28999999999999998 -0.33000000000000002 0.25326070189476013 0.12602713704109192  -0.8304099440574646         8 12 
112    -0.40999999999999998 -0.050000000000000003 0.29999999999999999 -0.39540091156959534 0  -0.80648839473724365         8 13 
113    -0.01 0.02 -0.81000000000000005 0 -0.29624971747398376  -0.85460823774337769         8 13 
114    -0.14000000000000001 0.01 0.81000000000000005 -0.16267396509647369 0  -0.87994110584259033         8 13 
115    -0.13 0.059999999999999998 -0.25 0.360920250415802 0.11173322051763535  -0.84234356880187988         8 11 
116    0 0.42999999999999999 0.31 0.29776674509048462 0.016287287697196007  -0.80339670181274414         8 12 
117    -0.46000000000000002 -0.13 -0.40999999999999998 0 0.271882563829422  -0.82268160581588745         8 14 
118    0.01 -0.46999999999999997 0 -0.0072081675752997398 0  -0.60729873180389404         8 10 
119    -0.13 -0.02 0.63 0 -0.43894779682159424  -0.87137538194656372         8 13 
120    -0.13 -0.029999999999999999 0.81999999999999995 0 0.11261098086833954  -0.80988729000091553         8 12 
121    -0.23000000000000001 -0.050000000000000003 0.66000000000000003 0.41265547275543213 0  -0.88515013456344604         8 12 
122    -0.029999999999999999 -0.57999999999999996 -0.39000000000000001 0.011311973445117474 0.28557348251342773  -0.84170788526535034         8 12 
123    -0.059999999999999998 -0.14000000000000001 0.76000000000000001 0.27841886878013611 0  -0.84626638889312744         8 11 
124    0.070000000000000007 0.17000000000000001 0.54000000000000004 -0.29399943351745605 0  -0.82893449068069458         8 13 
125    0.20000000000000001 0.23999999999999999 -0.10000000000000001 0.17907369136810303 -0.23509684205055237  -0.82860791683197021         8 11 
126    0 0.77000000000000002 0.050000000000000003 -0.19149242341518402 -0.19907897710800171  -0.78201669454574585         8 12 
127    0.12 -0.14000000000000001 0.62 0.090849407017230988 -0.033803876489400864  -0.85056596994400024         8 12 
128    0.31 0.33000000000000002 -0.29999999999999999 -0.095473736524581909 0  -0.81946206092834473         8 11 
129    -0.02 -0.050000000000000003 -0.17000000000000001 0.20622789859771729 0.16887375712394714  -0.83225774765014648         8 10 
130    -0.029999999999999999 -0.10000000000000001 -0.17000000000000001 0.055515091866254807 0.44284433126449585  -0.8105461597442627         8 13 
131    -0.59999999999999998 0.10000000000000001 -0.22 0.04100528359413147 0  -0.80799084901809692         8 11 
132    -0.029999999999999999 0.34000000000000002 -0.19 -0.32869669795036316 0  -0.81491184234619141         8 6 
133    0.089999999999999997 -0.38 -0.33000000000000002 0 0.22170369327068329  -0.82933634519577026         8 13 
134    -0.070000000000000007 -0.080000000000000002 -0.11 -0.33469223976135254 0.19637365639209747  -0.83644109964370728         8 14 
135    -0.029999999999999999 0.46000000000000002 -0.42999999999999999 0 0  -0.82878923416137695         8 14 
136    0.13 -0.28999999999999998 -0.16 0 -0.14214862883090973  -0.83563995361328125         8 13 
137    0.44 0.23999999999999999 0.059999999999999998 0.22886866331100464 0  -0.77045774459838867         8 10 
138    -0.19 0.040000000000000001 0.34999999999999998 0.11389082670211792 -0.23096789419651031  -0.78556865453720093         8 14 
139    -0.14000000000000001 -0.050000000000000003 -0.81000000000000005 0 0.082501441240310669  -0.80734431743621826         8 12 
140    0.089999999999999997 0.51000000000000001 0.40000000000000002 -0.24733097851276398 0.029725968837738037  -0.81017476320266724         8 9 
141    -0.11 -0.11 0 0.10405010730028152 -0.27117043733596802  -0.74807476997375488         8 7 
142    0.54000000000000004 0.080000000000000002 0 0 0.16685253381729126  0.26105794310569763         8 10 
143    -0.25 -0.20999999999999999 0.46000000000000002 0.20150643587112427 0  -0.82224488258361816         8 10 
144    -0.51000000000000001 0.31 0 0.11035771667957306 0  -0.78343778848648071         8 9 
145    0.13 -0.87 0 0 0  -0.79075193405151367         8 10 
146    0.070000000000000007 0.26000000000000001 0.40999999999999998 0 -0.23707602918148041  -0.80573976039886475         8 13 
147    0.14999999999999999 0.32000000000000001 0.53000000000000003 -0.21182802319526672 0  -0.82642412185668945         8 7 
148    0.23999999999999999 0.12 -0.040000000000000001 0.33450841903686523 0  -0.78607553243637085         8 11 
149    -0.059999999999999998 -0.050000000000000003 0.56999999999999995 -0.24130037426948547 -0.10010475665330887  -0.80240088701248169         8 8 
150    0.11 0.27000000000000002 -0.29999999999999999 -0.21786345541477203 0  -0.82079285383224487         8 12 
151    -0.080000000000000002 -0.34999999999999998 -0.56999999999999995 0 0.26430338621139526  -0.81431680917739868         8 12 
152    -0.059999999999999998 -0.17000000000000001 0.31 -0.10883606225252151 0.11407122761011124  -0.79612255096435547         8 12 
153    0.46000000000000002 0.47999999999999998 0 0.057885341346263885 0.10881409794092178  0.30877158045768738         8 4 
154    -0.029999999999999999 0.050000000000000003 0.73999999999999999 -0.21686343848705292 0.25508180260658264  -0.91544109582901001         8 14 
155    -0.080000000000000002 -0.40000000000000002 0.12 -0.21981023252010345 0  -0.82900738716125488         8 13 
156    0.059999999999999998 0.76000000000000001 0.17999999999999999 0 0.12519726157188416  -0.80300211906433105         8 12 
157    -0.050000000000000003 0.14000000000000001 0.53000000000000003 -0.23037451505661011 0.41899576783180237  -0.84793204069137573         8 12 
158    -0.080000000000000002 -0.34000000000000002 -0.20000000000000001 -0.31106257438659668 0  -0.82659763097763062         8 12 
159    -0.89000000000000001 -0.01 0 0.15635102987289429 -0.36416700482368469  0.92203414440155029         8 6 
160    -1 0 0 0 -0.26556113362312317  -0.79432028532028198         8 8 
161    -0.46999999999999997 0.28000000000000003 0.050000000000000003 -0.22964110970497131 0  -0.77220582962036133         8 7 
162    0.13 0.12 -0.23000000000000001 0 -0.45209202170372009  -0.82753151655197144         8 13 
163    -0.31 0.27000000000000002 0 0.013122299686074257 0.13298997282981873  -0.76258492469787598         8 7 
164    0.040000000000000001 0.66000000000000003 0 0.16508975625038147 -0.16565951704978943  -0.79815644025802612         8 10 
165    0.17999999999999999 0.02 -0.14000000000000001 -0.4033050537109375 0  -0.85819345712661743         8 14 
166    0.070000000000000007 0.01 -0.85999999999999999 0.39901983737945557 0  -0.83978098630905151         8 9 
167    -0.070000000000000007 0.070000000000000007 -0.68000000000000005 0.076135836541652679 0.32084885239601135  -0.85779464244842529         8 14 
168    -0.23000000000000001 -0.13 0.32000000000000001 0.11720294505357742 -0.16515086591243744  -0.79519027471542358         8 7 
169    -0.02 -0.089999999999999997 -0.20999999999999999 0.46885630488395691 0  -0.85149079561233521         8 9 
170    -0.089999999999999997 -0.070000000000000007 0.32000000000000001 -0.15895923972129822 -0.15579184889793396  -0.84410911798477173         8 14 
171    0.20000000000000001 0.26000000000000001 0.23999999999999999 0 -0.33098974823951721  -0.8055880069732666         8 9 
172    -0.42999999999999999 -0.14999999999999999 -0.41999999999999998 -0.17094150185585022 0.014915989711880684  -0.81065350770950317         8 12 
173    -0.25 -0.19 -0.56000000000000005 0.36109116673469543 -0.059598613530397415  -0.81334555149078369         8 11 
174    -0.070000000000000007 -0.53000000000000003 0 -0.21084725856781006 -0.055921904742717743  -0.80020147562026978         8 6 
175    -0.28000000000000003 -0.14999999999999999 -0.34999999999999998 0.36553263664245605 0  -0.79541200399398804         8 7 
176    0.13 0.27000000000000002 0.47999999999999998 0.34476834535598755 -0.091007247567176819  -0.80650496482849121         8 8 
177    -0.029999999999999999 -0.14000000000000001 -0.050000000000000003 -0.41808775067329407 0  -0.79413819313049316         8 12 
178    0.91000000000000003 0.089999999999999997 0 0.13104856014251709 -0.13424023985862732  0.66204226016998291         8 9 
179    -0.46999999999999997 -0.25 0 0 0  0.77412509918212891         8 9 
180    -0.040000000000000001 -0.23999999999999999 -0.71999999999999997 0.084447212517261505 0.34466290473937988  -0.87568175792694092         8 6 
181    -0.050000000000000003 0.40999999999999998 0 0 0.38045284152030945  -0.78336656093597412         8 4 
182    -0.080000000000000002 -0.40000000000000002 -0.14000000000000001 0 -0.29718673229217529  -0.8010631799697876         8 8 
183    0.10000000000000001 0.040000000000000001 0.64000000000000001 -0.10386788100004196 -0.3278333842754364  -0.8790704607963562         8 6 
184    0.14000000000000001 0.16 0.34000000000000002 0 0.37827515602111816  -0.82427549362182617         8 7 
185    -0.48999999999999999 -0.17999999999999999 0.11 0 -0.22363185882568359  -0.7823752760887146         8 11 
186    -0.12 -0.25 0.14999999999999999 0.049871448427438736 0  -0.7333906888961792         8 8 
187    -0.089999999999999997 -0.89000000000000001 0 0 0.45075979828834534  -0.81447750329971313         8 4 
188    -0.070000000000000007 -0.059999999999999998 0.65000000000000002 0 0.43979364633560181  -0.8147159218788147         8 11 
189    -0.040000000000000001 -0.45000000000000001 0.45000000000000001 0.11505486071109772 0  -0.83877593278884888         8 12 
190    -0.14999999999999999 0.089999999999999997 -0.69999999999999996 0.025548176839947701 0  -0.86189377307891846         8 8 
191    0.28000000000000003 -0.029999999999999999 -0.63 0.25780150294303894 0  -0.82872724533081055         8 12 
192    -0.02 0.040000000000000001 0.040000000000000001 -0.3412855863571167 0.0072830193676054478  -0.50110495090484619         8 5 
193    0.040000000000000001 -0.029999999999999999 0.33000000000000002 0.54652112722396851 0.052856288850307465  -0.86175698041915894         8 9 
194    -0.47999999999999998 0.14000000000000001 0 0 0.076960146427154541  0.65442532300949097         8 8 
195    -0.040000000000000001 -0.089999999999999997 0.53000000000000003 0.27484977245330811 0  -0.84306120872497559         8 8 
196    -0.59999999999999998 -0.40000000000000002 0 0.12963590025901794 -0.18856765329837799  -0.77017545700073242         8 5 
197    -0.23999999999999999 0.10000000000000001 0 0.080576591193675995 -0.42765489220619202  -0.81648552417755127         8 12 
198    -0.20000000000000001 -0.80000000000000004 0 0 0.27653169631958008  -0.83814001083374023         8 3 
199    0.089999999999999997 0.64000000000000001 0.27000000000000002 0.27427813410758972 0  -0.80013757944107056         8 10 
200    0 0.33000000000000002 0.029999999999999999 -0.1836550384759903 0  0.63559359312057495         8 7 
201    0.040000000000000001 -0.089999999999999997 -0.63 0 -0.34911623597145081  -0.8320077657699585         8 6 
202    -0.13 -0.01 -0.12 0 0.14413246512413025  -0.77450072765350342         8 9 
203    0.14999999999999999 -0.02 -0.45000000000000001 -0.26864707469940186 0.013298869132995605  -0.81342220306396484         8 9 
204    0.029999999999999999 0.95999999999999996 0.01 -0.18243497610092163 0  -0.78303050994873047         8 4 
205    0.31 -0.059999999999999998 0.17000000000000001 0 -0.030608691275119781  0.45735490322113037         8 7 
206    0.070000000000000007 0.070000000000000007 -0.57999999999999996 -0.16058613359928131 -0.25607874989509583  -0.8600459098815918         8 13 
207    -0.20999999999999999 -0.13 0.56000000000000005 0 -0.16798269748687744  -0.8536037802696228         8 12 
208    -0.16 0.02 -0.28000000000000003 -0.18724258244037628 0.093742012977600098  -0.81292086839675903         8 9 
209    -1 0 0 0.32259988784790039 -0.21444213390350342  -0.77017450332641602         8 4 
210    0.23000000000000001 0.37 0.32000000000000001 -0.25274091958999634 0  -0.83844858407974243         8 9 
211    -0.68000000000000005 0.20000000000000001 0 0 -0.19450442492961884  -0.7628522515296936         8 2 
212    -0.27000000000000002 0.01 0.20000000000000001 0 -0.21935373544692993  -0.79960596561431885         8 7 
213    0.089999999999999997 -0.32000000000000001 0.25 0 0.13305483758449554  -0.79956322908401489         8 12 
214    -0.34999999999999998 -0.19 -0.46000000000000002 -0.33000794053077698 -0.002027551643550396  -0.85684889554977417         8 3 
215    -0.14999999999999999 -0.26000000000000001 -0.40999999999999998 -0.082251735031604767 -0.29846659302711487  -0.83257240056991577         8 13 
216    0.02 0.059999999999999998 0.59999999999999998 0.37664401531219482 -0.29349198937416077  -0.85973525047302246         8 13 
217    -0.56999999999999995 0.080000000000000002 0.050000000000000003 -0.3492218554019928 0  -0.85926187038421631         8 6 
218    -0.12 -0.28000000000000003 -0.59999999999999998 -0.25391778349876404 0.20828478038311005  -0.84963905811309814         8 6 
219    0.64000000000000001 -0.26000000000000001 0 0 0.1531585156917572  -0.78295594453811646         8 6 
220    -0.029999999999999999 0.19 -0.59999999999999998 0 -0.37648007273674011  -0.90753084421157837         8 7 
221    -0.14000000000000001 0.12 0 0 0.41577589511871338  -0.77049165964126587         8 2 
222    -0.089999999999999997 0.17000000000000001 0.040000000000000001 0.25773698091506958 -0.11349070072174072  -0.80813837051391602         8 12 
223    0 0.23000000000000001 -0.19 0 0.30848395824432373  -0.84213578701019287         8 4 
224    0.070000000000000007 -0.22 -0.55000000000000004 0 0.29211235046386719  -0.81196057796478271         8 7 
225    -0.089999999999999997 0.12 0.77000000000000002 0.06451764702796936 -0.17992101609706879  -0.8080751895904541         8 10 
226    0.57999999999999996 0.41999999999999998 0 0 -0.16758629679679871  -0.81510955095291138         8 2 
227    -0.81999999999999995 0 0 0.0010127126006409526 0  0.94357901811599731         8 6 
228    -0.089999999999999997 0.23999999999999999 0.67000000000000004 -0.18244308233261108 0  -0.83434504270553589         8 11 
229    0.14999999999999999 0.089999999999999997 0.54000000000000004 0.5351751446723938 0  -0.87162333726882935         8 5 
230    0.17999999999999999 0.02 0.54000000000000004 0 -0.12874983251094818  -0.80939948558807373         8 10 
231    -0.37 -0.42999999999999999 -0.20000000000000001 -0.16989126801490784 0  -0.80092775821685791         8 5 
232    0.029999999999999999 0.32000000000000001 0.65000000000000002 -0.21417009830474854 -0.15431053936481476  -0.83867639303207397         8 6 
233    0.95999999999999996 0.040000000000000001 0 0 0.2718939483165741  0.85513758659362793         8 10 
234    -1 0 0 0.33945134282112122 0  0.99870884418487549         8 2 
235    0.23000000000000001 0.080000000000000002 0.17000000000000001 0 -0.18018113076686859  -0.80697751045227051         8 6 
236    0.10000000000000001 0.029999999999999999 -0.82999999999999996 0.19286344945430756 0  -0.8187025785446167         8 11 
237    -0.14999999999999999 0.01 -0.68000000000000005 0.27535802125930786 0.033850077539682388  -0.82827168703079224         8 11 
238    0.16 0.62 0 0.14683772623538971 -0.3082612156867981  -0.76645553112030029         8 5 
239    -0.02 0.080000000000000002 -0.32000000000000001 0.41835889220237732 -0.081918783485889435  -0.77178382873535156         8 6 
240    -0.16 -0.59999999999999998 0.12 0 -0.23405300080776215  -0.79727107286453247         8 9 
241    0.070000000000000007 0.93000000000000005 0 -0.11089285463094711 0.2202233225107193  -0.78451508283615112         8 6 
242    -0.20000000000000001 -0.32000000000000001 0 0 -0.2156633734703064  -0.77440321445465088         8 10 
243    -0.029999999999999999 -0.29999999999999999 -0.67000000000000004 0 0  -0.80708318948745728         8 13 
244    -0.089999999999999997 -0.5 0.19 0 0.21063627302646637  -0.8435320258140564         8 10 
245    -0.37 -0.089999999999999997 0.54000000000000004 0.089047469198703766 0  -0.81585800647735596         8 13 
246    -0.22 -0.20000000000000001 -0.57999999999999996 0.19130155444145203 -0.20389237999916077  -0.82962685823440552         8 4 
247    -0.17000000000000001 -0.39000000000000001 0 0 0.32752037048339844  -0.77827078104019165         8 6 
248    0.029999999999999999 0.33000000000000002 0.57999999999999996 0.10138257592916489 -0.27061536908149719  -0.81507432460784912         8 9 
249    -0.17000000000000001 -0.34000000000000002 -0.050000000000000003 -0.12845617532730103 0.15789274871349335  -0.80269408226013184         8 7 
250    -0.23000000000000001 -0.39000000000000001 -0.38 0.31470200419425964 0  -0.79407495260238647         8 9 
251    0.089999999999999997 -0.10000000000000001 0.42999999999999999 -0.1959165632724762 0.22970931231975555  -0.81648069620132446         8 8 
252    -0.5 0 0 0.38912832736968994 0  -0.73863774538040161         8 3 
253    0.02 0.089999999999999997 0.01 -0.14212316274642944 0.36553570628166199  -0.85136008262634277         8 7 
254    -0.02 -0.31 0.42999999999999999 0.06446230411529541 0.1550634503364563  -0.80649292469024658         8 11 
255    -0.029999999999999999 -0.96999999999999997 0 0 -0.30905377864837646  -0.77676206827163696         8 6 
256    -0.12 0.22 -0.10000000000000001 0.15617190301418304 0.065359845757484436  -0.8141447901725769         8 12 
257    -0.040000000000000001 -0.95999999999999996 0 0.17696160078048706 0  -0.78429561853408813         8 7 
258    -0.040000000000000001 -0.19 -0.070000000000000007 0.36464285850524902 -0.0044604605063796043  -0.79867172241210938         8 10 
259    -0.17999999999999999 -0.089999999999999997 -0.23000000000000001 0 0.38644576072692871  -0.79314494132995605         8 3 
260    0.10000000000000001 -0.28000000000000003 0 0 0  0.76001524925231934         8 9 
261    0.059999999999999998 0.20000000000000001 0.69999999999999996 0.31314954161643982 -0.1329246461391449  -0.82222121953964233         8 5 
262    0.059999999999999998 -0.23000000000000001 0.28999999999999998 0.025914294645190239 -0.13728225231170654  -0.79737144708633423         8 5 
263    0.33000000000000002 -0.29999999999999999 0.25 0 0  -0.80872064828872681         8 4 
264    -0.17999999999999999 0.12 0.38 0 0.37746664881706238  -0.79844599962234497         8 6 
265    0.080000000000000002 0.050000000000000003 0.87 0.066213101148605347 -0.34517201781272888  -0.8625330924987793         8 13 
266    0.82999999999999996 -0.050000000000000003 0 0 -0.40024948120117188  -0.75849395990371704         8 6 
267    -0.47999999999999998 -0.040000000000000001 0 0 0.15497030317783356  0.78430992364883423         8 7 
268    -1 0 0 0.21985028684139252 0.23429208993911743  -0.78914856910705566         8 5 
269    -0.38 -0.17999999999999999 0.23999999999999999 -0.14410857856273651 0  -0.84312683343887329         8 12 
270    -0.27000000000000002 -0.20000000000000001 0.33000000000000002 0 0.21834655106067657  -0.81412243843078613         8 9 
271    0.17000000000000001 0.46000000000000002 -0.27000000000000002 0 0  -0.81395184993743896         8 5 
272    -0.029999999999999999 -0.17000000000000001 0.54000000000000004 0 -0.25723898410797119  -0.87032246589660645         8 9 
273    -0.31 -0.66000000000000003 -0.029999999999999999 0.22897353768348694 0.041130620986223221  -0.77471160888671875         8 9 
274    -0.059999999999999998 -0.19 0.65000000000000002 0.10685762763023376 -0.040573187172412872  -0.80790555477142334         8 1 
275    0.14999999999999999 -0.02 0.28999999999999998 0.034037210047245026 -0.32085442543029785  -0.81557774543762207         8 9 
276    0.040000000000000001 0.050000000000000003 0.91000000000000003 0 -0.18485325574874878  -0.83021277189254761         8 3 
277    -0.02 -0.23999999999999999 0.10000000000000001 -0.2055605947971344 -0.10097365826368332  -0.81637626886367798         8 11 
278    0.33000000000000002 0.10000000000000001 0.51000000000000001 0.32936283946037292 -0.089301876723766327  -0.79891270399093628         8 5 
279    0.31 0.68999999999999995 0 0.30343669652938843 0  -0.77148741483688354         8 4 
280    0.13 0.070000000000000007 0.16 -0.29212102293968201 0.11911261826753616  -0.85844725370407104         8 9 
281    -0.31 -0.45000000000000001 0.20000000000000001 0 0  -0.79933696985244751         8 7 
282    -0.90000000000000002 -0.10000000000000001 0 -0.17562280595302582 -0.37384381890296936  -0.83536148071289062         8 9 
283    -0.059999999999999998 -0.72999999999999998 -0.20999999999999999 0.23600912094116211 0  -0.79021894931793213         8 7 
284    -0.10000000000000001 0.01 0.81000000000000005 0.25268599390983582 -0.082012973725795746  -0.80836987495422363         8 9 
285    0.070000000000000007 0.070000000000000007 0.54000000000000004 0.1923673003911972 0.20065762102603912  -0.81914198398590088         8 8 
286    0.16 0 0 0.21574382483959198 0.18875627219676971  -0.77195626497268677         8 2 
287    0.070000000000000007 0.040000000000000001 0.89000000000000001 0.40922817587852478 -0.062944799661636353  -0.86388838291168213         8 13 
288    -0.95999999999999996 -0.040000000000000001 0 0 0.18205149471759796  0.91621261835098267         8 6 
289    -0.20000000000000001 -0.23000000000000001 -0.31 -0.23898865282535553 0  -0.81692206859588623         8 11 
290    0.26000000000000001 -0.089999999999999997 -0.55000000000000004 0.10514006763696671 0  -0.82208484411239624         8 11 
291    0.20999999999999999 0.28000000000000003 0.46999999999999997 0.19844631850719452 0  -0.79186815023422241         8 5 
292    0.050000000000000003 -0.029999999999999999 0.32000000000000001 0.20463630557060242 0.20261521637439728  -0.80659061670303345         8 9 
293    0.28000000000000003 0.14000000000000001 0 -0.079696498811244965 0  0.31190159916877747         8 6 
294    0.51000000000000001 0.040000000000000001 0.45000000000000001 0.13013853132724762 -0.051575362682342529  -0.81021535396575928         8 5 
295    -0.71999999999999997 -0.28000000000000003 0 0 0.26965007185935974  -0.7642676830291748         8 6 
296    0.10000000000000001 -0.38 0.35999999999999999 0 0  -0.83916187286376953         8 5 
297    -0.14000000000000001 -0.059999999999999998 -0.16 0.32759204506874084 0  -0.80173248052597046         8 9 
298    -0.79000000000000004 -0.14999999999999999 -0.059999999999999998 -0.31927427649497986 0  -0.76856386661529541         8 6 
299    1 0 0 -0.41329669952392578 0  -0.87680476903915405         8 1 
300    -0.20999999999999999 0.14999999999999999 0.26000000000000001 -0.3949090838432312 0.067308589816093445  -0.82313591241836548         8 7 
301    -0.02 0.12 0.26000000000000001 0.0077003096230328083 0.22470159828662872  -0.80218732357025146         8 10 
302    0.050000000000000003 -0.31 0 0 -0.24121171236038208  -0.79118925333023071         8 9 
303    -0.080000000000000002 0.050000000000000003 0.17000000000000001 -0.14859220385551453 -0.24737192690372467  -0.79825383424758911         8 3 
304    0.20000000000000001 0.040000000000000001 0 0.034507416188716888 -0.10879874229431152  0.86147439479827881         8 3 
305    0.080000000000000002 0.92000000000000004 0 0.3398265540599823 0  -0.79538893699645996         8 3 
306    -0.029999999999999999 0.64000000000000001 -0.27000000000000002 0 0  -0.80325818061828613         8 8 
307    -0.059999999999999998 0.66000000000000003 0 -0.028045129030942917 0.33014711737632751  -0.78443259000778198         8 5 
308    0.71999999999999997 0 0 0.33303645253181458 0  0.99994063377380371         8 3 
309    0.12 0.059999999999999998 -0.80000000000000004 -0.17418724298477173 0.19711484014987946  -0.89818739891052246         8 6 
310    0.13 -0.73999999999999999 -0.01 -0.23615792393684387 -0.030771680176258087  -0.80382567644119263         8 7 
311    -0.080000000000000002 0.60999999999999999 0.050000000000000003 0.17252923548221588 0  -0.79100483655929565         8 6 
312    0.33000000000000002 0.01 -0.32000000000000001 0.30256962776184082 0  -0.70163339376449585         8 6 
313    0.56000000000000005 0.19 -0.14999999999999999 0 0  -0.82272052764892578         8 6 
314    -0.02 0.040000000000000001 0.52000000000000002 0.18879877030849457 -0.11876982450485229  -0.80926817655563354         8 8 
315    0.13 0.080000000000000002 0.79000000000000004 -0.277159184217453 0  -0.86137217283248901         8 13 
316    -0.16 -0.059999999999999998 0.059999999999999998 0.36965745687484741 0.041222818195819855  -0.73841965198516846         8 5 
317    0.62 -0.040000000000000001 0 -0.25761982798576355 0  0.8927885890007019         8 5 
318    -0.029999999999999999 0.070000000000000007 -0.64000000000000001 0 -0.12574176490306854  -0.79855936765670776         8 9 
319    0.080000000000000002 0.54000000000000004 0 -0.16332973539829254 0.2347821444272995  -0.78033256530761719         8 6 
320    -0.19 0.52000000000000002 0.17000000000000001 0 -0.17273588478565216  -0.78825372457504272         8 5 
321    0.17999999999999999 -0.12 -0.28000000000000003 -0.18164020776748657 0.03104347363114357  -0.78987658023834229         8 8 
322    0.28999999999999998 -0.20000000000000001 -0.31 0.078346021473407745 0.17621947824954987  -0.79470294713973999         8 1 
323    0.040000000000000001 0.14000000000000001 0.22 -0.23303508758544922 0.0033031976781785488  -0.83497583866119385         8 9 
324    -0.19 0.44 -0.14999999999999999 0.10873076319694519 0.086921624839305878  -0.78654921054840088         8 7 
325    -0.20000000000000001 -0.54000000000000004 -0.26000000000000001 0.24124829471111298 0  -0.78954219818115234         8 3 
326    0.080000000000000002 -0.059999999999999998 0 0 0  0.87258690595626831         8 6 
327    -0.029999999999999999 -0.040000000000000001 0.33000000000000002 0 -0.48351234197616577  -0.87332445383071899         8 8 
328    0.080000000000000002 0.92000000000000004 0 0.14667204022407532 -0.21733270585536957  -0.82709789276123047         8 3 
329    0.089999999999999997 0.070000000000000007 0 -0.14749236404895782 0  0.87976974248886108         8 7 
330    -0.22 -0.73999999999999999 -0.040000000000000001 -0.23816469311714172 0  -0.78378695249557495         8 2 
331    0.059999999999999998 -0.070000000000000007 -0.63 0.07744540274143219 0.18278384208679199  0.1563895046710968         8 8 
332    -0.059999999999999998 -0.029999999999999999 -0.51000000000000001 -0.15085887908935547 0.14954887330532074  -0.83927261829376221         8 10 
333    0.050000000000000003 0.65000000000000002 0.29999999999999999 -0.06247512623667717 0  -0.79665112495422363         8 3 
334    0.040000000000000001 0.80000000000000004 0 0 -0.2312714159488678  -0.77527618408203125         8 2 
335    -0.23000000000000001 -0.48999999999999999 -0.23999999999999999 -0.16779614984989166 0.21621730923652649  -0.79448026418685913         8 3 
336    0.13 -0.02 -0.79000000000000004 -0.20595234632492065 0  -0.82963937520980835         8 9 
337    -0.01 -0.42999999999999999 0 0 0.23364925384521484  -0.775626540184021         8 3 
338    -0.040000000000000001 -0.95999999999999996 0 0 0.27542781829833984  -0.82000178098678589         8 9 
339    0.72999999999999998 0.089999999999999997 0.17999999999999999 0.058000776916742325 0  -0.79060155153274536         8 9 
340    0.050000000000000003 0.12 0.81000000000000005 -0.2640666663646698 -0.15583245456218719  -0.84281641244888306         8 4 
341    -0.070000000000000007 0.02 -0.53000000000000003 0.33046725392341614 0  -0.86957615613937378         8 11 
342    -0.25 -0.70999999999999996 0 0 0  0.29957416653633118         8 7 
343    0.10000000000000001 0.14999999999999999 0.48999999999999999 -0.11528068780899048 0.14465770125389099  -0.8224366307258606         8 8 
344    0.51000000000000001 -0.050000000000000003 0 0 -0.43415537476539612  0.90627413988113403         8 3 
345    -0.28999999999999998 -0.22 -0.17000000000000001 -0.41829013824462891 0  -0.85328835248947144         8 4 
346    0.20000000000000001 0.059999999999999998 -0.57999999999999996 0 0.1348087340593338  -0.81557971239089966         8 5 
347    -0.17000000000000001 0.22 0.46999999999999997 0 -0.22480078041553497  -0.81110465526580811         8 5 
348    -0.089999999999999997 0.01 0.22 0.1559060662984848 0  -0.76634693145751953         8 9 
349    0.32000000000000001 0.059999999999999998 0.62 -0.1611616462469101 0.028108896687626839  -0.91094005107879639         8 5 
350    0.35999999999999999 -0.040000000000000001 0 0 0  0.93174117803573608         8 9 
351    0.16 -0.080000000000000002 -0.46000000000000002 -0.085455358028411865 0  -0.80207586288452148         8 14 
352    -0.16 -0.17000000000000001 0.27000000000000002 0.28250661492347717 -0.047856062650680542  -0.80441278219223022         8 6 
353    -0.14000000000000001 -0.85999999999999999 0 -0.35411819815635681 0  -0.85686063766479492         8 5 
354    -0.11 0.37 0.23999999999999999 0 0.33222758769989014  -0.79706823825836182         8 4 
355    -0.059999999999999998 -0.059999999999999998 0.83999999999999997 0 0.36966073513031006  -0.93016576766967773         8 2 
356    -0.040000000000000001 -0.38 -0.57999999999999996 -0.27216625213623047 0.039374493062496185  -0.87246924638748169         8 6 
357    0.29999999999999999 0.11 0.13 0.20373170077800751 0  -0.80463343858718872         8 3 
358    0.41999999999999998 0.33000000000000002 0.25 0.20445668697357178 0  -0.78581064939498901         8 4 
359    0.23000000000000001 0.11 0.66000000000000003 0 -0.529335618019104  -0.88256466388702393         8 12 
360    0.070000000000000007 -0.19 -0.56000000000000005 0 -0.16286572813987732  -0.81517982482910156         8 11 
361    -0.56000000000000005 -0.44 0 -0.20038256049156189 -0.16396833956241608  -0.78113001585006714         8 1 
362    0.19 0.56000000000000005 0.25 0 0.2583334743976593  -0.81056994199752808         8 5 
363    0.059999999999999998 -0.34999999999999998 -0.01 -0.37948703765869141 0.15556895732879639  -0.8100324273109436         8 9 
364    -0.12 0.20000000000000001 0.47999999999999998 0.055306337773799896 0.19072361290454865  -0.82660847902297974         8 4 
365    -0.56000000000000005 0.040000000000000001 0 0 0.341021329164505  0.89948201179504395         8 4 
366    -0.29999999999999999 0 0 0.24015569686889648 0  0.91846054792404175         8 7 
367    -0.20000000000000001 -0.14000000000000001 0 0 0  0.83651524782180786         8 8 
368    0.11 0.29999999999999999 -0.42999999999999999 0.0042140195146203041 0  0.18695729970932007         8 10 
369    0.16 0.31 0.53000000000000003 0 0.28007453680038452  -0.83427423238754272         8 6 
370    0.41999999999999998 0.10000000000000001 0.26000000000000001 0.31198155879974365 -0.22210116684436798  -0.8273240327835083         8 6 
371    -0.02 0.10000000000000001 0.35999999999999999 0.15512914955615997 -0.23312002420425415  -0.84878790378570557         8 11 
372    -0.52000000000000002 -0.19 -0.20999999999999999 -0.25849243998527527 -0.059954915195703506  -0.7798035740852356         8 5 
373    -0.029999999999999999 -0.02 -0.40999999999999998 -0.41521412134170532 0  -0.82722389698028564         8 14 
374    -0.46999999999999997 0.059999999999999998 0.34999999999999998 0.18328188359737396 0  -0.78279054164886475         8 7 
375    -0.01 -0.20999999999999999 -0.71999999999999997 0.34105783700942993 0.035485491156578064  -0.85365849733352661         8 9 
376    0.14000000000000001 0.85999999999999999 0 0.17778027057647705 0  -0.7816736102104187         8 6 
377    -0.059999999999999998 -0.16 -0.16 -0.20638003945350647 -0.20925959944725037  -0.85999816656112671         8 7 
378    -0.10000000000000001 0.56000000000000005 -0.02 -0.27164953947067261 0.13763350248336792  -0.82404184341430664         8 8 
379    -0.02 -0.11 0.070000000000000007 -0.28762668371200562 0.11848612874746323  -0.82013165950775146         8 12 
380    0.050000000000000003 0.080000000000000002 0.60999999999999999 0.35033887624740601 0  -0.8072437047958374         8 10 
381    0.42999999999999999 0.40999999999999998 0.16 0 0  0.25680595636367798         8 7 
382    -0.050000000000000003 0.80000000000000004 0.029999999999999999 -0.23541659116744995 0.060025840997695923  -0.7986716628074646         8 11 
383    -0.27000000000000002 0.33000000000000002 0 0 -0.10234168171882629  -0.78561192750930786         8 10 
384    -0.5 -0.040000000000000001 -0.44 0.30132931470870972 0  -0.81764227151870728         8 10 
385    -0.12 -0.23000000000000001 0.28999999999999998 -0.29294309020042419 0  -0.81436556577682495         8 10 
386    0.22 -0.14000000000000001 -0.32000000000000001 0 0.31876778602600098  -0.8224295973777771         8 5 
387    0.81000000000000005 0.19 0 -0.071571782231330872 0.36638104915618896  0.50701612234115601         8 8 
388    0.13 0.17999999999999999 -0.23000000000000001 0.19229912757873535 -0.15173041820526123  -0.81914329528808594         8 4 
389    -0.28999999999999998 0.28999999999999998 0 -0.25585311651229858 0  -0.77292156219482422         8 6 
390    -0.070000000000000007 -0.64000000000000001 -0.28999999999999998 -0.20402710139751434 0.16505703330039978  -0.84461933374404907         8 7 
391    -0.59999999999999998 -0.029999999999999999 0.19 0 0.082496769726276398  -0.80312812328338623         8 5 
392    -0.11 -0.40000000000000002 -0.48999999999999999 0.29586869478225708 0.19346171617507935  -0.81620776653289795         8 6 
393    -0.080000000000000002 0.080000000000000002 0 0 0  0.86639708280563354         8 6 
394    0.77000000000000002 -0.089999999999999997 0 0 0.28420478105545044  -0.75286644697189331         8 7 
395    -0.02 0.46000000000000002 0.20000000000000001 -0.0081984410062432289 -0.29565975069999695  -0.78652596473693848         8 2 
396    -0.029999999999999999 -0.089999999999999997 -0.23999999999999999 -0.19310212135314941 0.27008023858070374  -0.78152275085449219         8 5 
397    -0.040000000000000001 0.14000000000000001 0.57999999999999996 0.053984485566616058 -0.34937447309494019  -0.83299219608306885         8 10 
398    0.080000000000000002 0.38 0.17999999999999999 -0.066061064600944519 0.28582105040550232  -0.80904221534729004         8 7 
399    -0.16 0.19 -0.48999999999999999 0 0  -0.80047720670700073         8 5 
400    -0.46000000000000002 -0.25 0.20999999999999999 0.0040751933120191097 0  -0.61208212375640869         8 8 
401    -0.029999999999999999 -0.96999999999999997 0 0 -0.10339479893445969  -0.77447217702865601         8 6 
402    0.60999999999999999 -0.029999999999999999 0 0 -0.22141414880752563  0.845664381980896         8 7 
403    -0.10000000000000001 0 0 0.1724705696105957 0  0.9112858772277832         8 6 
404    1 0 0 0.33294567465782166 0  0.99992245435714722         8 2 
405    0.32000000000000001 -0.28000000000000003 -0.12 0.26746407151222229 -0.12514446675777435  -0.80140525102615356         8 8 
406    -0.029999999999999999 -0.46000000000000002 -0.51000000000000001 0.038967441767454147 0.11679776012897491  -0.80778312683105469         8 5 
407    -0.040000000000000001 -0.11 -0.39000000000000001 -0.18627023696899414 -0.14011508226394653  -0.80610531568527222         8 3 
408    -0.17000000000000001 0.75 0 0 -0.18705852329730988  -0.79234099388122559         8 4 
409    0.059999999999999998 0.10000000000000001 -0.28000000000000003 0.25360563397407532 0  -0.73989611864089966         8 3 
410    -1 0 0 0 0.0010378076694905758  0.92465353012084961         8 5 
411    0.29999999999999999 0.11 -0.17000000000000001 -0.35797321796417236 -0.16984418034553528  -0.80173611640930176         8 7 
412    -0.26000000000000001 0.040000000000000001 -0.40000000000000002 0 0  -0.71077710390090942         8 8 
413    0.070000000000000007 0.23999999999999999 0.27000000000000002 -0.18710623681545258 -0.26823693513870239  -0.83142316341400146         8 6 
414    -0.28000000000000003 -0.059999999999999998 -0.66000000000000003 -0.11529146879911423 0.27612400054931641  -0.84326869249343872         8 4 
415    -0.13 -0.33000000000000002 -0.22 0.10014233738183975 0  -0.72491484880447388         8 5 
416    -0.040000000000000001 -0.089999999999999997 -0.87 0.14143775403499603 -0.1865873783826828  -0.86158859729766846         8 9 
417    0.070000000000000007 -0.01 0 0 0.33980381488800049  -0.70928740501403809         8 5 
418    -0.68000000000000005 0.14000000000000001 0 0 -0.39691472053527832  0.54843318462371826         8 5 
419    -0.17000000000000001 -0.19 -0.12 0 -0.44453316926956177  -0.80947774648666382         8 5 
420    0.029999999999999999 0.34999999999999998 0.62 0 -0.42210099101066589  -0.83744066953659058         8 6 
421    0.28000000000000003 0.59999999999999998 0.12 -0.34442967176437378 0  -0.79400479793548584         8 2 
422    0.32000000000000001 -0.040000000000000001 -0.57999999999999996 0 0.22596168518066406  -0.82462888956069946         8 6 
423    0.089999999999999997 -0.44 -0.37 0.21194069087505341 0  -0.79845046997070312         8 10 
424    0.28999999999999998 0.35999999999999999 0.34999999999999998 0.093423977494239807 -0.038738757371902466  -0.79904228448867798         8 7 
425    0.28999999999999998 0.48999999999999999 0.22 -0.18498127162456512 0  -0.79943609237670898         8 6 
426    0.13 0.55000000000000004 0.32000000000000001 0 -0.12189900130033493  -0.79664772748947144         8 13 
427    -0.070000000000000007 0.84999999999999998 0 0.169645756483078 -0.0065437559969723225  -0.80364573001861572         8 5 
428    0.26000000000000001 0.089999999999999997 -0.25 0.09455331414937973 0.1518738716840744  -0.79468035697937012         8 9 
429    -0.080000000000000002 -0.089999999999999997 0.68999999999999995 0.016478762030601501 0.26345416903495789  -0.87415194511413574         8 6 
430    0.040000000000000001 0.029999999999999999 -0.27000000000000002 0 0.10550271719694138  -0.79736071825027466         8 6 
431    -0.44 0.070000000000000007 0.45000000000000001 -0.10297182947397232 0  -0.80106151103973389         8 13 
432    0.10000000000000001 0.050000000000000003 0.84999999999999998 0 0.28317543864250183  -0.87053763866424561         8 4 
433    0.13 -0.81000000000000005 0 0 0.22753262519836426  -0.77783918380737305         8 9 
434    -0.59999999999999998 -0.20000000000000001 0 -0.27119389176368713 0.071097336709499359  0.30468055605888367         8 4 
435    -0.20999999999999999 -0.23000000000000001 0.02 -0.19796374440193176 -0.042960934340953827  -0.78144979476928711         8 4 
436    -0.35999999999999999 -0.22 -0.41999999999999998 0.20676545798778534 0  -0.7985348105430603         8 7 
437    0.35999999999999999 -0.46000000000000002 0 0 0  -0.66327148675918579         8 7 
438    -0.20000000000000001 -0.41999999999999998 -0.34000000000000002 -0.12844131886959076 0  -0.81145459413528442         8 4 
439    0.02 0.070000000000000007 0.81000000000000005 0.2700764536857605 -0.22145536541938782  -0.83238345384597778         8 4 
440    -0.14999999999999999 0.39000000000000001 0.35999999999999999 0 -0.17592713236808777  -0.79645586013793945         8 5 
441    -0.17000000000000001 -0.029999999999999999 -0.44 -0.035267729312181473 0.4152657687664032  -0.88514304161071777         8 10 
442    0.050000000000000003 0.40999999999999998 0.54000000000000004 0.20282907783985138 0  -0.80347007513046265         8 4 
443    -0.16 0.22 0 -0.12064971774816513 0  -0.784324049949646         8 6 
444    -0.31 -0.34000000000000002 0.11 0 -0.11337042599916458  -0.7872655987739563         8 4 
445    -0.34000000000000002 -0.47999999999999998 0 0 -0.0059616225771605968  0.4178600013256073         8 8 
446    0.059999999999999998 -0.23000000000000001 0.34999999999999998 -0.2249542623758316 0  -0.82015645503997803         8 11 
447    -0.23000000000000001 0.11 0 -0.27645692229270935 0  0.37878721952438354         8 5 
448    -0.13 0.82999999999999996 0 0 0.13754726946353912  -0.80108243227005005         8 4 
449    0.54000000000000004 0 0 0 0  0.92043322324752808         8 6 
450    -0.28000000000000003 0 0 -0.49922698736190796 -0.021843397989869118  -0.89404809474945068         8 5 
451    0.050000000000000003 -0.13 -0.29999999999999999 0.145191490650177 -0.11602795124053955  -0.79748570919036865         8 8 
452    0.14000000000000001 0.17000000000000001 -0.51000000000000001 0.35298052430152893 0  -0.84109699726104736         8 7 
453    -0.19 0.13 0.56000000000000005 -0.27430647611618042 0  -0.85331934690475464         8 7 
454    -0.089999999999999997 0.20000000000000001 -0.33000000000000002 0.064379245042800903 0  -0.81277197599411011         8 10 
455    -0.029999999999999999 -0.14000000000000001 -0.82999999999999996 -0.32249742746353149 0  -0.88587933778762817         8 12 
456    0.16 -0.23999999999999999 -0.44 -0.41528785228729248 0.2588636577129364  -0.87319076061248779         8 5 
457    0.070000000000000007 -0.040000000000000001 -0.56999999999999995 -0.058552376925945282 0.37841469049453735  -0.85710752010345459         8 13 
458    -0.25 0.20000000000000001 -0.27000000000000002 0 -0.19936706125736237  -0.83205109834671021         8 3 
459    -0.089999999999999997 0.01 -0.26000000000000001 0.19269886612892151 -0.095079779624938965  -0.7945173978805542         8 11 
460    0.10000000000000001 -0.19 -0.70999999999999996 0.05677051842212677 0  -0.83790117502212524         8 8 
461    0.12 -0.63 -0.19 0 0  -0.79353600740432739         8 13 
462    -0.13 0.070000000000000007 0.23999999999999999 0.023847699165344238 -0.32170644402503967  -0.81016641855239868         8 12 
463    0.44 0.050000000000000003 0.20999999999999999 0 0.11321856826543808  -0.78865242004394531         8 5 
464    0.070000000000000007 0.25 -0.41999999999999998 0.21665677428245544 0.19976930320262909  -0.85794681310653687         8 10 
465    0.59999999999999998 0.13 0.27000000000000002 0.34940773248672485 -0.025389399379491806  -0.71755599975585938         8 5 
466    -0.19 -0.14000000000000001 -0.13 0 -0.15518969297409058  -0.80293309688568115         8 4 
467    0.040000000000000001 -0.080000000000000002 -0.56000000000000005 -0.24417147040367126 -0.10259027034044266  -0.84290772676467896         8 7 
468    0.20000000000000001 0.57999999999999996 0 -0.23346349596977234 0.10545576363801956  -0.77427679300308228         8 11 
469    0.56999999999999995 0.16 0.01 -0.24665959179401398 0  0.54082310199737549         8 6 
470    0.23000000000000001 0.11 0.66000000000000003 0 0.13023094832897186  -0.80691415071487427         8 8 
471    -0.17999999999999999 -0.20000000000000001 -0.47999999999999998 0.27940165996551514 0.27781707048416138  -0.81569308042526245         8 4 
472    0.32000000000000001 0.19 0.14999999999999999 -0.29140761494636536 -0.029911307618021965  -0.78771889209747314         8 5 
473    -0.20999999999999999 -0.51000000000000001 -0.20000000000000001 0.024775756523013115 0.31245464086532593  -0.80335479974746704         8 7 
474    0.51000000000000001 -0.28999999999999998 0 0 -0.012753749266266823  0.76649898290634155         8 6 
475    -0.88 -0.12 0 0.14103801548480988 0.015834299847483635  -0.68848079442977905         8 5 
476    -0.16 -0.83999999999999997 0 0.25939834117889404 0  -0.7715911865234375         8 3 
477    0.73999999999999999 -0.02 0 0 0.026715448126196861  0.89473217725753784         8 7 
478    -0.23999999999999999 0.02 0.66000000000000003 0 -0.27276065945625305  -0.81674379110336304         8 8 
479    0.11 0.20999999999999999 -0.14000000000000001 0 -0.28006625175476074  -0.82882136106491089         8 5 
480    0.19 0.02 -0.27000000000000002 0.165090411901474 -0.072059303522109985  -0.76573801040649414         8 9 
481    -0.71999999999999997 -0.28000000000000003 0 0 -0.33945778012275696  -0.77209997177124023         8 1 
482    -0.19 -0.059999999999999998 -0.75 -0.054900012910366058 -0.10797242075204849  -0.82248157262802124         8 5 
483    -0.029999999999999999 -0.47999999999999998 0.27000000000000002 0.19645598530769348 0  -0.79359567165374756         8 12 
484    0.14000000000000001 -0.16 -0.16 -0.31176790595054626 -0.17233927547931671  -0.78097373247146606         8 5 
485    0.42999999999999999 0.20999999999999999 0 -0.14986637234687805 -0.033650882542133331  -0.76585692167282104         8 7 
486    0.40000000000000002 0.23000000000000001 0.070000000000000007 0 0.39380210638046265  -0.82436835765838623         8 5 
487    -0.77000000000000002 -0.059999999999999998 -0.17000000000000001 0 0.029054043814539909  -0.76646065711975098         8 8 
488    -0.029999999999999999 -0.96999999999999997 0 -0.26197689771652222 0  -0.83628731966018677         8 4 
489    -0.089999999999999997 0.32000000000000001 0.46999999999999997 -0.20399115979671478 0.13772274553775787  -0.81932306289672852         8 5 
490    0.13 0.42999999999999999 0.29999999999999999 0.11488401144742966 -0.3160347044467926  -0.80085527896881104         8 6 
491    -0.57999999999999996 0 0 0 0  0.94349491596221924         8 4 
492    -0.059999999999999998 0.14999999999999999 0.42999999999999999 0.13245841860771179 0  -0.80976808071136475         8 12 
493    -0.02 -0.089999999999999997 -0.51000000000000001 0.21027997136116028 0.065259113907814026  -0.81001275777816772         8 13 
494    -0.02 0.14000000000000001 0 0 -0.239352747797966  0.49951460957527161         8 8 
495    -0.70999999999999996 -0.28999999999999998 0 0 0  0.75950396060943604         8 7 
496    0.56000000000000005 -0.089999999999999997 -0.070000000000000007 0 0.15226876735687256  0.81026524305343628         8 11 
497    0.16 0.16 0.66000000000000003 -0.239053875207901 -0.17763924598693848  -0.86500358581542969         8 9 
498    0.42999999999999999 0.56999999999999995 0 -0.18599888682365417 0.16396860778331757  -0.78145551681518555         8 6 
499    -0.13 -0.11 -0.76000000000000001 -0.45823487639427185 0  -0.87921178340911865         8 8 
500    0.070000000000000007 0.93000000000000005 0 0 -0.49696174263954163  -0.84987592697143555         8 9 
501    1 0 0 0 -0.06673663854598999  0.89956527948379517         8 10 
502    -0.080000000000000002 0.68000000000000005 -0.10000000000000001 0.074893541634082794 0.090532615780830383  -0.79159414768218994         8 8 
503    -0.040000000000000001 -0.64000000000000001 0 -0.030176492407917976 -0.13011574745178223  -0.7657809853553772         8 8 
504    -0.13 -0.26000000000000001 -0.27000000000000002 0 0.48800799250602722  -0.86216527223587036         8 9 
505    -0.48999999999999999 0.070000000000000007 0.080000000000000002 -0.14674229919910431 0  0.40407729148864746         8 7 
506    0.5 0.040000000000000001 -0.20000000000000001 -0.13811337947845459 0.095854699611663818  0.49100440740585327         8 3 
507    -0.059999999999999998 0.48999999999999999 -0.23000000000000001 0.068508327007293701 -0.085532315075397491  -0.81578069925308228         8 7 
508    -0.059999999999999998 -0.63 -0.11 -0.093775995075702667 0.34669697284698486  -0.80477428436279297         8 7 
509    -0.26000000000000001 0.58999999999999997 0.050000000000000003 -0.26765462756156921 0  -0.80843275785446167         8 7 
510    0.31 0.39000000000000001 0.040000000000000001 0.20517618954181671 0.1422005295753479  -0.77649331092834473         8 5 
511    -0.029999999999999999 -0.56999999999999995 -0.40000000000000002 0 -0.11642495542764664  -0.80715698003768921         8 5 
512    0.34000000000000002 0.44 0 0 0.25919318199157715  -0.78913748264312744         8 4 
513    0.40999999999999998 0.44 0.14999999999999999 0.46734961867332458 0  -0.79286020994186401         8 3 
514    -0.070000000000000007 -0.23999999999999999 -0.68999999999999995 -0.1780521422624588 0  -0.85365927219390869         8 8 
515    -0.13 -0.35999999999999999 -0.51000000000000001 0 0  -0.79961502552032471         8 6 
516    0.83999999999999997 0.16 0 0 0.19107387959957123  -0.76685655117034912         8 3 
517    0.029999999999999999 0.39000000000000001 0.57999999999999996 0 -0.12244001030921936  -0.81304341554641724         8 3 
518    0.17999999999999999 0.81999999999999995 0 0.33233153820037842 -0.44862404465675354  -0.77467799186706543         8 10 
519    -0.42999999999999999 -0.28000000000000003 -0.28999999999999998 -0.15075568854808807 0.14651009440422058  -0.83117443323135376         8 4 
520    -0.17999999999999999 -0.23999999999999999 -0.54000000000000004 -0.38742727041244507 0  -0.82393240928649902         8 13 
521    0.20999999999999999 -0.040000000000000001 -0.60999999999999999 0 -0.1530732661485672  -0.8355104923248291         8 6 
522    0.059999999999999998 0.46000000000000002 -0.29999999999999999 0 0.30754595994949341  -0.84037452936172485         8 12 
523    -0.01 0.23000000000000001 -0.16 0.29581555724143982 0  -0.77854341268539429         8 8 
524    0.10000000000000001 0 0 0.23141862452030182 -0.088605739176273346  0.53449493646621704         8 5 
525    1 0 0 0 -0.32550185918807983  -0.82065868377685547         8 0 
526    -0.16 -0.35999999999999999 0 -0.059843186289072037 -0.019365200772881508  0.2843959629535675         8 7 
527    0.040000000000000001 -0.20999999999999999 0.46999999999999997 0 0  -0.8352237343788147         8 4 
528    -0.35999999999999999 -0.080000000000000002 -0.56000000000000005 0.22774162888526917 0  -0.80723822116851807         8 4 
529    -0.34000000000000002 -0.16 0 0.23956325650215149 -0.1025836318731308  -0.76836234331130981         8 7 
530    -0.089999999999999997 0.38 -0.070000000000000007 0.38412356376647949 0  -0.78381258249282837         8 10 
531    0.059999999999999998 0.089999999999999997 0.84999999999999998 0.24201835691928864 0  -0.83067876100540161         8 2 
532    0.20999999999999999 0.41999999999999998 -0.089999999999999997 0 0.16204354166984558  -0.77804553508758545         8 8 
533    0.029999999999999999 0.029999999999999999 0.93999999999999995 -0.23146297037601471 0  -0.8481563925743103         8 12 
534    0.31 -0.63 0 0.057561054825782776 -0.10716233402490616  -0.77737557888031006         8 4 
535    -0.53000000000000003 -0.46999999999999997 0 0 0  0.38237079977989197         8 7 
536    -0.20999999999999999 0.45000000000000001 0.059999999999999998 0 0.16943299770355225  -0.77741843461990356         8 6 
537    0.56000000000000005 0.20999999999999999 0.23000000000000001 0 -0.33585897088050842  -0.78818011283874512         8 2 
538    0.13 0.14999999999999999 0.71999999999999997 0.13792164623737335 0  -0.80838114023208618         8 4 
539    -0.059999999999999998 0.029999999999999999 -0.40999999999999998 0.044871293008327484 0  -0.78472036123275757         8 11 
540    -0.39000000000000001 -0.080000000000000002 -0.20999999999999999 0.092517837882041931 -0.29504707455635071  -0.79247415065765381         8 8 
541    0.32000000000000001 -0.059999999999999998 0 0 0.28688600659370422  0.85732460021972656         8 5 
542    -0.31 -0.029999999999999999 0.29999999999999999 0 0.31337064504623413  -0.87272000312805176         8 3 
543    0.20999999999999999 -0.089999999999999997 0 -0.16814589500427246 -0.029786664992570877  0.86310702562332153         8 6 
544    0.089999999999999997 0.10000000000000001 0.31 0.47375151515007019 -0.15630681812763214  -0.83267712593078613         8 9 
545    -1 0 0 -0.33163803815841675 0.078955709934234619  -0.86140793561935425         8 8 
546    -0.46999999999999997 -0.23000000000000001 -0.12 0 0.16197735071182251  -0.77691620588302612         8 6 
547    0.80000000000000004 -0.059999999999999998 0 -0.25262296199798584 0  0.69392108917236328         8 4 
548    0.40000000000000002 0 0 0.3929334282875061 0  0.27159309387207031         8 4 
549    0.66000000000000003 0 0 -0.45678403973579407 0  -0.88550221920013428         8 5 
550    0.22 0.20999999999999999 -0.089999999999999997 0 0.13931988179683685  -0.78350812196731567         8 3 
551    0.23000000000000001 0.22 -0.46999999999999997 0 -0.13592539727687836  -0.82638227939605713         8 9 
552    -0.46000000000000002 -0.23999999999999999 -0.14000000000000001 0.14828751981258392 0.018180062994360924  -0.70329874753952026         8 6 
553    -0.19 -0.54000000000000004 -0.27000000000000002 0 -0.23941341042518616  -0.79146963357925415         8 4 
554    0.11 0.37 0.28000000000000003 -0.083306096494197845 -0.13353852927684784  -0.81571346521377563         8 4 
555    0.34999999999999998 -0.20999999999999999 -0.12 0 -0.1148499995470047  -0.80315816402435303         8 12 
556    -0.12 -0.38 0 0.18483066558837891 0  -0.77732157707214355         8 8 
557    -0.28000000000000003 -0.56999999999999995 -0.14999999999999999 0.11479082703590393 0  -0.79078030586242676         8 4 
558    0.13 0.60999999999999999 0.26000000000000001 -0.36789017915725708 0  -0.81859350204467773         8 2 
559    -0.13 0.20999999999999999 -0.29999999999999999 -0.087086774408817291 0.26981538534164429  -0.83708822727203369         8 9 
560    0.02 0.20000000000000001 0 -0.19776348769664764 0.13670250773429871  -0.79969871044158936         8 6 
561    -0.089999999999999997 0.31 0 -0.053924869745969772 -0.13338987529277802  -0.77798336744308472         8 6 
562    0.22 0.14999999999999999 -0.28999999999999998 -0.02596532367169857 -0.13156455755233765  -0.83702659606933594         8 12 
563    -0.27000000000000002 -0.44 -0.28999999999999998 0.094887122511863708 0  -0.79767346382141113         8 5 
564    -0.050000000000000003 0.14999999999999999 0.16 0.1522575169801712 -0.34907558560371399  -0.82010525465011597         8 4 
565    0.040000000000000001 -0.26000000000000001 -0.29999999999999999 -0.54924184083938599 0.062426507472991943  -0.87170451879501343         8 11 
566    0.45000000000000001 0.10000000000000001 0.45000000000000001 -0.10214801132678986 0  -0.80106371641159058         8 13 
567    -0.059999999999999998 0.25 -0.34999999999999998 0 -0.28269603848457336  -0.81709194183349609         8 7 
568    -0.089999999999999997 0.34000000000000002 -0.23000000000000001 0 0  -0.80487966537475586         8 7 
569    1 0 0 -0.25289872288703918 -0.2664237916469574  -0.85626703500747681         8 4 
570    0.40999999999999998 0.089999999999999997 -0.40000000000000002 0.0048243370838463306 0  -0.82864218950271606         8 7 
571    0.44 0 0 0.15930908918380737 0.21099153161048889  -0.78217858076095581         8 2 
572    -0.12 0.17999999999999999 0.16 0 0  0.49835097789764404         8 8 
573    1 0 0 -0.18981632590293884 0.1573655903339386  -0.8328016996383667         8 3 
574    -0.23999999999999999 0.02 0.35999999999999999 0 0.13355118036270142  -0.81411463022232056         8 10 
575    -0.070000000000000007 -0.16 -0.31 0 -0.22596120834350586  -0.81483429670333862         8 12 
576    -0.080000000000000002 -0.029999999999999999 0.79000000000000004 0.1905960887670517 0.16161002218723297  -0.81783372163772583         8 11 
577    -0.029999999999999999 -0.14000000000000001 0.82999999999999996 0 -0.023796385154128075  -0.85334891080856323         8 9 
578    -0.070000000000000007 0.10000000000000001 -0.20999999999999999 -0.31674769520759583 -0.040173660963773727  -0.86675924062728882         8 5 
579    -0.029999999999999999 -0.029999999999999999 -0.93999999999999995 -0.057471450418233871 0  -0.81701236963272095         8 5 
580    -0.14000000000000001 -0.85999999999999999 0 -0.11739066988229752 0  -0.77702820301055908         8 10 
581    -0.91000000000000003 -0.089999999999999997 0 -0.10004179179668427 -0.13687381148338318  -0.76559931039810181         8 6 
582    0.02 -0.38 -0.16 0 0  -0.77150297164916992         8 4 
583    -0.28999999999999998 0.20000000000000001 0.19 0.29130885004997253 -0.10805918276309967  -0.77798020839691162         8 8 
584    -0.25 0.46999999999999997 0.02 0.14708296954631805 0  -0.79064279794692993         8 5 
585    -0.22 -0.080000000000000002 0 0 0.37641444802284241  -0.79263120889663696         8 7 
586    0 0.089999999999999997 0.13 0 -0.1233561709523201  0.42407071590423584         8 5 
587    0.54000000000000004 0.46000000000000002 0 0.26538214087486267 0  -0.76328873634338379         8 2 
588    0.070000000000000007 0.31 0 0.1641099601984024 0  -0.75646579265594482         8 7 
589    0.12 0.54000000000000004 -0.10000000000000001 0.082288570702075958 0.06401640921831131  -0.79039978981018066         8 3 
590    -0.02 0 0 0.08991551399230957 0.17816326022148132  0.57468098402023315         8 6 
591    -0.040000000000000001 -0.25 0.13 -0.22257757186889648 -0.3063637912273407  -0.79692864418029785         8 7 
592    -0.57999999999999996 0.070000000000000007 0.34999999999999998 0 0.018137160688638687  -0.81337910890579224         8 8 
593    0.51000000000000001 0.040000000000000001 -0.23000000000000001 0 -0.10024981200695038  -0.82281392812728882         8 5 
594    0.32000000000000001 0.68000000000000005 0 0.13697271049022675 -0.12139094620943069  -0.77364641427993774         8 5 
595    0.080000000000000002 0.39000000000000001 0.27000000000000002 0 0.10229425132274628  -0.79939472675323486         8 5 
596    -0.22 0.23999999999999999 0.26000000000000001 0.18586215376853943 0  -0.81528282165527344         8 4 
597    -0.42999999999999999 -0.089999999999999997 0 -0.16795441508293152 0  0.86953222751617432         8 5 
598    -0.20999999999999999 -0.050000000000000003 0.66000000000000003 0 0.091849744319915771  -0.87012863159179688         8 4 
599    -0.23999999999999999 0.57999999999999996 0.17999999999999999 0 0  -0.8153151273727417         8 2 
600    0.080000000000000002 0.22 0 0 -0.034453026950359344  0.6320425271987915         8 7 
601    0.080000000000000002 0.29999999999999999 0 0 0.24278163909912109  -0.80078732967376709         8 8 
602    0.080000000000000002 0.040000000000000001 0 0 -0.40519273281097412  0.53308451175689697         8 5 
603    0.02 0.17999999999999999 -0.28000000000000003 -0.22384385764598846 0.24148806929588318  -0.83956879377365112         8 8 
604    0.56000000000000005 0.22 0 -0.001589758787304163 -0.17687734961509705  0.45866140723228455         8 7 
605    0.88 0 0 0.25103086233139038 -0.28425225615501404  -0.74802559614181519         8 4 
606    0.39000000000000001 -0.16 -0.050000000000000003 -0.30971205234527588 0  -0.75852459669113159         8 4 
607    -0.23999999999999999 0.71999999999999997 0 0 0  -0.78437846899032593         8 3 
608    0.23999999999999999 0.17999999999999999 0.57999999999999996 0.22752244770526886 -0.1723637729883194  -0.81230926513671875         8 11 
609    0.56000000000000005 0 0 0.20671746134757996 0  -0.75280171632766724         8 8 
610    -0.02 -0.029999999999999999 0.31 -0.23821260035037994 0  -0.84703624248504639         8 2 
611    -0.34999999999999998 -0.23000000000000001 -0.32000000000000001 0.019207345321774483 0.02115994319319725  -0.71494174003601074         8 8 
612    0.31 0.11 0 -0.36691120266914368 0  -0.75827550888061523         8 7 
613    -0.47999999999999998 -0.52000000000000002 0 0 0.18521349132061005  -0.81933444738388062         8 2 
614    -0.40000000000000002 0 0 -0.40067797899246216 -0.16887307167053223  -0.87798225879669189         8 5 
615    -0.27000000000000002 -0.080000000000000002 -0.25 0 0  -0.80361247062683105         8 4 
616    0.28999999999999998 -0.10000000000000001 -0.14999999999999999 -0.071136981248855591 0.17799127101898193  -0.80554413795471191         8 3 
617    0.20000000000000001 0.39000000000000001 0.40999999999999998 0 0.12309649586677551  -0.79932713508605957         8 7 
618    -0.25 -0.25 0.5 -0.04637383297085762 0  -0.85079747438430786         8 8 
619    0.80000000000000004 0.14000000000000001 0.059999999999999998 -0.31746584177017212 0  0.69601941108703613         8 4 
620    -0.75 -0.25 0 -0.15424454212188721 -0.15615588426589966  -0.77014374732971191         8 1 
621    -0.29999999999999999 0.059999999999999998 0 -0.010181974619626999 0.24354667961597443  0.89386886358261108         8 6 
622    0.17000000000000001 0.56000000000000005 0.27000000000000002 0.12496652454137802 0  -0.7920805811882019         8 6 
623    0.25 0.14000000000000001 0.31 0 0.23360568284988403  -0.7932702898979187         8 9 
624    0.029999999999999999 0.56999999999999995 0.29999999999999999 0.030364146456122398 -0.43661761283874512  -0.81552189588546753         8 7 
625    0.11 -0.42999999999999999 0.059999999999999998 -0.21006050705909729 0  -0.85911291837692261         8 9 
626    -0.14000000000000001 0.34000000000000002 0.22 0 0.11861661821603775  -0.80964338779449463         8 7 
627    -0.40999999999999998 0.16 0.20999999999999999 0 0  0.37380945682525635         8 7 
628    0.31 -0.14000000000000001 0.34999999999999998 0 0  -0.82224422693252563         8 4 
629    -0.26000000000000001 0.10000000000000001 0.52000000000000002 0.22083880007266998 0  -0.83457529544830322         8 8 
630    0.32000000000000001 0.41999999999999998 0.26000000000000001 0.0009757495136000216 -0.20502884685993195  -0.826637864112854         8 2 
631    0.23000000000000001 0.20000000000000001 0.56999999999999995 0 -0.31283876299858093  -0.85330545902252197         8 12 
632    -0.33000000000000002 0.080000000000000002 -0.19 0.23224067687988281 -0.12030307948589325  -0.78791868686676025         8 11 
633    0.64000000000000001 0.28999999999999998 0.070000000000000007 0.35647508502006531 0  0.53325045108795166         8 4 
634    -0.050000000000000003 0.12 0.39000000000000001 0.35369667410850525 0  -0.86665225028991699         8 7 
635    -0.77000000000000002 -0.01 0 0 -0.17924733459949493  -0.7434421181678772         8 8 
636    -0.089999999999999997 0.25 0.64000000000000001 0.14843238890171051 0  -0.81179547309875488         8 12 
637    -0.29999999999999999 -0.089999999999999997 0.20999999999999999 0 0  -0.7912479043006897         8 6 
638    -0.050000000000000003 0.34000000000000002 0.31 -0.20842200517654419 -0.0031124965753406286  -0.82093572616577148         8 14 
639    0.029999999999999999 0.28000000000000003 0.68999999999999995 0 0  -0.83916312456130981         8 9 
640    -0.37 -0.17000000000000001 -0.22 0 0.35119166970252991  -0.72946017980575562         8 6 
641    -0.40999999999999998 0.48999999999999999 0 0 -0.018751967698335648  -0.7956852912902832         8 7 
642    -0.029999999999999999 -0.70999999999999996 -0.26000000000000001 0 0.37109974026679993  -0.80371201038360596         8 6 
643    -0.029999999999999999 -0.22 0.37 0.1785489022731781 0  -0.81769430637359619         8 7 
644    -0.16 -0.56000000000000005 -0.28000000000000003 -0.23398047685623169 -0.04925057664513588  -0.82413345575332642         8 8 
645    0.31 0.68999999999999995 0 0.051156166940927505 0.25138503313064575  -0.78148269653320312         8 9 
646    -0.64000000000000001 0 0 0.19857591390609741 -0.14767643809318542  -0.76220583915710449         8 7 
647    -0.71999999999999997 0.12 0 0 0.11543625593185425  -0.79873985052108765         8 6 
648    0.16 0.26000000000000001 0.16 0.31076493859291077 0  -0.80307334661483765         8 6 
649    0.040000000000000001 0.040000000000000001 0.92000000000000004 0 0  -0.82111966609954834         8 8 
650    -0.34000000000000002 -0.34999999999999998 -0.31 0 0.35907334089279175  -0.80823743343353271         8 3 
651    0.31 0.089999999999999997 0.59999999999999998 0.20219084620475769 0  -0.82935208082199097         8 11 
652    -0.38 -0.62 0 0 -0.15308861434459686  -0.77468252182006836         8 4 
653    -1 0 0 -0.27055275440216064 -0.15011966228485107  -0.8497346043586731         8 3 
654    0.37 0.14000000000000001 0.48999999999999999 0 -0.20583535730838776  -0.8361431360244751         8 6 
655    0.02 0.66000000000000003 0 0 -0.38695105910301208  -0.84579461812973022         8 12 
656    0.23999999999999999 0.11 0.050000000000000003 0 0.20357732474803925  -0.81445604562759399         8 4 
657    0.040000000000000001 0.02 -0.44 0.076156578958034515 -0.22134973108768463  -0.82223117351531982         8 5 
658    -0.029999999999999999 -0.029999999999999999 -0.76000000000000001 -0.17923338711261749 -0.17161552608013153  -0.86623060703277588         8 9 
659    -0.29999999999999999 -0.11 -0.42999999999999999 0 -0.17976254224777222  -0.78802824020385742         8 7 
660    -0.14999999999999999 0.059999999999999998 -0.17000000000000001 0 -0.021455803886055946  0.32449671626091003         8 7 
661    0.17000000000000001 -0.67000000000000004 0 -0.098927117884159088 -0.22034315764904022  -0.80000531673431396         8 5 
662    0.32000000000000001 0.68000000000000005 0 -0.23543186485767365 0  -0.78850382566452026         8 5 
663    -0.34000000000000002 0 0 0 0  0.92121005058288574         8 7 
664    0.27000000000000002 0.72999999999999998 0 0 0.08710605651140213  -0.7826581597328186         8 1 
665    -0.58999999999999997 -0.22 -0.19 0 0  0.25771442055702209         8 7 
666    -0.050000000000000003 -0.11 0.26000000000000001 0 -0.24466429650783539  -0.81361633539199829         8 12 
667    0.029999999999999999 -0.19 0 0 0.28310135006904602  -0.77446550130844116         8 5 
668    -0.38 0 -0.23999999999999999 -0.23298346996307373 0.036066543310880661  -0.82281547784805298         8 6 
669    -0.41999999999999998 0.16 0.02 -0.0042670923285186291 -0.15338760614395142  0.2472241073846817         8 6 
670    -0.77000000000000002 -0.16 -0.070000000000000007 0 0.14794148504734039  0.61548197269439697         8 7 
671    0.29999999999999999 -0.059999999999999998 0 0.012688571587204933 -0.35396042466163635  -0.74652832746505737         8 4 
672    -0.20000000000000001 -0.02 0.14000000000000001 -0.13556614518165588 0.20372016727924347  0.31185400485992432         8 3 
673    0.14000000000000001 0 -0.22 0 -0.20807549357414246  0.27773535251617432         8 6 
674    0.38 0.16 0.26000000000000001 -0.037530574947595596 -0.23231163620948792  -0.81163454055786133         8 6 
675    0.029999999999999999 0.96999999999999997 0 0 0.067918933928012848  -0.77472221851348877         8 7 
676    -0.029999999999999999 -0.70999999999999996 -0.26000000000000001 0.056257050484418869 -0.14259524643421173  -0.80422580242156982         8 7 
677    0.17999999999999999 0.40999999999999998 -0.089999999999999997 -0.14184434711933136 -0.23566943407058716  -0.84472399950027466         8 11 
678    0.20000000000000001 -0.16 -0.41999999999999998 0.20568259060382843 0  -0.80269038677215576         8 9 
679    0.050000000000000003 -0.14000000000000001 -0.19 0 0  -0.78874439001083374         8 10 
680    0.070000000000000007 -0.47999999999999998 -0.37 -0.081076838076114655 0.064588360488414764  -0.80957639217376709         8 8 
681    -0.029999999999999999 -0.040000000000000001 -0.93000000000000005 0 0.31661507487297058  -0.85179442167282104         8 6 
682    0.64000000000000001 0.22 0.14000000000000001 0 0.24387435615062714  -0.77268964052200317         8 5 
683    0.059999999999999998 0 0.16 -0.25676000118255615 -0.16032801568508148  -0.81126070022583008         8 5 
684    -0.56000000000000005 0.040000000000000001 0 0 -0.19522015750408173  0.91126227378845215         8 5 
685    -0.12 0.080000000000000002 -0.56000000000000005 0 0.17566375434398651  -0.85661464929580688         8 6 
686    -0.080000000000000002 -0.17000000000000001 0.72999999999999998 -0.26023504137992859 0.25049099326133728  -0.90444731712341309         8 5 
687    -0.20000000000000001 0.45000000000000001 0.28999999999999998 0.21046960353851318 -0.17227150499820709  -0.80100363492965698         8 10 
688    -0.59999999999999998 -0.13 -0.11 0.34303724765777588 0  -0.74607670307159424         8 2 
689    0.12 -0.040000000000000001 0.22 0 -0.017313793301582336  -0.79552733898162842         8 12 
690    -0.25 0.059999999999999998 0.45000000000000001 0 -0.15522243082523346  -0.83962613344192505         8 7 
691    0.080000000000000002 0.14000000000000001 -0.46000000000000002 0.035490904003381729 0.34429675340652466  -0.82736939191818237         8 4 
692    1 0 0 0.20913675427436829 0.18131348490715027  0.78893142938613892         8 8 
693    0.17000000000000001 0.82999999999999996 0 0 -0.063376255333423615  -0.77202528715133667         8 5 
694    -0.02 0.14999999999999999 0.37 -0.33362415432929993 0  -0.84207838773727417         8 11 
695    0.20999999999999999 0.40000000000000002 0.23000000000000001 0.10805457830429077 0.21351067721843719  -0.79418802261352539         8 7 
696    -0.20000000000000001 -0.14000000000000001 -0.66000000000000003 0.16117753088474274 0.016059227287769318  -0.80774217844009399         8 3 
697    0 -0.52000000000000002 0 -0.4471619725227356 0  -0.80432909727096558         8 6 
698    -0.32000000000000001 -0.25 -0.39000000000000001 0.11225777864456177 0.25831818580627441  -0.82259070873260498         8 4 
699    0.20000000000000001 -0.59999999999999998 0 -0.12784579396247864 0  -0.77844470739364624         8 7 
700    0.13 0.20000000000000001 0.67000000000000004 -0.023126758635044098 0.26657244563102722  -0.85883206129074097         8 11 
701    0.39000000000000001 0.45000000000000001 0.16 -0.13612218201160431 -0.34408336877822876  -0.84979504346847534         8 8 
702    0.85999999999999999 0 0 0.19280843436717987 0  -0.75558370351791382         8 3 
703    0.02 0.14999999999999999 -0.42999999999999999 0 0.15372902154922485  -0.86523598432540894         8 8 
704    -0.71999999999999997 0 0 0.44653591513633728 0  -0.75011926889419556         8 2 
705    0.73999999999999999 0 0 -0.22846244275569916 0.32039305567741394  -0.85682576894760132         8 2 
706    -0.14999999999999999 0.01 0.52000000000000002 0 0  -0.81607741117477417         8 8 
707    -0.17000000000000001 0.46999999999999997 0.32000000000000001 -0.0074093323200941086 0  -0.81743723154067993         8 3 
708    0.45000000000000001 -0.11 -0.23999999999999999 0.11357200890779495 0.1658671647310257  -0.7895047664642334         8 3 
709    0.62 0 0 0.15420588850975037 -0.34835216403007507  -0.74098539352416992         8 6 
710    -0.050000000000000003 0.56000000000000005 0.14999999999999999 -0.048743613064289093 0.14043824374675751  -0.78940713405609131         8 6 
711    -0.22 -0.20999999999999999 -0.56999999999999995 0 0.16582544147968292  -0.81368529796600342         8 14 
712    -0.01 -0.56999999999999995 0 -0.24382004141807556 0.1966354101896286  -0.80442845821380615         8 4 
713    0.87 0.13 0 -0.041678495705127716 -0.11391565948724747  0.70691466331481934         8 7 
714    0.35999999999999999 0.39000000000000001 0.01 -0.090145699679851532 0  -0.79553711414337158         8 6 
715    0.73999999999999999 0.26000000000000001 0 0 0  0.52186334133148193         8 7 
716    -0.070000000000000007 -0.16 0.23000000000000001 0 0.29475939273834229  -0.81536215543746948         8 9 
717    0.63 0.37 0 -0.27350154519081116 0  -0.77513837814331055         8 4 
718    0.23999999999999999 0.34000000000000002 -0.12 -0.0037260588724166155 0  -0.78523391485214233         8 5 
719    -0.13 -0.059999999999999998 0.01 -0.24273198843002319 0  -0.80585843324661255         8 7 
720    0.13 -0.19 -0.35999999999999999 0.028893666341900826 0.13037103414535522  -0.78778409957885742         8 5 
721    -0.20999999999999999 0.14999999999999999 0.22 -0.1818881630897522 0  -0.79390168190002441         8 13 
722    0.20000000000000001 -0.02 -0.14000000000000001 0 0  0.61782395839691162         8 6 
723    0.13 0.02 -0.82999999999999996 0 0  -0.85536205768585205         8 8 
724    0.28999999999999998 0.34999999999999998 0 0.20541100203990936 -0.043313093483448029  -0.77447348833084106         8 12 
725    0.46000000000000002 0.14999999999999999 0.39000000000000001 -0.28540265560150146 0  -0.8038448691368103         8 4 
726    0.029999999999999999 -0.58999999999999997 -0.23999999999999999 0.46430209279060364 0  -0.80206352472305298         8 12 
727    0.62 0.070000000000000007 0.31 0 0  -0.81124627590179443         8 3 
728    -0.73999999999999999 0.040000000000000001 0 -0.16735647618770599 0  0.75130683183670044         8 9 
729    0.39000000000000001 0.32000000000000001 0.28999999999999998 0.00042075000237673521 0.14174500107765198  -0.80515831708908081         8 6 
730    -0.070000000000000007 0.42999999999999999 0 0.1576295793056488 -0.19419071078300476  -0.7698899507522583         8 8 
731    0.57999999999999996 0.34999999999999998 0.070000000000000007 -0.065949700772762299 0  -0.76985287666320801         8 6 
732    -0.37 -0.089999999999999997 0.32000000000000001 0 -0.13160218298435211  -0.80933076143264771         8 5 
733    0.029999999999999999 0.51000000000000001 0.46000000000000002 0 0  -0.80404341220855713         8 6 
734    0.11 -0.14999999999999999 0.20000000000000001 -0.02518814243376255 0.22461380064487457  -0.77594465017318726         8 5 
735    0.42999999999999999 0.11 0.12 0.0036026223096996546 -0.12700273096561432  -0.801993727684021         8 4 
736    -0.02 0.23000000000000001 -0.51000000000000001 -0.16661868989467621 -0.24429617822170258  -0.87252813577651978         8 7 
737    -0.23999999999999999 0.25 0.45000000000000001 0.10943887382745743 0  -0.79487901926040649         8 4 
738    0.11 0.39000000000000001 0.12 -0.33904337882995605 0  -0.8424994945526123         8 7 
739    -0.050000000000000003 0.67000000000000004 0 -0.085583679378032684 0  -0.78069919347763062         8 5 
740    -0.080000000000000002 0.35999999999999999 0.44 0 0.073927894234657288  -0.82324129343032837         8 3 
741    -0.78000000000000003 -0.13 -0.089999999999999997 -0.16626594960689545 0.27941343188285828  -0.77937901020050049         8 5 
742    -0.080000000000000002 -0.17999999999999999 -0.56000000000000005 0 0.41988769173622131  -0.88642942905426025         8 10 
743    -0.059999999999999998 0.13 0.63 0 0.32459291815757751  -0.82588136196136475         8 6 
744    0.40999999999999998 -0.02 0.14999999999999999 -0.2516975998878479 0  -0.77199280261993408         8 11 
745    -0.56999999999999995 -0.40000000000000002 -0.029999999999999999 -0.26762092113494873 0  -0.77593368291854858         8 2 
746    0.33000000000000002 -0.25 -0.34000000000000002 -0.063515372574329376 0.077656485140323639  -0.80679929256439209         8 5 
747    -0.029999999999999999 -0.28000000000000003 -0.68999999999999995 -0.40469923615455627 0  -0.88096505403518677         8 6 
748    0.17000000000000001 -0.27000000000000002 -0.46000000000000002 -0.1709761768579483 0  -0.82727372646331787         8 6 
749    -0.14000000000000001 0.070000000000000007 0.75 0.10608417540788651 0  -0.80486536026000977         8 6 
750    -0.62 0.029999999999999999 0.27000000000000002 0 -0.21497997641563416  -0.81056082248687744         8 6 
751    -0.029999999999999999 -0.77000000000000002 -0.20000000000000001 0 0.0090324496850371361  -0.79444998502731323         8 10 
752    -0.32000000000000001 0.16 -0.17999999999999999 0 0  -0.80560433864593506         8 4 
753    -0.29999999999999999 0.20999999999999999 0.14999999999999999 0 -0.16112938523292542  -0.78642261028289795         8 5 
754    -0.14999999999999999 -0.78000000000000003 -0.070000000000000007 0 -0.33376115560531616  -0.78679484128952026         8 4 
755    0.11 0.029999999999999999 0.14000000000000001 0.36024957895278931 0  -0.83349084854125977         8 12 
756    0.02 -0.32000000000000001 -0.5 0.38013240694999695 0  -0.81775349378585815         8 9 
757    0.059999999999999998 -0.68000000000000005 0 0.15275508165359497 0  -0.78138744831085205         8 10 
758    -0.059999999999999998 -0.17000000000000001 -0.11 -0.19010788202285767 0.061019651591777802  -0.79988288879394531         8 2 
759    -0.47999999999999998 -0.34000000000000002 -0.17999999999999999 -0.43015381693840027 -0.006582433357834816  -0.83099329471588135         8 3 
760    0.17000000000000001 0.050000000000000003 0.78000000000000003 0 0.018089748919010162  -0.82999622821807861         8 6 
761    0.070000000000000007 -0.53000000000000003 0.22 0 0  -0.82315218448638916         8 13 
762    -0.059999999999999998 -0.14999999999999999 -0.51000000000000001 0.11209052801132202 -0.099622391164302826  -0.83097946643829346         8 5 
763    -0.42999999999999999 -0.040000000000000001 -0.53000000000000003 0 0  -0.80627185106277466         8 9 
764    -0.11 -0.089999999999999997 -0.5 -0.275779128074646 0  -0.85451054573059082         8 13 
765    -0.029999999999999999 -0.029999999999999999 -0.93999999999999995 0.2435915619134903 0.15416622161865234  -0.85480684041976929         8 13 
766    -0.02 -0.040000000000000001 0.38 0 0.30197039246559143  -0.82287430763244629         8 10 
767    -0.17999999999999999 -0.45000000000000001 0.34999999999999998 -0.0022886130027472973 0  -0.82022058963775635         8 7 
768    -0.070000000000000007 -0.28000000000000003 -0.34999999999999998 0 0.15171565115451813  -0.77252727746963501         8 4 
769    0.34000000000000002 -0.34999999999999998 -0.089999999999999997 0.15207365155220032 0  -0.74309766292572021         8 9 
770    0.17999999999999999 0.62 0 0 -0.11212210357189178  -0.77022022008895874         8 5 
771    0.050000000000000003 0.070000000000000007 0.62 0 0  -0.83675849437713623         8 6 
772    -0.27000000000000002 0.23999999999999999 0.34999999999999998 0.17156219482421875 -0.17257511615753174  -0.79370272159576416         8 3 
773    0.089999999999999997 0.26000000000000001 -0.51000000000000001 0.16938230395317078 0.037189438939094543  -0.80277878046035767         8 4 
774    -0.44 0.080000000000000002 -0.29999999999999999 -0.06923241913318634 0  -0.8131859302520752         8 10 
775    0.46000000000000002 0.20999999999999999 0.33000000000000002 0 0  -0.80213010311126709         8 8 
776    0.02 -0.32000000000000001 -0.32000000000000001 -0.17922507226467133 -0.1388363391160965  -0.85064995288848877         8 3 
777    0.46000000000000002 0.54000000000000004 0 0 -0.26968419551849365  -0.77955412864685059         8 8 
778    -0.029999999999999999 -0.46000000000000002 -0.51000000000000001 0.27434074878692627 0  -0.83203810453414917         8 13 
779    0.26000000000000001 0.22 0.16 0 -0.051357124000787735  -0.7352370023727417         8 5 
780    -0.059999999999999998 -0.80000000000000004 -0.14000000000000001 -0.12014278769493103 0.20281538367271423  -0.79010152816772461         8 3 
781    0.14000000000000001 0.10000000000000001 0.35999999999999999 0 0  -0.80330944061279297         8 5 
782    -0.059999999999999998 0.52000000000000002 0 0.032950975000858307 -0.055182486772537231  -0.79724413156509399         8 2 
783    -0.13 -0.56999999999999995 -0.29999999999999999 0.0018860087729990482 0.11668530106544495  -0.81402307748794556         8 5 
784    -0.070000000000000007 -0.089999999999999997 -0.83999999999999997 0.24200728535652161 0  -0.82930552959442139         8 6 
785    -0.34999999999999998 -0.65000000000000002 0 0 0.32293790578842163  -0.77822965383529663         8 10 
786    -0.39000000000000001 -0.20999999999999999 -0.17999999999999999 0 -0.16063864529132843  -0.76760822534561157         8 6 
787    0.040000000000000001 0.040000000000000001 0.41999999999999998 -0.27181607484817505 -0.12195729464292526  -0.86508238315582275         8 10 
788    0.16 0.32000000000000001 0.52000000000000002 0 0  -0.81554245948791504         8 7 
789    -0.11 -0.17999999999999999 0.31 0 -0.046772226691246033  -0.79641473293304443         8 7 
790    -0.29999999999999999 -0.080000000000000002 -0.62 -0.1121525838971138 0  -0.8182297945022583         8 9 
791    -0.13 -0.17000000000000001 -0.35999999999999999 0.20354904234409332 0  -0.7877507209777832         8 6 
792    -0.050000000000000003 0.72999999999999998 0.17999999999999999 0 -0.21310323476791382  -0.79795032739639282         8 4 
793    -0.23999999999999999 0.089999999999999997 -0.28999999999999998 0 -0.37395426630973816  -0.79977566003799438         8 5 
794    0.17999999999999999 -0.050000000000000003 0.19 0.12136999517679214 0.12273362278938293  -0.7816283106803894         8 5 
795    0.070000000000000007 0.23000000000000001 0.69999999999999996 -0.026039348915219307 -0.2685905396938324  -0.83629131317138672         8 10 
