-0.0523658   -0.0159459
0.0729398    0.153243
0.173819    -0.156174
-0.0632467      0.11341
-0.00815998  -0.00284898
0.0629565     0.116503
0.00143088  -0.00128703
0.0145146  -0.00828067
0.145554    0.0910638
-0.132153     0.191423
-0.110345   -0.0719534
0.141234   -0.0823328
-0.148198    0.0936306
0.0148942    -0.189967
0.00103637    0.0118208
0.0551736    0.0607411
-0.188803    0.0106435
-0.0016992   -0.0913189
0.0419884     0.242022
0.109244     0.153419
0.0123025    0.0133735
0.0314529    -0.218929
-0.0112872     0.108517
-0.00916528    -0.119081
0.043563   -0.0531566
0.290581   -0.0246753
-0.399291     0.256194
-0.218968     0.149509
0.374162    0.0384356
-0.328597    0.0276442
0.0378219    -0.371574
-0.258128    0.0878984
0.268435  0.00119261
0.0585977    -0.341038
0.470121    0.0889074
-0.341225     0.132676
-0.0189758     0.261834
-0.207862     0.390698
-0.279944   -0.0280032
-0.28555     0.310871
0.0352168     0.405861
-0.43135   0.00146929
-0.0497609    -0.469513
0.193641    -0.262979
0.317999     0.204943
0.392853    -0.242166
0.0557408    -0.456991
0.344173    0.0821805
0.0850246    -0.356994
-0.167534    -0.242303
-0.207891     0.608374
0.496403     0.109159
-0.600212     0.172903
0.64706     0.231047
0.511499     0.510531
-0.381586    -0.599347
0.121658     0.539645
-0.44791    -0.288178
-0.568546   -0.0107167
-0.594988    -0.101441
-0.626532     0.257688
-0.235571    -0.508017
-0.439361     0.377688
-0.38858    -0.537209
0.50509    -0.440722
0.596931 -0.000971291
0.45832     0.279619
0.600389     0.381594
0.693351     0.255277
-0.534086    0.0562305
-0.378521    -0.468355
0.0085669    -0.641167
0.606308    -0.139409
-0.520051    -0.526832
0.231804    -0.498698
-0.634631    -0.648435
0.658962     0.631662
-0.0128926    -0.950681
0.667266   -0.556871
-0.788119    -0.142019
0.873232    -0.434634
-0.743134     0.254501
-0.578973    -0.625844
-0.813005    -0.531661
-0.713045    -0.341372
0.016161     -0.84118
-0.162089     0.766834
0.505653    -0.700366
-0.312391     0.804556
0.56949     0.801131
0.344108     0.726432
0.000771163     -0.97723
0.949523    -0.173338
0.707818      0.51694
-0.0350335     0.953747
-0.825465      0.26039
0.842995    -0.337875
0.357677     0.886756
-0.922534     0.074673
-0.587449     0.795136
