0    0.036682266741991043 0.32571896910667419  -1.1817084550857544         -2.5917444229125977 -0.33924007415771484 0.10887265205383301 
1    0.037371214479207993 0.41516131162643433  -1.314877986907959         3.0831043720245361 -0.00078630447387695312 0.73662042617797852 
2    0.037218824028968811 0.52601158618927002  -1.1394782066345215         -2.8322737216949463 -0.2104346752166748 -0.69230794906616211 
3    0.054970867931842804 0.56254291534423828  -1.0789626836776733         -2.8087031841278076 -0.34634542465209961 -0.74606895446777344 
4    0.056022681295871735 0.39574047923088074  -1.0028204917907715         -2.5400617122650146 -0.16685676574707031 -0.80451083183288574 
5    0.073006011545658112 0.47861960530281067  -1.809404730796814         -3.0831489562988281 -0.68572831153869629 1.3438789844512939 
6    0.087315119802951813 0.40657639503479004  -1.6309762001037598         2.8862779140472412 1.291339635848999 -1.0833361148834229 
7    0.10183859616518021 0.49999374151229858  -1.5945935249328613         2.5672142505645752 1.5193378925323486 -1.2153654098510742 
8    0.11409208923578262 0.78791284561157227  -0.99439555406570435         2.3231880664825439 -0.026696681976318359 0.59305882453918457 
9    0.11917104572057724 0.2695784866809845  -1.682956337928772         -3.0231466293334961 1.0982472896575928 -0.88419890403747559 
10    0.12565331161022186 0.48368847370147705  -0.73620498180389404         2.1143953800201416 1.3713629245758057 0.31988334655761719 
11    0.13433197140693665 0.33322387933731079  -1.1211442947387695         -2.4341254234313965 0.27291083335876465 -1.4809895753860474 
12    0.14155258238315582 0.53148782253265381  -1.7810953855514526         -2.6203658580780029 -1.768214225769043 1.5112102031707764 
13    0.15515187382698059 0.24436652660369873  -0.86732202768325806         -2.1352658271789551 -0.012311220169067383 -1.1438701152801514 
14    0.15497300028800964 0.30925390124320984  -0.47151008248329163         -1.7345390319824219 -1.0295886993408203 -0.58976864814758301 
15    0.15477843582630157 0.5106358528137207  -1.7409164905548096         -2.4495716094970703 -1.9254292249679565 1.4775388240814209 
16    0.15749391913414001 0.40403789281845093  -1.9087549448013306         -2.6604797840118408 -1.3281499147415161 1.8868868350982666 
17    0.16345177590847015 0.47074386477470398  -0.71662712097167969         2.3938906192779541 0.64634895324707031 1.3767020702362061 
18    0.16487258672714233 0.5009198784828186  -0.49243178963661194         -2.0827927589416504 -1.0826120376586914 -0.9988105297088623 
19    0.16456426680088043 0.52043133974075317  -0.70540314912796021         -2.3670027256011963 -0.64432334899902344 -1.3896759748458862 
20    0.15915103256702423 0.55255937576293945  -2.0850825309753418         -3.0574464797973633 -1.4231929779052734 1.9502618312835693 
21    0.16750200092792511 0.74280297756195068  -1.7315386533737183         2.8239262104034424 0.17112040519714355 -1.3684816360473633 
22    0.18401366472244263 0.16243784129619598  -0.63543099164962769         -1.8023337125778198 -0.60489749908447266 -0.34246158599853516 
23    0.17751817405223846 0.35483476519584656  -2.0056252479553223         -3.0913081169128418 -0.22936654090881348 1.7977492809295654 
24    0.19520832598209381 0.70123589038848877  -1.035380482673645         1.4805862903594971 1.8157169818878174 -0.5289618968963623 
25    0.18700213730335236 0.77544999122619629  -1.0761977434158325         1.6920397281646729 1.4428536891937256 -0.7052910327911377 
26    0.19833630323410034 0.15504367649555206  -1.2804198265075684         -2.1523256301879883 -0.70502638816833496 0.98101925849914551 
27    0.20296065509319305 0.29338544607162476  -1.5184028148651123         2.7485592365264893 1.8852775096893311 -0.81613445281982422 
28    0.19923825562000275 0.33396044373512268  -1.7030431032180786         -2.049778938293457 -1.8421646356582642 1.6622512340545654 
29    0.20484204590320587 0.45459139347076416  -1.6843008995056152         -2.8899717330932617 0.93539023399353027 -2.315523624420166 
30    0.20910389721393585 0.29402375221252441  -1.2927840948104858         -2.3389534950256348 0.59988498687744141 -1.8909206390380859 
31    0.2138991504907608 0.46231052279472351  -2.2509636878967285         2.963700532913208 1.8205897808074951 -2.2791225910186768 
32    0.20805801451206207 0.66414451599121094  -1.6907356977462769         1.9621541500091553 1.9504654407501221 -1.630267858505249 
33    0.22114184498786926 0.46504107117652893  -1.8211021423339844         -2.9786708354949951 1.1258485317230225 -2.439206600189209 
34    0.22321382164955139 0.55292218923568726  -0.92472171783447266         2.3153650760650635 0.22077178955078125 2.0147311687469482 
35    0.23511362075805664 0.18745395541191101  -1.7107452154159546         -2.8482308387756348 0.35048317909240723 1.0955007076263428 
36    0.23348738253116608 0.36278071999549866  -1.2569992542266846         -1.3063644170761108 -2.2797212600708008 0.7367088794708252 
37    0.23343002796173096 0.4177716076374054  -2.202162504196167         -2.7212893962860107 -1.5142594575881958 2.43526291847229 
38    0.2333189994096756 0.5466342568397522  -0.36395257711410522         -1.9495896100997925 -1.4378790855407715 -1.0615231990814209 
39    0.24724660813808441 0.093869678676128387  -0.98855429887771606         -2.097808837890625 0.31584024429321289 -0.72275328636169434 
40    0.24513329565525055 0.33253711462020874  -0.71172440052032471         -1.8685537576675415 -0.32948684692382812 -1.8082008361816406 
41    0.24617947638034821 0.41210711002349854  -1.3719930648803711         1.9190194606781006 2.4576303958892822 -0.68448996543884277 
42    0.23791882395744324 0.42010229825973511  -1.7742297649383545         -2.7959280014038086 1.1146304607391357 -2.4826474189758301 
43    0.24410074949264526 0.55882799625396729  -0.88658952713012695         -2.5911996364593506 -0.47697019577026367 -1.9638638496398926 
44    0.25701543688774109 0.37159433960914612  -0.2900683581829071         -1.2160239219665527 -1.5821177959442139 -0.87170958518981934 
45    0.24987034499645233 0.61496150493621826  -2.1882436275482178         2.847637414932251 0.88615584373474121 -2.4530904293060303 
46    0.26668527722358704 0.078931942582130432  -1.274147629737854         -2.3664064407348633 0.21469712257385254 0.44367241859436035 
47    0.26232889294624329 0.11269234865903854  -1.4560778141021729         -2.550940990447998 0.28499650955200195 0.74021387100219727 
48    0.26649227738380432 0.21031354367733002  -2.0032622814178467         -3.0776669979095459 1.8040955066680908 -1.0669763088226318 
49    0.26426750421524048 0.45097178220748901  -1.6995271444320679         -2.7917046546936035 0.87783455848693848 -2.659470796585083 
50    0.26519027352333069 0.52293038368225098  -2.4206211566925049         2.9172098636627197 1.765521764755249 -2.6957507133483887 
51    0.26620027422904968 0.55378001928329468  -1.7862586975097656         -2.0381598472595215 -2.6984198093414307 1.3775455951690674 
52    0.26000511646270752 0.64319908618927002  -2.1991331577301025         -3.0017249584197998 -2.2788081169128418 1.9825985431671143 
53    0.26725614070892334 0.8589472770690918  -1.7294394969940186         2.9046247005462646 -1.302712082862854 0.37309932708740234 
54    0.27388587594032288 0.11728331446647644  -1.2877463102340698         -1.9793879985809326 -0.77327442169189453 1.1478073596954346 
55    0.27095261216163635 0.17652310431003571  -1.2595455646514893         3.1182706356048584 1.3850739002227783 0.041226863861083984 
56    0.27344569563865662 0.46824917197227478  -0.93632322549819946         1.2963860034942627 2.4049012660980225 0.11180758476257324 
57    0.27030214667320251 0.58802247047424316  -2.1095280647277832         2.9022400379180908 -1.6998704671859741 2.6361105442047119 
58    0.27282360196113586 0.74091839790344238  -1.1588073968887329         1.1255338191986084 2.0787546634674072 -0.71330022811889648 
59    0.27528133988380432 0.89199370145797729  -0.81593084335327148         1.502422571182251 1.0770003795623779 -0.4014732837677002 
60    0.28669694066047668 0.11511892080307007  -1.3205312490463257         -2.0016026496887207 -0.72619891166687012 1.2104189395904541 
61    0.28410929441452026 0.46584179997444153  -2.2407383918762207         -2.2667932510375977 -2.7097270488739014 2.2495605945587158 
62    0.2907252311706543 0.15666681528091431  -1.6364620923995972         -2.6155326366424561 0.16056203842163086 1.2767131328582764 
63    0.29280740022659302 0.29771891236305237  -0.7495531439781189         2.7746131420135498 1.1020424365997314 1.2824962139129639 
64    0.29590803384780884 0.43439188599586487  -2.4258339405059814         2.8375966548919678 2.6924636363983154 -2.3794054985046387 
65    0.29265615344047546 0.53928208351135254  -2.4384579658508301         3.1076333522796631 0.75595188140869141 -2.8231568336486816 
66    0.29703855514526367 0.59715002775192261  -1.9044842720031738         -2.2634227275848389 -2.7885246276855469 1.4883720874786377 
67    0.29659178853034973 0.60747283697128296  -0.6367870569229126         0.81918621063232422 2.058300256729126 0.61826348304748535 
68    0.29704797267913818 0.67985785007476807  -0.61184841394424438         -2.5108733177185059 -1.4235796928405762 -1.073941707611084 
69    0.29926002025604248 0.41121008992195129  -1.3233867883682251         -0.7570195198059082 -2.7148935794830322 0.50148248672485352 
70    0.30608901381492615 0.51550394296646118  -2.6459426879882812         -2.994861364364624 -2.510392427444458 2.844562292098999 
71    0.29927292466163635 0.55174803733825684  -1.3030383586883545         -1.2813667058944702 -2.7736811637878418 0.41590380668640137 
72    0.3036726713180542 0.71954900026321411  -1.9846316576004028         2.6056935787200928 0.46311020851135254 -2.2446768283843994 
73    0.31432047486305237 0.35280698537826538  -2.1775095462799072         -1.9787143468856812 -2.4148187637329102 2.4069631099700928 
74    0.31223869323730469 0.63554686307907104  -2.4766108989715576         3.0569584369659424 -2.5010726451873779 2.3832752704620361 
75    0.30930331349372864 0.78803378343582153  -1.5423213243484497         1.4980924129486084 1.8843281269073486 -1.5634039640426636 
76    0.31320694088935852 0.91389739513397217  -1.3610754013061523         2.3229939937591553 -0.064666748046875 -0.88594794273376465 
77    0.32385262846946716 0.41370496153831482  -1.0629379749298096         -0.39092850685119629 -2.5640230178833008 -0.23549675941467285 
78    0.32778376340866089 0.43636348843574524  -1.7822610139846802         1.7150166034698486 3.0359652042388916 -1.2280303239822388 
79    0.31936702132225037 0.45151343941688538  -1.7447525262832642         1.6106173992156982 3.0134680271148682 -1.1840598583221436 
80    0.32119521498680115 0.47031545639038086  -2.1766612529754639         -2.982856273651123 1.5986359119415283 -3.053844690322876 
81    0.32707279920578003 0.49995326995849609  -2.5863666534423828         2.6351473331451416 3.0649774074554443 -2.6238076686859131 
82    0.32372191548347473 0.50606429576873779  -1.3171132802963257         0.45087242126464844 2.9360630512237549 -0.088220834732055664 
83    0.3237108588218689 0.51028168201446533  -2.1125843524932861         -1.9586371183395386 -3.0791223049163818 1.8562705516815186 
84    0.32171505689620972 0.55320471525192261  -1.0225951671600342         0.45980596542358398 2.571026086807251 0.34806156158447266 
85    0.31849700212478638 0.74883949756622314  -1.6857280731201172         -2.8678824901580811 -2.2596354484558105 0.97320055961608887 
86    0.33669063448905945 0.10640324652194977  -1.2165248394012451         -1.5892570018768311 -1.1817301511764526 1.1708981990814209 
87    0.33589369058609009 0.34063205122947693  -2.2550125122070312         -2.2401895523071289 -1.8281430006027222 2.7361094951629639 
88    0.3345848023891449 0.51236099004745483  -1.1212379932403564         2.7098286151885986 0.36992716789245605 2.7852418422698975 
89    0.33469328284263611 0.59012877941131592  -2.2571465969085693         1.8477685451507568 2.965381383895874 -2.2827112674713135 
90    0.32849010825157166 0.83568167686462402  -0.26274126768112183         1.2661845684051514 0.6472785472869873 1.1095874309539795 
91    0.32920810580253601 0.88170892000198364  -1.4613168239593506         2.2038123607635498 0.33827877044677734 -1.3745827674865723 
92    0.34462237358093262 0.4163433313369751  -2.4336140155792236         -2.6695480346679688 -1.1629469394683838 3.0786259174346924 
93    0.34178683161735535 0.43854174017906189  -1.2700556516647339         0.64348554611206055 2.984241247177124 0.03922724723815918 
94    0.34289216995239258 0.46369725465774536  -0.97595924139022827         0.6417534351348877 2.6636722087860107 0.54812359809875488 
95    0.34131956100463867 0.50105786323547363  -0.69707572460174561         -0.78838634490966797 -2.3155529499053955 -0.8905792236328125 
96    0.34342911839485168 0.68084913492202759  -2.1113948822021484         2.6374127864837646 0.30233907699584961 -2.5265624523162842 
97    0.33859354257583618 0.81858503818511963  -1.2995984554290771         1.963090181350708 -0.81583428382873535 1.9184277057647705 
98    0.35778293013572693 0.52300786972045898  -2.5298030376434326         3.1061432361602783 -1.0123550891876221 -2.9628496170043945 
99    0.34914836287498474 0.54623091220855713  -2.1998753547668457         -2.0809266567230225 3.0867578983306885 1.8253409862518311 
100    0.34918677806854248 0.55234837532043457  -0.18264266848564148         2.8805558681488037 2.6141173839569092 3.0585768222808838 
101    0.35743612051010132 0.56595951318740845  -0.24730721116065979         -1.6535460948944092 -1.902362585067749 -1.2996326684951782 
102    0.35149532556533813 0.78412246704101562  -1.7758070230484009         1.7340447902679443 1.6633260250091553 -2.0678722858428955 
103    0.35192981362342834 0.83861982822418213  -1.7081671953201294         2.6540491580963135 -0.40658235549926758 -1.3470274209976196 
104    0.35457447171211243 0.93853229284286499  -0.95770108699798584         1.8733341693878174 -0.45414304733276367 0.9635612964630127 
105    0.36342707276344299 0.22687901556491852  -1.8008664846420288         -1.5796420574188232 -1.9231613874435425 2.0572116374969482 
106    0.36852946877479553 0.23483219742774963  -1.5742119550704956         2.8655569553375244 2.2998554706573486 -0.72056961059570312 
107    0.36546367406845093 0.40793466567993164  -0.32590681314468384         -1.3418856859207153 -1.2083804607391357 -1.956749439239502 
108    0.36839115619659424 0.43802797794342041  -1.6329519748687744         -0.94535660743713379 3.0135023593902588 1.5290195941925049 
109    0.36130988597869873 0.46586325764656067  -2.5206880569458008         -2.5912694931030273 2.6878893375396729 2.8214433193206787 
110    0.36058369278907776 0.4751032292842865  -0.22988444566726685         1.388416051864624 1.8867270946502686 1.4104692935943604 
111    0.36576586961746216 0.52608722448348999  -0.31671997904777527         -2.0557188987731934 -1.3503322601318359 -1.9827115535736084 
112    0.36691915988922119 0.61197960376739502  -2.1081387996673584         1.3216173648834229 3.0935399532318115 -1.9929376840591431 
113    0.37569224834442139 0.18966858088970184  -1.7315826416015625         -1.997603178024292 -0.95135974884033203 2.0852563381195068 
114    0.36890286207199097 0.3750474750995636  -0.56851387023925781         2.6319692134857178 1.2483885288238525 1.8033778667449951 
115    0.37151765823364258 0.40368130803108215  -1.3182960748672485         -0.017409324645996094 3.0855672359466553 0.75998449325561523 
116    0.37515470385551453 0.47950810194015503  -0.86032271385192871         -0.30928921699523926 -2.3945012092590332 -1.0880458354949951 
117    0.37528681755065918 0.54724901914596558  -0.49901416897773743         2.8179299831390381 1.8247973918914795 2.9384810924530029 
118    0.37511256337165833 0.60900384187698364  -2.2917473316192627         2.4274561405181885 -1.0074830055236816 -3.1351885795593262 
119    0.37786787748336792 0.65358096361160278  -2.2594223022460938         -2.895963191986084 -2.9517629146575928 1.868851900100708 
120    0.36995995044708252 0.73105275630950928  -2.0037658214569092         2.8192493915557861 -0.40572571754455566 -1.9975321292877197 
121    0.37617340683937073 0.79988396167755127  -1.7536113262176514         1.7313334941864014 1.5094554424285889 -2.0946109294891357 
122    0.38646164536476135 0.016714513301849365  -0.72374123334884644         -1.6757920980453491 -0.091346502304077148 -0.19490742683410645 
123    0.38681524991989136 0.20405721664428711  -1.3354613780975342         -1.8043440580368042 0.81811285018920898 -2.1865134239196777 
124    0.38011577725410461 0.37993097305297852  -1.2654575109481812         1.0560595989227295 3.023026704788208 -0.035186290740966797 
125    0.38139823079109192 0.41713082790374756  -1.0300390720367432         0.53141021728515625 2.8108575344085693 0.73438310623168945 
126    0.38337245583534241 0.44516003131866455  -1.5938694477081299         -0.92463374137878418 2.9136102199554443 1.6131975650787354 
127    0.3863711953163147 0.46329033374786377  -0.50194084644317627         -1.976645827293396 -1.1623157262802124 -2.3672280311584473 
128    0.38201028108596802 0.5632011890411377  -0.49764865636825562         1.7431375980377197 1.0904467105865479 2.3083860874176025 
129    0.38727179169654846 0.62925750017166138  -1.3645093441009521         -1.2931514978408813 -3.0592517852783203 0.28126716613769531 
130    0.38422343134880066 0.71953064203262329  -1.0203582048416138         -2.3998684883117676 -2.2514348030090332 -0.16496562957763672 
131    0.38753536343574524 0.77250814437866211  -0.43031319975852966         1.1082680225372314 0.6154179573059082 1.6687424182891846 
132    0.38684964179992676 0.78701823949813843  -0.70135676860809326         1.3298904895782471 0.1895294189453125 1.8724715709686279 
133    0.39175000786781311 0.24354472756385803  -1.8989282846450806         -2.4808661937713623 -0.023682594299316406 2.1680128574371338 
134    0.390799880027771 0.41777497529983521  -1.4711205959320068         -0.62553906440734863 2.9582712650299072 1.4921104907989502 
135    0.39551034569740295 0.43115344643592834  -2.4890785217285156         2.7170231342315674 -2.8366775512695312 -2.2386140823364258 
136    0.39504081010818481 0.52805954217910767  -1.8416557312011719         1.4687631130218506 -2.7779817581176758 -1.9723721742630005 
137    0.39366441965103149 0.59746509790420532  -0.033162817358970642         2.7314488887786865 2.7374708652496338 2.8046152591705322 
138    0.39556312561035156 0.63821274042129517  -1.7531359195709229         2.1944701671600342 -0.9911797046661377 3.0955197811126709 
139    0.39942312240600586 0.27357655763626099  -0.58848714828491211         -0.3696739673614502 -1.7823145389556885 -0.82747435569763184 
140    0.40869748592376709 0.31431519985198975  -2.0761165618896484         -2.6637907028198242 0.37930774688720703 2.3863322734832764 
141    0.40303516387939453 0.34350678324699402  -1.2334208488464355         1.6635968685150146 2.8680388927459717 -0.13375735282897949 
142    0.40138190984725952 0.42776158452033997  -0.38492098450660706         -0.89678740501403809 -1.6372350454330444 -1.7725225687026978 
143    0.40686389803886414 0.46949836611747742  -1.8022654056549072         1.5124533176422119 -2.7232317924499512 -1.6828634738922119 
144    0.40344524383544922 0.61387360095977783  -1.7921193838119507         -1.4109727144241333 2.9783346652984619 0.83934450149536133 
145    0.40640446543693542 0.63238418102264404  -1.2292813062667847         -0.30758476257324219 -3.098618745803833 -0.72448396682739258 
146    0.40029636025428772 0.73821514844894409  -1.9427975416183472         2.3811156749725342 0.20666837692260742 -2.3720204830169678 
147    0.40329271554946899 0.83562648296356201  -1.96401047706604         3.074044942855835 -1.6172146797180176 -0.19466662406921387 
148    0.41167214512825012 0.14401693642139435  -1.5602562427520752         -1.7870923280715942 -0.9757847785949707 1.8529288768768311 
149    0.40947693586349487 0.17051228880882263  -1.219298243522644         -0.78423547744750977 -2.0341582298278809 0.93992352485656738 
150    0.41888099908828735 0.22288841009140015  -2.1739709377288818         -2.710491418838501 2.3201501369476318 -1.7075064182281494 
151    0.41604933142662048 0.235735684633255  -1.7607669830322266         -1.0741031169891357 -2.365149974822998 1.844254732131958 
152    0.41862419247627258 0.48551532626152039  -0.34919491410255432         2.2535583972930908 1.5044510364532471 2.2365596294403076 
153    0.40937456488609314 0.52084934711456299  -2.4057924747467041         2.7167127132415771 -2.0446267127990723 -2.6710329055786133 
154    0.41676062345504761 0.68433111906051636  -2.5694043636322021         2.9555552005767822 -2.8918831348419189 2.047741174697876 
155    0.41337627172470093 0.77907580137252808  -1.8321540355682373         2.1067020893096924 0.62653779983520508 -2.3024921417236328 
156    0.4272305965423584 0.11112763732671738  -0.70633786916732788         -1.3697746992111206 0.085635900497436523 -1.4522819519042969 
157    0.42574629187583923 0.24970549345016479  -1.8925544023513794         -2.383629322052002 0.019242525100708008 2.2511117458343506 
158    0.42483505606651306 0.35008445382118225  -1.2755348682403564         -1.9638012647628784 0.014186620712280273 -3.0693535804748535 
159    0.42403841018676758 0.47906386852264404  -2.4780271053314209         -3.0600771903991699 1.6825649738311768 2.591989278793335 
160    0.42240583896636963 0.48981937766075134  -0.28409096598625183         2.1231892108917236 1.5579288005828857 2.1920487880706787 
161    0.42586642503738403 0.4996260404586792  -2.1803607940673828         2.2499735355377197 -2.4315757751464844 -2.3168294429779053 
162    0.42089733481407166 0.5107421875  -0.5806090235710144         0.6793816089630127 2.0715057849884033 1.6273829936981201 
163    0.41938886046409607 0.52669090032577515  -0.12979784607887268         -1.9288592338562012 -1.6770974397659302 -1.9711320400238037 
164    0.4219515323638916 0.6335296630859375  -0.6924978494644165         0.21022319793701172 1.8687708377838135 1.3475630283355713 
165    0.42223033308982849 0.65355950593948364  -0.61266976594924927         -2.0211458206176758 -2.2488527297973633 -0.85037827491760254 
166    0.42337647080421448 0.75728774070739746  -1.9662083387374878         2.8727362155914307 -0.86433887481689453 -1.6268830299377441 
167    0.42592024803161621 0.79740887880325317  -1.7777135372161865         1.9548981189727783 0.82330012321472168 -2.2524402141571045 
168    0.43200781941413879 0.38992691040039062  -0.49309834837913513         1.6243703365325928 2.3193728923797607 1.1163685321807861 
169    0.43810364603996277 0.61225956678390503  -2.0900478363037109         1.815622091293335 -2.3882603645324707 -2.8167104721069336 
170    0.43693467974662781 0.67690610885620117  -1.4049867391586304         -0.52579498291015625 2.7180907726287842 0.10073423385620117 
171    0.43097275495529175 0.70501315593719482  -0.41868981719017029         0.54793453216552734 1.3257954120635986 1.5157039165496826 
172    0.43100705742835999 0.7161104679107666  -0.99852508306503296         -0.065534353256225586 2.2438714504241943 0.39151597023010254 
173    0.43420130014419556 0.74720126390457153  -0.77160036563873291         1.1834337711334229 0.25885581970214844 2.1487367153167725 
174    0.44923314452171326 0.054013211280107498  -1.1771637201309204         -1.7702348232269287 -0.41895413398742676 1.1113622188568115 
175    0.44554853439331055 0.28962206840515137  -1.1321990489959717         0.23487663269042969 -2.3819890022277832 -0.27829122543334961 
176    0.44500038027763367 0.31438571214675903  -2.060276985168457         -2.7169549465179443 0.74010968208312988 2.1955788135528564 
177    0.44023635983467102 0.40143072605133057  -0.16026046872138977         -2.4439153671264648 -2.3509283065795898 -2.7277102470397949 
178    0.44686928391456604 0.41482079029083252  -2.1479883193969727         -2.3272261619567871 1.5030415058135986 2.7118685245513916 
179    0.44692108035087585 0.46945458650588989  -1.4422415494918823         0.94527125358581543 -2.419917106628418 -1.6683996915817261 
180    0.44668161869049072 0.57422077655792236  -0.48169392347335815         1.4968607425689697 1.3709037303924561 2.4498703479766846 
181    0.44729283452033997 0.58172339200973511  -0.68120044469833374         -3.0760912895202637 -1.4075448513031006 -2.2309625148773193 
182    0.44871145486831665 0.60489726066589355  -0.58374923467636108         1.2705771923065186 1.145397424697876 2.4415519237518311 
183    0.44608932733535767 0.6511576771736145  -1.466288685798645         0.45827341079711914 -3.1041674613952637 -1.718891978263855 
184    0.45823255181312561 0.10112351924180984  -1.6024863719940186         -2.5811169147491455 1.107499361038208 0.42569470405578613 
185    0.45267763733863831 0.22806495428085327  -0.97315043210983276         3.0043790340423584 1.7776796817779541 0.62099981307983398 
186    0.44991445541381836 0.42346245050430298  -0.33787497878074646         -3.1107561588287354 -2.5738186836242676 -2.2968597412109375 
187    0.45353850722312927 0.50731998682022095  -0.30268716812133789         2.4781138896942139 1.7836730480194092 2.3558418750762939 
188    0.45622733235359192 0.53902840614318848  -2.4258322715759277         3.0976583957672119 -1.6641466617584229 -2.3613753318786621 
189    0.45666128396987915 0.6076047420501709  -0.40780380368232727         2.034109354019165 1.9077026844024658 2.8290340900421143 
190    0.45191949605941772 0.62085455656051636  -1.9745694398880005         -1.9030200242996216 2.8694021701812744 1.1637427806854248 
191    0.45763513445854187 0.68365854024887085  -2.3732151985168457         1.6245996952056885 2.4984824657440186 -2.9155991077423096 
192    0.45528703927993774 0.82324951887130737  -1.6843894720077515         1.4905221462249756 1.4786112308502197 -2.0885481834411621 
193    0.45229461789131165 0.97070819139480591  -1.1697124242782593         2.0534622669219971 -0.80571174621582031 0.46304917335510254 
194    0.46047243475914001 0.017155883833765984  -0.59097236394882202         -1.3065317869186401 -0.58726143836975098 0.14103960990905762 
195    0.46166056394577026 0.24707549810409546  -1.55354905128479         -0.34831380844116211 -2.5977721214294434 1.1851084232330322 
196    0.46660709381103516 0.40239351987838745  -1.930031418800354         -1.6277197599411011 2.182504415512085 2.7010753154754639 
197    0.4736207127571106 0.06185358390212059  -0.62367516756057739         -0.92325997352600098 -1.170844554901123 0.25847244262695312 
198    0.4796910285949707 0.28881502151489258  -0.52228015661239624         -0.54034638404846191 -1.0408875942230225 -1.8102190494537354 
199    0.47040793299674988 0.63319796323776245  -2.027165412902832         2.1687824726104736 -0.86307382583618164 -2.7527563571929932 
200    0.47780600190162659 0.6638522744178772  -1.158939003944397         -0.43622636795043945 -3.1322367191314697 -1.014312744140625 
201    0.47986710071563721 0.14484988152980804  -0.8329433798789978         -0.44188284873962402 -1.7812243700027466 0.2213752269744873 
202    0.48209509253501892 0.30798259377479553  -2.4866588115692139         -2.3682756423950195 2.9091536998748779 -2.3634135723114014 
203    0.48052966594696045 0.61831796169281006  -1.7235682010650635         1.0572869777679443 -2.6890168190002441 -2.50168776512146 
204    0.48746806383132935 0.69525748491287231  -1.7183701992034912         -0.21492886543273926 2.9518692493438721 -1.0328054428100586 
205    0.48822277784347534 0.72896271944046021  -1.4145019054412842         -0.28915905952453613 2.6342399120330811 -0.43804168701171875 
206    0.48732936382293701 0.84025132656097412  -1.8853063583374023         2.4139187335968018 -1.9954614639282227 1.3978140354156494 
207    0.4879680871963501 0.9180033802986145  -1.3020840883255005         1.8118655681610107 0.33827877044677734 -1.3745827674865723 
208    0.49796751141548157 0.069258011877536774  -1.2556027173995972         -1.8682515621185303 1.0667273998260498 -1.196906566619873 
209    0.49105170369148254 0.28385317325592041  -1.2612537145614624         0.47815370559692383 -2.45957350730896 -0.16261386871337891 
210    0.49476349353790283 0.30684682726860046  -1.9648500680923462         -2.5535528659820557 0.86161541938781738 2.0909225940704346 
211    0.49166598916053772 0.40913456678390503  -1.0582607984542847         0.42493319511413574 -1.9576655626296997 -1.6506955623626709 
212    0.49485224485397339 0.53880608081817627  -2.0103819370269775         2.1584913730621338 -1.8497688770294189 -2.3230867385864258 
213    0.49750050902366638 0.56072872877120972  -1.0557210445404053         -0.3448796272277832 1.9170806407928467 1.8715097904205322 
214    0.49886402487754822 0.63938796520233154  -0.84373652935028076         -0.13482093811035156 1.7037866115570068 1.60188889503479 
215    0.49664723873138428 0.64433926343917847  -1.9471054077148438         1.5265829563140869 -2.050971508026123 -2.9937350749969482 
216    0.49526473879814148 0.69259786605834961  -2.1694505214691162         1.5719645023345947 1.6639106273651123 -2.9834728240966797 
217    0.50982892513275146 0.39825531840324402  -1.8656139373779297         1.8658878803253174 -2.5784413814544678 -1.2772940397262573 
218    0.50629150867462158 0.47611293196678162  -2.0943000316619873         -2.3959169387817383 1.9201295375823975 2.163402795791626 
219    0.503184974193573 0.49638408422470093  -0.11612202227115631         2.3281219005584717 2.1101701259613037 2.0608670711517334 
220    0.50015908479690552 0.68888920545578003  -2.1439909934997559         1.5692527294158936 1.5100400447845459 -3.0081560611724854 
221    0.5020298957824707 0.84375709295272827  -1.5579630136489868         1.9922935962677002 0.13905215263366699 -1.8233997821807861 
222    0.50207996368408203 0.92298310995101929  -1.2880003452301025         1.9006574153900146 0.082556009292602539 -1.2413582801818848 
223    0.5134924054145813 0.19510090351104736  -1.7194801568984985         -1.4853818416595459 -1.2318195104598999 2.2823517322540283 
224    0.51116943359375 0.22851948440074921  -1.7346113920211792         -2.1450028419494629 0.18376755714416504 2.0971357822418213 
225    0.51518762111663818 0.34728208184242249  -1.0388929843902588         0.62856435775756836 3.0530269145965576 1.1712214946746826 
226    0.51638889312744141 0.34869769215583801  -0.65570145845413208         -3.0341744422912598 -3.0546157360076904 -1.6535549163818359 
227    0.51660895347595215 0.56831479072570801  -2.17732834815979         -2.4779500961303711 2.5101349353790283 1.6509220600128174 
228    0.5129626989364624 0.58905071020126343  -1.3828407526016235         0.49263453483581543 -2.5542640686035156 -2.3123862743377686 
229    0.513619065284729 0.62541061639785767  -0.53974568843841553         3.004098653793335 2.8957159519195557 1.8087875843048096 
230    0.51684266328811646 0.76655828952789307  -1.421850323677063         -3.0869226455688477 -2.3299939632415771 0.23564720153808594 
231    0.51241564750671387 0.79227149486541748  -1.6952413320541382         1.8698670864105225 0.38329792022705078 -2.2312259674072266 
232    0.52747070789337158 0.11305192857980728  -0.4085504412651062         -0.50279927253723145 -1.2711330652236938 -0.33166623115539551 
233    0.5244823694229126 0.16746261715888977  -1.1767981052398682         -0.33457851409912109 -2.0750937461853027 0.78508782386779785 
234    0.52970641851425171 0.21440798044204712  -1.6397908926010132         -0.57018947601318359 -2.3460969924926758 1.6619093418121338 
235    0.52077627182006836 0.28888460993766785  -2.0002739429473877         -1.5167510509490967 -1.2281681299209595 2.8633959293365479 
236    0.52253633737564087 0.30684959888458252  -0.7261650562286377         -0.60597038269042969 -0.72513556480407715 -2.2025208473205566 
237    0.52895796298980713 0.37226435542106628  -0.27344754338264465         -2.2553215026855469 -2.8616087436676025 -2.3119029998779297 
238    0.52939778566360474 0.472188800573349  -0.78763216733932495         -0.49803256988525391 -1.8835740089416504 -2.3534924983978271 
239    0.52990686893463135 0.53157031536102295  -1.4606873989105225         0.92503666877746582 -1.910956859588623 -2.3821635246276855 
240    0.53022909164428711 0.59689801931381226  -2.1136882305145264         2.6938831806182861 -1.5649560689926147 -1.9852948188781738 
241    0.52051711082458496 0.64196360111236572  -0.62928169965744019         -2.4559040069580078 -2.2791948318481445 -1.0414423942565918 
242    0.52796202898025513 0.69420796632766724  -0.650654137134552         0.32456231117248535 1.0332710742950439 1.9151923656463623 
243    0.52482420206069946 0.71300321817398071  -1.6221587657928467         -0.39240145683288574 2.8122084140777588 -0.82458710670471191 
244    0.53046900033950806 0.27908208966255188  -1.9654949903488159         -1.4681320190429688 -1.2641913890838623 2.7995402812957764 
245    0.53090274333953857 0.31385812163352966  -2.071793794631958         -1.4636212587356567 1.9600389003753662 -2.9959237575531006 
246    0.53815817832946777 0.3647388219833374  -1.7890927791595459         -1.4096323251724243 1.1318657398223877 2.9529492855072021 
247    0.53803282976150513 0.40017387270927429  -0.56764823198318481         -1.3677338361740112 -2.0353484153747559 -2.7578215599060059 
248    0.53759485483169556 0.46363276243209839  -0.96587949991226196         0.2371525764465332 2.331068754196167 2.2379400730133057 
249    0.53923004865646362 0.48746845126152039  -0.17149472236633301         -2.249237060546875 -2.3696393966674805 -1.9609063863754272 
250    0.53543847799301147 0.55391883850097656  -0.71904534101486206         0.74324893951416016 1.7422235012054443 2.4989826679229736 
251    0.53446012735366821 0.64912736415863037  -2.3880634307861328         -2.7121477127075195 3.0439784526824951 1.0676181316375732 
252    0.53454917669296265 0.84633255004882812  -1.8683419227600098         2.6273391246795654 -1.9412600994110107 0.57559847831726074 
253    0.54203951358795166 0.81306028366088867  -1.6018242835998535         0.8086082935333252 2.0298364162445068 -1.8099781274795532 
254    0.55806136131286621 0.19188214838504791  -0.85109198093414307         0.035668849945068359 -1.8593909740447998 -0.15941810607910156 
255    0.56025409698486328 0.34700882434844971  -0.68409663438796997         -1.5266889333724976 -3.1001737117767334 -2.8124866485595703 
256    0.55407196283340454 0.35496541857719421  -1.6631717681884766         -0.69730401039123535 2.9956872463226318 2.6388199329376221 
257    0.55328142642974854 0.38637641072273254  -0.70984548330307007         -1.1711829900741577 -1.8134152889251709 -2.8916261196136475 
258    0.55286800861358643 0.42830517888069153  -0.82929474115371704         0.6570889949798584 2.6657440662384033 1.9236428737640381 
259    0.55716508626937866 0.46731892228126526  -1.5485091209411621         -1.2254930734634399 1.601088285446167 2.3782975673675537 
260    0.55355745553970337 0.56888830661773682  -1.5465469360351562         0.98802924156188965 -1.7278403043746948 -2.657081127166748 
261    0.55328184366226196 0.61965888738632202  -1.8531943559646606         2.0966541767120361 -1.1333408355712891 -2.2805581092834473 
262    0.553150475025177 0.62266212701797485  -2.2760603427886963         -2.5933916568756104 2.8771140575408936 1.0730984210968018 
263    0.55108910799026489 0.87668091058731079  -1.500940203666687         2.3081638813018799 -0.86755800247192383 -0.88400030136108398 
264    0.56348967552185059 0.044001422822475433  -1.0047917366027832         -1.4685673713684082 -0.43474698066711426 0.98267483711242676 
265    0.56461751461029053 0.34483936429023743  -2.4886133670806885         -0.94746255874633789 -3.1043367385864258 2.9117419719696045 
266    0.56229490041732788 0.37632852792739868  -0.9073716402053833         -0.94328069686889648 -1.0458633899688721 -2.917346715927124 
267    0.56934714317321777 0.3815726637840271  -2.4192779064178467         2.8659703731536865 -2.9237284660339355 -1.1232349872589111 
268    0.5639185905456543 0.41038879752159119  -0.38207149505615234         -1.7520742416381836 -2.6587533950805664 -2.4062955379486084 
269    0.5706818699836731 0.46277311444282532  -1.9351116418838501         2.183422327041626 -2.2249364852905273 -1.5293116569519043 
270    0.56425929069519043 0.63720422983169556  -1.7809001207351685         1.0175588130950928 -2.4648938179016113 -2.9988853931427002 
271    0.56815332174301147 0.65147584676742554  -1.7752693891525269         1.1570999622344971 -0.36652255058288574 -3.1318981647491455 
272    0.56997889280319214 0.7516627311706543  -1.8984860181808472         0.9388573169708252 2.0709245204925537 -2.4012503623962402 
273    0.56173241138458252 0.81805366277694702  -1.6221414804458618         1.1085159778594971 1.5746238231658936 -2.0757536888122559 
274    0.56492406129837036 0.82781463861465454  -1.8333460092544556         2.1625649929046631 -2.0242636203765869 1.4755856990814209 
275    0.56313496828079224 0.89486682415008545  -1.3797972202301025         2.1193125247955322 -0.59270286560058594 -0.98340964317321777 
276    0.57667738199234009 0.12103709578514099  -1.3418762683868408         -1.4057273864746094 -0.7886354923248291 1.69875168800354 
277    0.57793766260147095 0.35253652930259705  -1.5657247304916382         -1.0836822986602783 0.69136738777160645 -3.1404097080230713 
278    0.57693272829055786 0.36788374185562134  -0.80651015043258667         -1.0787937641143799 -1.9863637685775757 -3.0522172451019287 
279    0.5793529748916626 0.38729313015937805  -0.95967191457748413         -0.74714541435241699 -0.96561455726623535 -2.88334059715271 
280    0.57819193601608276 0.51277375221252441  -1.9563130140304565         2.3009493350982666 -1.9815610647201538 -1.7023748159408569 
281    0.57163321971893311 0.57152038812637329  -0.57648384571075439         1.2823460102081299 2.4052350521087646 2.5853035449981689 
282    0.58439946174621582 0.14857906103134155  -1.4400101900100708         -1.325206995010376 -0.96514320373535156 1.8935906887054443 
283    0.59082281589508057 0.4345099925994873  -1.5795304775238037         -1.3316417932510376 1.1763169765472412 2.4737551212310791 
284    0.58667796850204468 0.44405949115753174  -0.68499648571014404         1.0821163654327393 2.7568190097808838 1.8299171924591064 
285    0.58089643716812134 0.59083950519561768  -0.6851838231086731         -2.6355421543121338 -2.4504044055938721 -1.0983490943908691 
286    0.58698511123657227 0.63725167512893677  -1.6855142116546631         0.64089775085449219 -3.0711424350738525 -2.7803316116333008 
287    0.58609694242477417 0.64838671684265137  -2.1463510990142822         0.045219898223876953 3.1069109439849854 -2.1253178119659424 
288    0.59060591459274292 0.66408127546310425  -0.82852965593338013         -0.1723482608795166 1.2043282985687256 1.8073642253875732 
289    0.58738201856613159 0.92281317710876465  -1.2045067548751831         1.6858985424041748 -1.0898170471191406 1.1642491817474365 
290    0.59762680530548096 0.23240338265895844  -1.5232052803039551         -0.046049594879150391 -2.4160232543945312 1.2645823955535889 
291    0.59829580783843994 0.39449611306190491  -1.5860704183578491         -0.88148808479309082 1.276437520980835 2.9952962398529053 
292    0.5941469669342041 0.48130640387535095  -1.3438130617141724         -0.68480372428894043 1.3521420955657959 2.5729525089263916 
293    0.595012366771698 0.6121637225151062  -2.1588847637176514         -2.4065213203430176 2.8525660037994385 0.70263028144836426 
294    0.59159374237060547 0.70306301116943359  -2.2831218242645264         2.3849160671234131 -2.7973833084106445 1.6144068241119385 
295    0.59468543529510498 0.96664595603942871  -1.0001097917556763         1.740797758102417 -0.35163688659667969 -0.408721923828125 
296    0.61059695482254028 0.38715428113937378  -0.76944214105606079         -1.2513188123703003 -3.0225591659545898 -2.6948065757751465 
297    0.60930216312408447 0.40651613473892212  -1.5635855197906494         -0.93829679489135742 0.80830192565917969 2.8868906497955322 
298    0.60821992158889771 0.50595319271087646  -1.3913483619689941         -1.1080067157745361 1.3896677494049072 2.1489498615264893 
299    0.60975807905197144 0.68205314874649048  -2.0734355449676514         2.8747265338897705 -1.9781332015991211 -0.84917116165161133 
300    0.60337185859680176 0.77025127410888672  -1.636466383934021         0.33777689933776855 2.3218352794647217 -1.6866046190261841 
301    0.6189730167388916 0.33335784077644348  -1.8169156312942505         0.77685952186584473 -2.9011924266815186 1.1079189777374268 
302    0.6165350079536438 0.40605080127716064  -0.84695827960968018         -1.0239942073822021 -2.8419773578643799 -2.7985639572143555 
303    0.61543136835098267 0.52235692739486694  -1.0202541351318359         -0.42670202255249023 -2.6359713077545166 -2.54300856590271 
304    0.61644136905670166 0.55367082357406616  -1.0294132232666016         0.38850498199462891 1.544755220413208 2.9072296619415283 
305    0.61440163850784302 0.70319646596908569  -1.670680046081543         2.1075179576873779 -0.92042303085327148 -1.790556788444519 
306    0.62269151210784912 0.1523822695016861  -1.6749385595321655         -2.2462036609649658 1.8211057186126709 -0.67852306365966797 
307    0.62637078762054443 0.35031974315643311  -1.511046290397644         -0.74917054176330566 0.75873994827270508 -2.9225568771362305 
308    0.62592601776123047 0.47728487849235535  -1.226747989654541         0.50869917869567871 -1.018275260925293 -2.4960732460021973 
309    0.62967360019683838 0.56572014093399048  -1.3813498020172119         0.14936089515686035 -2.7439475059509277 -2.8165521621704102 
310    0.62994658946990967 0.60386210680007935  -1.2795861959457397         -2.3892955780029297 -3.1222472190856934 -0.11662006378173828 
311    0.62219256162643433 0.61222237348556519  -1.1033521890640259         -0.76476073265075684 1.507951021194458 1.6382138729095459 
312    0.62388253211975098 0.63020455837249756  -1.8208662271499634         0.87563967704772949 0.77173852920532227 -3.0379033088684082 
313    0.62593156099319458 0.63486659526824951  -1.4260454177856445         -2.9723529815673828 -2.8542778491973877 0.11005496978759766 
314    0.62819957733154297 0.66595637798309326  -2.3369405269622803         2.8012521266937256 -2.840878963470459 0.81719231605529785 
315    0.62312519550323486 0.74488657712936401  -2.0714943408966064         2.3941104412078857 -2.4840459823608398 1.1644089221954346 
316    0.62163001298904419 0.79878795146942139  -1.6726045608520508         1.5667741298675537 -1.7407528162002563 2.0069129467010498 
317    0.63377505540847778 0.25548505783081055  -1.7789734601974487         -0.55704951286315918 -2.1446716785430908 2.1635315418243408 
318    0.63874334096908569 0.34941953420639038  -1.8431535959243774         0.90134501457214355 -2.9011924266815186 1.1079189777374268 
319    0.63547235727310181 0.52224951982498169  -1.2296223640441895         -0.31655383110046387 0.85125899314880371 2.6717298030853271 
320    0.63818562030792236 0.7169414758682251  -1.5346555709838867         0.95648026466369629 -1.1605383157730103 2.5881249904632568 
321    0.63476705551147461 0.84647274017333984  -1.343921422958374         1.3371951580047607 0.64991283416748047 -1.794508695602417 
322    0.64754718542098999 0.057292990386486053  -0.66277945041656494         -0.83385372161865234 -0.89606690406799316 0.53997445106506348 
323    0.64661294221878052 0.089742861688137054  -1.1468983888626099         -1.5502276420593262 1.0698230266571045 -1.1180930137634277 
324    0.6440424919128418 0.27758589386940002  -1.3648126125335693         0.6925361156463623 -2.3729124069213867 0.31500840187072754 
325    0.65127295255661011 0.48979201912879944  -1.1750829219818115         0.33920717239379883 2.9119222164154053 2.743394136428833 
326    0.64174902439117432 0.65372145175933838  -0.96014231443405151         -0.59298849105834961 1.4127171039581299 1.4734847545623779 
327    0.65324699878692627 0.41718083620071411  -1.5160821676254272         -0.86324763298034668 0.25513744354248047 2.7627322673797607 
328    0.6540299654006958 0.42491164803504944  -2.224794864654541         -0.4306797981262207 -2.2540907859802246 3.1050951480865479 
329    0.65213865041732788 0.45711281895637512  -0.82173293828964233         1.874805212020874 3.0816829204559326 1.0831859111785889 
330    0.65889930725097656 0.57593357563018799  -2.3699069023132324         0.23615860939025879 2.8788259029388428 -2.9186997413635254 
331    0.656219482421875 0.58783137798309326  -1.5021200180053711         1.4881322383880615 -0.92908501625061035 -2.1228575706481934 
332    0.65591537952423096 0.87387800216674805  -1.4014836549758911         1.7539889812469482 -1.4783620834350586 1.1391298770904541 
333    0.66920393705368042 0.16204732656478882  -1.4094012975692749         -2.0864741802215576 1.1165964603424072 0.63045716285705566 
334    0.66866767406463623 0.44596192240715027  -2.339216947555542         -2.9315207004547119 2.7920763492584229 0.16274118423461914 
335    0.66865313053131104 0.46469768881797791  -2.1942431926727295         -2.7435646057128906 2.5922167301177979 0.48400759696960449 
336    0.66428583860397339 0.53113973140716553  -1.4053155183792114         0.10144805908203125 0.0480499267578125 3.0555145740509033 
337    0.66966408491134644 0.59861189126968384  -1.4939851760864258         0.38185334205627441 -0.6530768871307373 2.9042322635650635 
338    0.6676669716835022 0.65105009078979492  -1.6430214643478394         -1.2456191778182983 2.6138012409210205 -0.30408573150634766 
339    0.67731767892837524 0.19854900240898132  -1.6345802545547485         -1.682544469833374 1.8502757549285889 -1.5479196310043335 
340    0.67282205820083618 0.51226359605789185  -2.2148382663726807         -1.0307297706604004 3.0975358486175537 -2.0150156021118164 
341    0.67456191778182983 0.57062745094299316  -2.2586750984191895         0.092990398406982422 2.725388765335083 -2.8050858974456787 
342    0.67755812406539917 0.59641575813293457  -1.4180312156677246         0.29221177101135254 -0.49194049835205078 2.8305766582489014 
343    0.67907631397247314 0.73781520128250122  -0.65574514865875244         -0.22324728965759277 1.1344230175018311 1.1989290714263916 
344    0.68114233016967773 0.93549323081970215  -0.89321321249008179         1.4196188449859619 -0.72730493545532227 0.71122288703918457 
345    0.6908409595489502 0.26298537850379944  -1.333549976348877         0.45702266693115234 -2.2442014217376709 0.6970522403717041 
346    0.68502199649810791 0.34195762872695923  -1.1167091131210327         -0.26296329498291016 0.11056160926818848 -2.4229083061218262 
347    0.68381834030151367 0.53140431642532349  -2.2732446193695068         -0.12144708633422852 2.7557742595672607 -2.8114662170410156 
348    0.69289928674697876 0.74858683347702026  -0.7400774359703064         0.28289699554443359 0.21721696853637695 1.8189675807952881 
349    0.71059447526931763 0.32162272930145264  -1.397895336151123         -1.2532532215118408 0.056743860244750977 2.1415321826934814 
350    0.71095842123031616 0.50095647573471069  -1.3839757442474365         -0.33883905410766602 -0.18721961975097656 2.6698887348175049 
351    0.70746582746505737 0.59245854616165161  -1.9001076221466064         -0.81595444679260254 2.7709829807281494 -1.5909968614578247 
352    0.70403397083282471 0.68322068452835083  -1.9187213182449341         2.3551981449127197 -2.3288192749023438 0.34740161895751953 
353    0.70746076107025146 0.90462350845336914  -0.85004562139511108         0.83666133880615234 0.87816071510314941 -0.9454498291015625 
354    0.70735436677932739 0.91574591398239136  -0.51911628246307373         0.9439551830291748 -0.18662524223327637 0.88265776634216309 
355    0.71910738945007324 0.42919161915779114  -1.8571408987045288         1.2214009761810303 -2.7507650852203369 1.1554214954376221 
356    0.71947395801544189 0.45055553317070007  -1.4876343011856079         -0.044799089431762695 0.74127459526062012 -2.7332096099853516 
357    0.71291416883468628 0.5459674596786499  -1.1192119121551514         -0.79900193214416504 0.88241028785705566 1.9169371128082275 
358    0.71727621555328369 0.76384025812149048  -1.3100178241729736         1.7135460376739502 -0.65039491653442383 -1.3476521968841553 
359    0.72873038053512573 0.074110552668571472  -0.79024380445480347         -1.3261021375656128 0.60596847534179688 -0.46258997917175293 
360    0.72686243057250977 0.12832631170749664  -1.1527756452560425         -1.4686611890792847 1.1836416721343994 -0.98154449462890625 
361    0.72686749696731567 0.46284011006355286  -1.8793004751205444         1.5157339572906494 -2.7318947315216064 0.92854094505310059 
362    0.72853541374206543 0.91793590784072876  -0.82214605808258057         1.3414552211761475 -0.11605477333068848 -0.59079766273498535 
363    0.73962336778640747 0.23484767973423004  -1.5595161914825439         -1.5152479410171509 1.8301355838775635 -1.4396520853042603 
364    0.73567676544189453 0.36066681146621704  -1.7756514549255371         -2.1955208778381348 2.1528966426849365 0.060361623764038086 
365    0.73863750696182251 0.37908133864402771  -1.7708505392074585         -2.1687052249908447 2.1672890186309814 0.10401487350463867 
366    0.73468202352523804 0.41941294074058533  -1.298985481262207         -0.99615192413330078 0.30225515365600586 2.1687500476837158 
367    0.73763865232467651 0.51049262285232544  -1.4200108051300049         0.31622171401977539 0.5022895336151123 -2.598729133605957 
368    0.74012571573257446 0.62011426687240601  -1.3073562383651733         1.4090402126312256 -0.75565266609191895 -1.717050313949585 
369    0.74677062034606934 0.27575734257698059  -1.2719752788543701         0.42512154579162598 -2.0750937461853027 0.78508782386779785 
370    0.74382644891738892 0.50869077444076538  -1.9517245292663574         0.56505799293518066 -2.3959755897521973 2.3350393772125244 
371    0.75472509860992432 0.23844154179096222  -1.259488582611084         -0.91246366500854492 -0.71733236312866211 1.8515312671661377 
372    0.75929266214370728 0.26649773120880127  -0.58490413427352905         0.24794840812683105 -0.96891045570373535 -1.0154228210449219 
373    0.76199036836624146 0.38043415546417236  -1.2348548173904419         -1.2400650978088379 0.53708124160766602 1.7682278156280518 
374    0.75693303346633911 0.43467390537261963  -1.7044720649719238         1.19138503074646 -2.5260436534881592 0.9785916805267334 
375    0.75558668375015259 0.47062283754348755  -1.8780839443206787         -1.2183897495269775 2.5758130550384521 -1.5741565227508545 
376    0.7605665922164917 0.48260205984115601  -1.873746395111084         -0.88925290107727051 2.471416711807251 -1.9160548448562622 
377    0.75888442993164062 0.5014379620552063  -1.2078529596328735         0.5295255184173584 -0.021397113800048828 -2.2633655071258545 
378    0.7598186731338501 0.52338880300521851  -1.808407187461853         1.5957601070404053 -2.5416233539581299 0.8974912166595459 
379    0.77102303504943848 0.35821083188056946  -1.2755566835403442         -0.34783530235290527 0.83789253234863281 -2.2584168910980225 
380    0.76859956979751587 0.47243547439575195  -1.7752718925476074         -1.5329767465591431 2.49251389503479 -0.9445648193359375 
381    0.77799355983734131 0.19268788397312164  -1.0212458372116089         -1.2754637002944946 0.091930150985717773 1.2223222255706787 
382    0.77977156639099121 0.30600050091743469  -1.4189592599868774         -0.41811513900756836 -1.3650990724563599 2.0045835971832275 
383    0.77277344465255737 0.33337625861167908  -1.0578659772872925         0.82539486885070801 -1.7560710906982422 -0.27069234848022461 
384    0.77546548843383789 0.46715095639228821  -1.4352798461914062         -1.6623996496200562 1.8052442073822021 0.57313108444213867 
385    0.78085660934448242 0.76456594467163086  -1.3384518623352051         1.2092320919036865 -1.4896867275238037 1.4717338085174561 
386    0.77756989002227783 0.77646869421005249  -1.3041547536849976         1.7851312160491943 -1.3923004865646362 -0.089302301406860352 
387    0.78051865100860596 0.84241020679473877  -0.89680814743041992         0.6173558235168457 0.96537470817565918 -1.0870261192321777 
388    0.78473633527755737 0.27234089374542236  -1.0346556901931763         -0.54237151145935059 0.68346714973449707 -1.8504663705825806 
389    0.78618210554122925 0.54323947429656982  -1.0579040050506592         -0.42649507522583008 0.1041710376739502 2.0354306697845459 
390    0.7873694896697998 0.63638359308242798  -1.5358613729476929         -0.38263463973999023 2.1359789371490479 -1.5435249805450439 
391    0.80187910795211792 0.53777211904525757  -1.5955982208251953         -1.0018503665924072 2.2904665470123291 -1.1797499656677246 
392    0.79960060119628906 0.62332284450531006  -1.5004590749740601         0.11991715431213379 1.5746238231658936 -2.0757536888122559 
393    0.80412513017654419 0.15742816030979156  -0.18798315525054932         -0.43773365020751953 -0.26119089126586914 -0.71776103973388672 
394    0.8083919882774353 0.37228569388389587  -1.4524189233779907         -0.12680339813232422 -1.5196678638458252 2.0118639469146729 
395    0.81789731979370117 0.61320102214813232  -1.2886395454406738         0.42163324356079102 0.87255358695983887 -2.0584871768951416 
396    0.82175636291503906 0.6274072527885437  -1.4025745391845703         0.65599775314331055 -1.4801617860794067 1.9181725978851318 
397    0.81795221567153931 0.67470914125442505  -1.1473307609558105         0.74793744087219238 0.46357274055480957 -1.8156096935272217 
398    0.82146292924880981 0.71684783697128296  -1.1659471988677979         -0.056867122650146484 1.6310179233551025 -1.2081015110015869 
399    0.81455850601196289 0.73352295160293579  -1.242142915725708         1.640329122543335 -1.3923004865646362 -0.089302301406860352 
400    0.8167424201965332 0.84383058547973633  -0.78171014785766602         1.1956465244293213 -0.25322461128234863 -0.61294674873352051 
401    0.84036374092102051 0.69011193513870239  -1.1022791862487793         -0.29321980476379395 1.6719596385955811 -0.9141075611114502 
402    0.84690606594085693 0.2478739321231842  -0.87662070989608765         -1.1009125709533691 0.22409677505493164 1.0249273777008057 
403    0.86193472146987915 0.35758885741233826  -1.2933871746063232         -1.1452809572219849 1.6725418567657471 -0.99045610427856445 
404    0.8640168309211731 0.16052496433258057  -0.46275767683982849         -0.86530876159667969 0.11173415184020996 0.12089872360229492 
405    0.8825078010559082 0.39741724729537964  -0.65221160650253296         0.56956791877746582 -0.85922980308532715 -0.76379179954528809 
406    0.88707345724105835 0.59576696157455444  -0.86474353075027466         1.0334084033966064 -0.77737903594970703 -0.82372212409973145 
407    0.90210431814193726 0.42342653870582581  -0.98341041803359985         0.64066171646118164 -1.4927434921264648 0.54265356063842773 
408    0.89613437652587891 0.49625295400619507  -0.76797020435333252         -0.48850679397583008 0.10236692428588867 1.3535888195037842 
409    0.89873844385147095 0.78018540143966675  -0.5461767315864563         0.7907402515411377 -0.49802184104919434 0.45734119415283203 
410    0.91395813226699829 0.30038544535636902  -0.64965236186981201         -0.73370695114135742 0.010954618453979492 0.85654258728027344 
411    0.90817642211914062 0.63878113031387329  -0.50928562879562378         -0.38792276382446289 0.82672286033630371 0.46567320823669434 
412    0.92861717939376831 0.299020916223526  -0.53316342830657959         -0.4745941162109375 0.45668888092041016 -0.80187034606933594 
413    0.97473591566085815 0.37456083297729492  -0.23873987793922424         0.0039551258087158203 -0.44469857215881348 0.10446310043334961 
414    0.97977536916732788 0.5088236927986145  -0.5025477409362793         0.20673418045043945 -0.59447383880615234 0.61547756195068359 
