0    -9.9766577854752541 -29.230796819172156 -87.255484211333624  -332.95208740234375         8 15 
1    16.285645544528961 89.008035778999329 -99.645926188106813  -187.57029724121094         8 15 
2    -12.251923837698996 -28.299425391480327 -59.511649340740405  -392.29501342773438         8 15 
3    -93.123580719149686 27.914972454309464 -99.777609110780759  -321.81671142578125         8 15 
4    91.036674618721008 -0.062255352548108989 -76.356802886927312  -301.97833251953125         8 15 
5    28.129096806049347 97.460579514503479 99.999452590942383  -271.422607421875         8 15 
6    80.677215754985809 -99.986384407988226 -94.828574171403943  -189.53114318847656         8 15 
7    3.2681437635110342 99.999831438064575 99.85009491443634  -272.56259155273438         8 15 
8    99.988146185874939 75.935636699199677 44.461006879806519  -245.36970520019531         8 15 
9    -41.870120831765234 -57.25431242826744 26.746937334537506  -298.9302978515625         8 15 
10    85.976182103157043 24.243856847286224 -99.844493946467992  -300.87307739257812         8 15 
11    64.962652146816254 68.922120451927185 -5.9300475418567657  -272.3857421875         8 15 
12    99.999715805053711 -36.287838093788338 77.087549954652786  -216.97100830078125         8 15 
13    48.27140581747517 -95.807313411988048 -44.529634855156473  -390.6134033203125         8 15 
14    99.736618638038635 99.90293562412262 85.490836262702942  -248.96369934082031         8 15 
15    -99.99985049503978 55.102697199210525 -31.285156443715096  -325.83758544921875         8 15 
16    -99.954008605504683 -99.999992269999225 73.326868653297424  -252.08036804199219         8 15 
17    99.183728694915771 -99.917212220141664 -68.957046622410417  -197.40118408203125         8 15 
18    71.381408303976059 99.968396663665771 -99.984178795766638  -312.04318237304688         8 15 
19    54.652215123176575 99.999080657958984 99.653268814086914  -346.53390502929688         8 15 
20    99.161886096000671 -57.369845993816853 3.9119586016167887  -253.22833251953125         8 15 
21    -18.523140490055084 96.495110273361206 52.150177985429764  -262.02938842773438         8 15 
22    6.0118884369730949 -14.190068741329014 99.999921083450317  -197.53466796875         8 15 
23    99.943142294883728 -67.075394462211989 99.999365329742432  -278.5106201171875         8 15 
24    8.5532038435339928 -1.9736442556604743 -77.235331933945417  -251.14230346679688         8 15 
25    -8.18916692316634 -99.800642791979044 -56.505594749003649  -324.65707397460938         8 15 
26    97.028899312019348 99.945340991020203 10.907179389148951  -231.96556091308594         8 15 
27    87.51483690738678 -19.737624898261856 0.14437168836593628  -246.50193786621094         8 15 
28    47.132680594921112 -14.235033042728901 -99.988648503027179  -244.53822326660156         8 15 
29    97.222404718399048 81.613178610801697 99.952130794525146  -266.10791015625         8 15 
30    99.700551271438599 -93.439201114699244 -99.526947055061257  -322.38153076171875         8 15 
31    -0.27302470803260803 -97.011143408176082 35.961798207834363  -406.85250854492188         8 15 
32    -57.223079551011324 -61.429869712052664 -98.130827281312747  -288.92599487304688         8 15 
33    -99.772394943509426 -99.943860480689978 -99.143009281850027  -310.05780029296875         8 15 
34    93.49556839466095 87.655303478240967 -30.497512545436621  -297.07220458984375         8 15 
35    -99.97949735836788 24.383574102073908 19.090021725103725  -236.57896423339844         8 15 
36    -25.648273572325706 13.386773107689805 -99.909552250805632  -213.54429626464844         8 15 
37    64.785704612731934 77.063899993896484 99.999971151351929  -304.69021606445312         8 15 
38    4.4711260530042409 -44.469564850283703 -83.835109801409999  -306.65283203125         8 15 
39    -99.991759981887157 71.284641981124878 -99.960538852123989  -258.28070068359375         8 15 
40    -5.7916871756315231 -63.766585527088758 -88.542250189880178  -204.69874572753906         8 15 
41    -35.21945771202445 -8.9625804079696536 -59.977232720702887  -218.825439453125         8 15 
42    -3.369917705655098 -36.350673488341272 34.155620232224464  -350.18045043945312         8 15 
43    -99.939252355594107 12.441566959023476 -56.267166340362117  -270.433349609375         8 15 
44    49.17288033850491 99.999498605728149 -99.987757108945516  -359.10614013671875         8 15 
45    -17.437656171619892 99.999726533889771 7.1624027192592621  -322.90374755859375         8 15 
46    4.4539266228675842 -46.116960904619191 4.2555175423622131  -285.14190673828125         8 15 
47    99.212595343589783 -74.655978468130343 17.183619989082217  -298.61123657226562         8 15 
48    -99.986751370347974 99.999990940093994 -66.631381308180124  -222.85716247558594         8 15 
49    -79.326371443108656 99.999983787536621 -99.428943559905747  -374.53216552734375         8 15 
50    6.5759513870580122 96.077470421791077 -62.47252441640012  -315.90667724609375         8 15 
51    3.7189709842205048 -99.999981938015111 99.581421256065369  -186.65144348144531         8 15 
52    34.990256190299988 77.618501424789429 80.473765522241592  -255.9996337890625         8 15 
53    -29.005221275280832 99.847847104072571 -46.972238822330837  -340.41555786132812         8 15 
54    99.944934368133545 -98.890477834735066 6.0501735806465149  -171.07002258300781         8 15 
55    -99.985750926857165 -74.386879709988534 99.999454021453857  -271.26766967773438         8 15 
56    -74.921719094027821 100 47.932102203369141  -433.52313232421875         8 15 
57    -69.42932653054595 -99.999905618201026 86.318611696362495  -340.57684326171875         8 15 
58    97.004342079162598 99.999930381774902 50.687884211540222  -271.629150390625         8 15 
59    -45.330388279146668 -42.140950761735439 -56.168502103537321  -279.12567138671875         8 15 
60    49.603093028068542 -91.319077824874697 99.994322776794434  -278.72769165039062         8 15 
61    -99.998414871985489 13.384206786751747 95.250065803527832  -228.35137939453125         8 15 
62    80.096641361713409 -88.568135082321533 -67.515724938362837  -286.93319702148438         8 15 
63    26.430390149354935 -99.295507584756706 2.9261003827086824  -257.47531127929688         8 15 
64    -99.998862094781643 100 58.138647563755512  -256.02398681640625         8 15 
65    100 -19.735438903328031 -28.010699095731979  -294.16128540039062         8 15 
66    89.562897562980652 36.387710332870483 99.995324611663818  -277.32537841796875         8 15 
67    85.910058856010437 -99.880208404664515 96.680142641067505  -236.44221496582031         8 15 
68    -82.238462328445166 12.949305340647697 -74.27159348424081  -265.56460571289062         8 15 
69    -99.653951261723705 75.475414395332336 -38.621378279320197  -230.40853881835938         8 15 
70    35.543466091156006 1.3562400937080383 -15.655102729797363  -131.76336669921875         8 15 
71    32.85767312720418 39.136308543384075 99.999952554702759  -270.66696166992188         8 15 
72    27.179318249225616 4.5990365445613861 -51.533862411975861  -296.66030883789062         8 15 
73    99.974434852600098 72.914623185992241 17.17903246980859  -264.904541015625         8 15 
74    -99.919714610194205 89.28824120759964 17.477977842092514  -119.06105804443359         8 15 
75    -14.025089391041547 -77.772621145471931 -56.825722956094907  -324.26309204101562         8 15 
76    17.515178561210632 16.955822229385376 -14.247477412223816  -126.78524017333984         8 15 
77    98.455830693244934 -99.999860221107156 80.904895707964897  -202.93728637695312         8 15 
78    -36.026706716045737 69.132307589054108 -81.299929214743315  -265.15884399414062         8 15 
79    48.873624742031097 -85.562084613367915 -10.879434307222255  -356.04754638671875         8 15 
80    -71.659487366676331 98.645031929016113 99.995571732521057  -329.83526611328125         8 15 
81    98.070184230804443 42.845440305769444 -93.964119271014852  -297.80194091796875         8 15 
82    -99.999480619281115 -99.998111141687971 99.999879121780396  -358.680419921875         8 15 
83    26.852289468050003 -77.486357760615647 -82.412478000856936  -161.48966979980469         8 15 
84    99.999830722808838 -10.755757302045822 -99.998394491639857  -259.10321044921875         8 15 
85    99.715258955955505 69.988993644714355 -18.240669578313828  -214.75750732421875         8 14 
86    -61.872997152100652 99.849789142608643 -87.025170934315952  -251.61346435546875         8 14 
87    -99.919862391421361 -30.166366025576281 20.28338760137558  -314.19119262695312         8 14 
88    92.527234673500061 63.266448497772217 84.994871020317078  -274.0858154296875         8 14 
89    30.514623701572418 15.543615221977234 -74.649933945387602  -211.3935546875         8 14 
90    99.750174999237061 89.185730546712875 -99.970139678552982  -280.18115234375         8 14 
91    -99.991751252885919 99.99924898147583 -99.897287176734267  -330.60052490234375         8 14 
92    -60.442942729617471 -97.150928492445018 -89.242938233932364  -255.53073120117188         8 14 
93    99.991966843605042 -5.4761963486671448 16.589140136959031  -241.76467895507812         8 14 
94    -0.88060656117158942 53.147992670536041 -99.957137893757135  -219.35511779785156         8 14 
95    -99.999821584873246 -14.610599895939231 -68.728452194947749  -347.53353881835938         8 14 
96    -42.118202900514007 -42.856303048320115 12.891440510749817  -216.56318664550781         8 14 
97    -99.994442247892039 9.2445113658905029 -90.158596642823554  -250.1258544921875         8 14 
98    -99.951542539747606 -99.997573896682269 -78.665403317660093  -304.54318237304688         8 14 
99    -22.036361143458635 -70.072130912083949 -99.978324336469086  -225.05718994140625         8 14 
100    12.792229324579239 -91.471227053334587 -93.930552850443064  -175.29080200195312         8 14 
101    -94.112759951403177 -95.57520940573886 41.021314003717634  -330.62896728515625         8 14 
102    -24.301109822466969 99.999857902526855 -99.971652615873921  -316.92990112304688         8 14 
103    23.512721031904221 -61.423492155969143 -59.066616304015042  -251.78581237792969         8 14 
104    99.99990701675415 14.230864852666855 -30.893958660541102  -187.06678771972656         8 14 
105    59.606591209769249 -98.968446271290304 62.425381066277623  -201.27555847167969         8 14 
106    92.548139572143555 22.377613306045532 -64.187578402779764  -282.68722534179688         8 14 
107    -67.479671000118742 99.999382495880127 -2.8801492909115041  -350.416748046875         8 14 
108    -43.534792840480804 89.960248231887817 -99.64704169368072  -287.23175048828125         8 14 
109    73.450679957866669 -8.937792144715786 -99.857759494334459  -258.59527587890625         8 14 
110    34.726746737957001 64.898232579231262 -23.917144566774368  -209.28646850585938         8 14 
111    99.999994993209839 99.999990701675415 -77.142574706114829  -251.81593322753906         8 14 
112    99.465275287628174 87.156505465507507 -49.028747901596944  -250.39889526367188         8 14 
113    -99.823127947883108 -55.523491029394791 0.51327482948482483  -326.40927124023438         8 14 
114    -60.777978638929042 -91.112648434005678 -58.040165033379367  -272.2132568359375         8 14 
115    1.2744406461715698 -10.957561373710632 -12.904565297067165  -210.61972045898438         8 14 
116    95.939764380455017 -31.550215291994391 -95.39920819667168  -234.60670471191406         8 14 
117    -26.272108845412731 -43.140958086471073 37.245828896760941  -235.7685546875         8 14 
118    -59.155375901988009 56.528952240943909 -95.436587483418407  -296.43728637695312         8 14 
119    82.491119891405106 -99.997267306570336 56.935092613101006  -160.87931823730469         8 14 
120    -99.76935565186055 -73.500725869700915 -50.98172263021479  -310.30618286132812         8 14 
121    -19.220804685748362 -99.956147833072464 -99.851768929427635  -266.91036987304688         8 14 
122    -99.999924579008706 99.09662401676178 98.405651688575745  -271.89132690429688         8 14 
123    -19.805142231285572 -99.99801826641152 47.776366075500846  -224.32099914550781         8 14 
124    71.437866862863302 -91.471414629072569 23.891115114092827  -281.6221923828125         8 14 
125    99.9072585105896 57.014739125967026 -69.72797958153933  -270.22616577148438         8 14 
126    -29.649022791534662 90.283828109502792 99.993525743484497  -312.73785400390625         8 14 
127    -98.067632895529186 -99.14895760343984 2.0997548699378967  -276.3546142578125         8 14 
128    -99.453825823962688 -99.999989537719884 -41.86846336722374  -314.703369140625         8 14 
129    -99.994591419315157 68.086782239377499 89.32917058467865  -327.85910034179688         8 14 
130    -92.224711651564576 50.225550236180425 -99.997400814265347  -285.55300903320312         8 14 
131    74.351954877376556 -62.687176387564463 -99.939203022044239  -317.83938598632812         8 14 
132    -56.121311142691411 -90.035184142953042 99.996303677558899  -290.78872680664062         8 14 
133    -66.640005152672529 -98.96945950681436 -4.3917864082031883  -276.55206298828125         8 14 
134    -23.634706424811156 -92.336804474376549 96.833206295967102  -247.82290649414062         8 14 
135    2.7776356562972069 73.94985020160675 99.999944686889648  -287.99514770507812         8 14 
136    97.087238073348999 -99.432827179683954 -18.83606410801417  -215.12010192871094         8 14 
137    -95.474650248969283 -79.967881073011085 -17.958329826593399  -263.11663818359375         8 14 
