0    -99.919714610194205 89.28824120759964 17.477977842092514  -119.06105804443359         8 15 
1    23.442396640777588 99.96864902973175 -43.420449669240043  -130.99868774414062         8 11 
2    -99.974450062632513 79.012594729661942 -41.025160203418636  -199.638916015625         8 14 
3    -18.023676134645939 3.9769171923398972 -65.616631686687469  -221.05075073242188         8 11 
4    13.650305390357971 -11.606214284896851 3.6609989404678345  -68.604904174804688         8 12 
5    26.047737240791321 -36.305648707493674 -2.8186806794255972  -132.96183776855469         8 11 
6    81.141290545463562 1.0825329422950745 59.280886299908161  -218.83322143554688         8 10 
7    20.162438094615936 84.757183909416199 -90.668090321513915  -127.35529327392578         8 12 
8    81.799908041954041 10.73984831571579 -10.512316248787101  -163.49691772460938         8 12 
9    69.750205814838409 -10.686006724834442 -28.234634220600128  -128.90904235839844         8 13 
10    -99.645077994536365 -55.044469373358879 33.00215457752347  -254.16653442382812         8 10 
11    82.25127911567688 -96.064022867940366 -8.354313517560513  -139.23550415039062         8 11 
12    -49.888530105352402 -70.814787024864927 62.007244594395161  -210.07760620117188         8 12 
13    -22.059705138206482 30.209566339850426 99.899698495864868  -222.90541076660156         8 10 
14    28.836194396018982 77.266408920288086 -29.230705812573433  -156.3057861328125         8 13 
15    -43.746951341629028 -48.817090256139636 52.166197195649147  -175.78732299804688         8 7 
16    -63.995810322463512 -25.227660298347473 -19.023254990577698  -201.78825378417969         8 10 
17    -40.169936865262343 -65.588857224211097 5.5389223098754883  -168.55792236328125         8 12 
18    -35.744860839098692 -44.997231340657891 -9.5038251429796219  -194.96357727050781         8 13 
19    13.031435251235962 27.58632368594408 99.839165091514587  -168.27052307128906         8 10 
20    21.997379660606384 29.428006052970886 -54.303752534091473  -79.0843505859375         8 14 
21    -99.928272775279765 29.50035834312439 99.137242197990417  -228.48246765136719         8 11 
22    -48.09653440117836 -34.963547986932099 -25.145275503396988  -199.53109741210938         8 10 
23    -81.673118263483047 -59.676780328751192 -34.312000531324884  -261.17529296875         8 10 
24    16.893654316663742 -61.279307985700143 -99.347658046045126  -168.49169921875         8 12 
25    -53.290074635879137 -25.810426249634475 47.355689913034439  -138.36482238769531         8 10 
26    99.894628047943115 52.276238441467285 -6.3852963447570801  -217.05203247070312         8 9 
27    -67.059600533393677 -52.472578224987956 99.915526986122131  -214.16610717773438         8 13 
28    34.828447699546814 -67.33525243853046 -13.581362843513489  -128.00051879882812         8 10 
29    23.29195237159729 14.293050169944763 85.963278293609619  -176.0804443359375         8 4 
30    71.367024004459381 36.235014446079731 38.450526118278503  -230.71739196777344         8 12 
31    37.028380393981934 92.150331139564514 31.88106681406498  -194.87257385253906         8 9 
32    72.615221381187439 -74.455821373412789 65.107297897338867  -170.96603393554688         8 9 
33    -36.794367626309395 -66.998426348509383 75.324251495301723  -188.04208374023438         8 10 
34    -4.6689826846122742 12.561515390872955 45.280624508857727  -230.16673278808594         8 9 
35    -39.056230041431263 99.997042179107666 6.3698277307839817  -151.71038818359375         8 12 
36    78.202291131019592 36.125955998897552 -71.769113274694973  -180.98713684082031         8 10 
37    -32.791816484435188 99.22531521320343 -11.586942803114653  -200.06404113769531         8 11 
38    -36.80609088256324 -42.11574149068656 99.987244963645935  -167.88697814941406         8 11 
39    -54.286142897268292 -81.109864181140438 11.769235730171204  -160.36457824707031         8 11 
40    -69.740289069712162 40.086711347103119 -29.133458241820335  -180.95857238769531         8 9 
41    99.885600924491882 -60.805053618997817 6.1343497633934021  -180.19828796386719         8 12 
42    99.975945472717285 -45.575032999739051 60.41713947057724  -194.88621520996094         8 7 
43    -47.855928614735603 -24.305270008509979 -9.5190179944038391  -165.14108276367188         8 9 
44    -80.141614010557532 47.972928984090686 26.451612206641585  -227.93743896484375         8 11 
45    24.182567566633224 -99.93582520345808 -35.123919957099133  -128.72119140625         8 8 
46    63.885267019271851 24.29299333691597 -70.699761353316717  -183.1470947265625         8 12 
47    -22.224720496684313 76.965588808059692 35.409789100289345  -187.7906494140625         8 5 
48    69.340187221765518 -72.584250807762146 86.896868348121643  -165.47793579101562         8 9 
49    4.6017841622233391 -82.078019697859418 27.894915819168091  -121.99114227294922         8 8 
50    69.429917573928833 69.332786917686462 -55.873379590455443  -195.00569152832031         8 11 
51    72.063843607902527 49.278174310922623 -45.961898938439845  -177.524169921875         8 12 
52    4.7587428689002991 4.9510251879692078 7.65741366147995  -151.98915100097656         8 12 
53    -86.724017217755318 97.657137632369995 46.231414318084717  -283.49087524414062         8 11 
54    39.535000085830688 18.405615493655205 72.186089754104614  -183.99642944335938         8 10 
55    -99.996811786795945 6.9931848049163818 60.273366838693619  -142.53236389160156         8 13 
56    14.680631935596466 -93.071434811805375 39.518577859271318  -183.48861694335938         8 10 
57    79.941166698932648 99.999274015426636 -27.257613956928253  -223.13331604003906         8 9 
58    99.809729099273682 80.426296651363373 81.399466037750244  -238.76942443847656         8 12 
59    -99.997575717613515 -66.696445688856159 99.91152036190033  -240.35173034667969         8 11 
60    -99.934901291271672 -28.919156908988953 10.863405460928334  -234.52517700195312         8 6 
61    -24.417875135550275 -49.602331303467508 63.004977415315807  -153.80136108398438         8 10 
62    55.460002183914185 -58.999490463287657 -55.433654627820943  -111.91279602050781         8 11 
63    -24.727362476289272 -64.549999315539026 24.344366710633039  -200.90608215332031         8 12 
64    -34.107911327620968 -45.181427404284477 14.524723913986236  -217.69427490234375         8 6 
65    -34.839520549401641 72.989326775074005 -53.490553504787385  -170.00430297851562         8 10 
66    -80.478707296773791 93.108871221542358 2.335766077041626  -183.28242492675781         8 13 
67    -9.4478506743907928 78.010984987020493 -99.766563575831242  -200.68603515625         8 11 
68    53.011683477088809 -81.729629381879931 -12.548910787794739  -161.70770263671875         8 11 
69    -37.495215063914657 -26.122814655303955 18.095598518848419  -164.65621948242188         8 10 
70    -44.429818488853925 -93.05026168031327 41.995608976110816  -166.75384521484375         8 7 
71    -35.262086421251297 23.84087347984314 -10.529848742298782  -106.61966705322266         8 10 
72    69.529636859893799 -76.806241780519485 -64.559417694807053  -167.35115051269531         8 7 
73    -63.243292525410652 54.525504052639008 99.348073720932007  -164.84724426269531         8 10 
74    -60.396764725446701 58.414143264293671 40.70163357257843  -176.04542541503906         8 9 
75    99.511194109916687 62.180598095059395 36.943181803449988  -255.57022094726562         8 9 
76    -8.4524856247007847 -39.201733504422009 -56.516558345407248  -174.70069885253906         8 9 
77    81.320136189460754 -20.835775226354599 16.388008892536163  -152.22865295410156         8 12 
78    -56.678525187075138 -4.4859026819467545 -7.8097942471504211  -223.87167358398438         8 10 
79    -28.163711613975465 -20.240659892559052 63.330643624067307  -187.24720764160156         8 5 
80    -43.177026649937034 86.061650514602661 23.742994427680969  -185.77815246582031         8 13 
81    99.703520894050598 -38.748679752228782 -96.519008175004274  -211.66102600097656         8 11 
82    -38.680993884801865 -97.533719134051353 17.586338400840759  -152.63865661621094         8 11 
83    36.853740572929382 -62.486863166093826 -99.999318042025465  -134.56494140625         8 7 
84    -85.306667724857107 23.367283463478088 -54.238360887975432  -192.14991760253906         8 9 
85    -98.978721984473665 91.289465308189392 -55.312686835133292  -152.80302429199219         8 13 
86    20.822653412818909 12.979546129703522 5.0619360208511353  -170.66883850097656         8 6 
87    29.841379642486572 30.837684154510498 -9.0808069407939911  -156.52166748046875         8 10 
88    40.294549345970154 24.60531759262085 -22.951237589120865  -185.12477111816406         8 7 
89    -58.663301020860672 36.241714537143707 -63.896741583943367  -194.47396850585938         8 9 
90    -25.626445289002731 -22.414055740460753 -3.6941905617713928  -226.86479187011719         8 10 
91    -29.085169489495456 -87.329739498418348 -57.236558036413044  -209.70974731445312         8 9 
92    -99.97043850176442 -13.786606073379517 -36.102416567316212  -250.69281005859375         8 10 
93    -58.686009810407995 -25.287875488866121 28.019228309392929  -229.765869140625         8 9 
94    23.386151552200317 56.459325313568115 2.4216337203979492  -130.88763427734375         8 6 
95    36.411276817321777 -2.2447260320186615 61.475191056728363  -167.48847961425781         8 9 
96    74.922106981277466 -94.015375926982543 74.482928901910782  -158.13758850097656         8 9 
97    -70.518870994448662 -6.858569860458374 28.425939813430887  -159.39236450195312         8 11 
98    20.098578214645386 -99.967806185712107 56.068631529808044  -130.07069396972656         8 7 
99    -12.882393986888928 60.782842668239027 -95.442434446420521  -182.99189758300781         8 7 
100    23.01732736825943 64.671598434448242 95.960352182388306  -189.05404663085938         8 11 
101    41.785829186439514 -28.758753269910812 99.986842513084412  -200.60678100585938         8 9 
102    -87.120439123362303 78.980300307273865 60.454087018966675  -189.179443359375         8 8 
103    12.397497862577438 -28.705243498086929 69.453324019908905  -135.60165405273438         8 10 
104    97.88590669631958 99.966022253036499 -25.389704164117575  -251.07295227050781         8 5 
105    -26.318950306624174 -72.262809825580007 -77.391172375997485  -203.99703979492188         8 9 
106    -17.859299680218101 67.464258968830109 -77.643652260303497  -161.65658569335938         8 5 
107    19.747475624084473 48.57553243637085 -67.449559533211868  -101.66232299804688         8 7 
108    -38.95576856180196 -18.571123719215393 -59.434155693743378  -160.33004760742188         8 7 
109    -38.377673603594303 -16.658359229564667 90.540645360946655  -211.57704162597656         8 9 
110    -29.738462442532182 77.609297305345535 92.716997265815735  -154.69453430175781         8 8 
111    19.823952913284302 77.996187686920166 -8.3252589106559753  -119.03411865234375         8 10 
112    -51.060279420373263 -49.087605230510235 -99.857312405947596  -212.14326477050781         8 3 
113    -39.617783609821345 2.7476504147052765 -50.648625189438462  -220.26243591308594         8 6 
114    -22.779971390962601 37.672963857650757 0.56834971904754639  -221.19271850585938         8 9 
115    -42.125619743019342 31.573237374424934 -37.569442868232727  -131.35179138183594         8 7 
116    63.577954053878784 -9.261188343167305 -46.029219023650512  -171.39837646484375         8 11 
117    -56.096456359140575 99.9902024269104 41.516817444819026  -220.53594970703125         8 11 
118    32.773048043251038 -42.876944169169292 28.699815273284912  -64.573089599609375         8 9 
119    57.09579986333847 -5.376999706029892 -66.190789077547379  -168.97026062011719         8 11 
120    85.035998642444611 -35.717309296131134 62.759475529193878  -163.7467041015625         8 9 
121    30.874475359916687 -51.616780201031361 45.71404966711998  -112.34409332275391         8 11 
122    8.1748213768005371 34.14094614982605 -73.484975725412369  -138.8406982421875         8 11 
123    -2.2176660597324371 67.942750453948975 -18.618848979473114  -231.32917785644531         8 7 
124    18.466683685779572 -59.947321390473007 -4.74930340051651  -133.20394897460938         8 10 
125    -12.368532255291939 67.482091665267944 50.942196100950241  -230.79737854003906         8 7 
126    -47.470959316939116 -81.267458438873291 87.10691499710083  -168.95976257324219         8 9 
127    35.28803962469101 -35.089865006622858 -51.656113527715206  -114.47510528564453         8 7 
128    10.60580125451088 8.4124032258987427 29.142430067062378  -251.76608276367188         8 10 
129    17.996950447559357 96.207409143447876 -18.814951688051224  -131.41046142578125         8 11 
130    81.918835401535034 22.524083953350782 68.940058827400208  -249.28477478027344         8 8 
131    -77.752252005040646 -59.382885136044933 15.199444055557251  -223.81986999511719         8 9 
132    80.726646542549133 46.97753119468689 -99.986981538713735  -200.14581298828125         8 11 
133    -42.685117368411738 20.632839605212212 -63.862541132140905  -214.84579467773438         8 9 
134    88.530210375785828 60.909410357475281 -65.342672754377162  -186.93782043457031         8 11 
135    13.521460592746735 -77.997373740269012 86.483155608177185  -93.991035461425781         8 7 
136    -41.315460660174722 54.965391725301743 -63.346148807089776  -186.33944702148438         8 8 
137    -22.284242875874043 99.872148036956787 54.206505060195923  -249.73211669921875         8 5 
138    33.703715205192566 34.461431622505188 -68.899254605174065  -138.48291015625         8 13 
139    -23.371332854032516 -26.601182617247105 81.831679821014404  -290.0491943359375         8 10 
140    -13.002728432416916 15.623016834259033 17.727073192596436  -156.58265686035156         8 6 
141    -36.516833245754242 86.741945743560791 45.943511426448822  -193.25404357910156         8 13 
142    0.77027434110641479 -40.462160143419169 1.9788986444473267  -165.88499450683594         8 9 
143    -81.21681294175869 47.841811537742615 51.088147401809692  -207.4986572265625         8 10 
144    -83.458592564566061 67.586394485086203 -14.764047950198737  -150.34013366699219         8 8 
145    -28.519062124192715 -0.97170823812484741 56.288352131843567  -135.08230590820312         8 5 
146    6.0902614593505859 -67.945664451312041 99.762596249580383  -135.69332885742188         8 7 
147    51.98442804813385 -40.671349301934242 80.989560484886169  -246.29176330566406         8 5 
148    -85.692202053964138 74.485960900783539 82.350021004676819  -184.12591552734375         8 9 
149    -94.334569303784519 70.621711254119873 41.620494902133942  -131.17221069335938         8 7 
150    -99.934901291271672 -3.5266260504722595 -72.424850612645969  -231.29888916015625         8 4 
151    99.919657111167908 -1.2728987336158752 -82.659998230531755  -112.99066925048828         8 11 
152    7.3351231813430786 -26.95106502994895 -8.9115946292877197  -131.12455749511719         8 9 
153    99.879789352416992 80.090321183204651 26.275436401367188  -230.40841674804688         8 12 
154    47.882642269134521 -63.087945617735386 81.520305633544922  -136.68034362792969         8 11 
155    -26.273636764846742 -32.306994174607098 48.237426586449146  -238.56210327148438         8 5 
156    -9.472518116235733 -89.415580314700492 -36.569938086089678  -181.90711975097656         8 11 
157    -19.463535059243441 90.618048429489136 -75.674854510463774  -191.82432556152344         8 9 
158    -67.319115303456783 -7.7566661238670349 -22.108795095235109  -178.98545837402344         8 10 
159    -99.851720464372193 -51.426396925937979 -25.451535251864698  -217.78700256347656         8 7 
160    -84.15106618963182 86.847530603408813 99.999933481216431  -257.06097412109375         8 6 
161    22.24086856842041 38.411807060241699 7.9350757598876953  -89.038551330566406         8 7 
162    -99.99357900549019 12.335191339254379 -17.210603284227545  -162.29023742675781         8 12 
163    20.808962643146515 24.423384070396423 -87.324506404635031  -115.93897247314453         8 9 
164    53.773099601268768 -8.103859543800354 40.583696912974119  -183.72611999511719         8 10 
165    6.6643913984298706 -55.778501757975391 12.221044912934303  -124.86720275878906         8 9 
166    -49.90411426872015 -48.986235264645074 70.441016137599945  -201.26246643066406         8 9 
167    -54.113420449197292 -54.44717963039875 -21.62045630812645  -247.49813842773438         8 9 
168    -75.106707535043824 -1.1244224917898009 -99.954368502949364  -172.75759887695312         8 5 
169    -5.2573837526142597 -21.543730379111366 -99.94246462477895  -158.341796875         8 9 
170    -44.664160094223917 -30.627309858798981 -43.315593633800745  -191.87393188476562         8 9 
171    -78.216998279094696 -2.9393029510974884 -49.052875366527587  -207.98089599609375         8 9 
172    77.48504900932312 33.641610980033875 -8.9602556228637695  -214.804931640625         8 12 
173    99.767514109611511 74.052328258752823 -35.995535209774971  -220.85125732421875         8 10 
174    -6.0986202359199524 18.652060210704803 99.920662999153137  -301.44607543945312         8 10 
175    51.370565593242645 55.221715450286865 -48.75689040008001  -218.22900390625         8 10 
176    -29.054840728640556 -57.974975883960724 -23.108029827475548  -172.74116516113281         8 7 
177    -49.042409673333168 23.364493727684021 78.482707500457764  -152.5904541015625         8 8 
178    89.744166553020477 -77.918650279076076 69.902383029460907  -146.73390197753906         8 7 
179    -99.947856881927692 29.505392961204052 -64.140192690783721  -193.56338500976562         8 9 
180    -99.377978080883622 -25.799143850803375 -80.393367603421211  -273.28073120117188         8 2 
181    61.745830655097961 65.842910051345825 71.190641313791275  -243.90460205078125         8 12 
182    -78.616117324214429 95.432708859443665 22.356595873832703  -202.79562377929688         8 12 
183    73.425061941146851 -53.14700205167901 -66.721554636955261  -162.45783996582031         8 5 
184    87.91966438293457 -35.950907301157713 -33.266621891409159  -135.15492248535156         8 5 
185    81.271600842475891 54.995431423187256 -26.25472617149353  -237.33303833007812         8 7 
186    3.0467180609703064 -99.761955458379816 -77.028220527070516  -172.75248718261719         8 9 
187    82.585206985473633 37.906920418143272 12.689127249643207  -194.31805419921875         8 11 
188    7.4357132911682129 -6.5720620246138424 -99.902784309678282  -161.89706420898438         8 13 
189    82.17083215713501 -23.057614028453827 47.217947721481323  -165.87767028808594         8 5 
190    57.433526396751404 -99.99996716186719 89.625723719596863  -230.9879150390625         8 11 
191    -99.868602032278432 -36.963436820219385 30.471428427379578  -264.35171508789062         8 11 
192    -26.080432899296284 -0.030056536197662354 -18.672017470002174  -138.53822326660156         8 8 
193    27.911994099617004 -99.90113698533969 81.193562209606171  -109.08206939697266         8 8 
194    81.426071643829346 57.326312065124512 -7.7136754393577576  -233.21041870117188         8 6 
195    -7.0937998592853546 -41.091898590326309 46.064753986895084  -156.42214965820312         8 7 
196    51.98442804813385 33.88383287191391 79.067008376121521  -256.37942504882812         8 5 
197    20.898374915122986 -45.140195794403553 -20.087111264467239  -101.84075164794922         8 9 
198    41.024446189403534 -99.985882239701823 68.817141514271498  -219.69190979003906         8 11 
199    -8.1989886313676834 59.113068878650665 99.994705677032471  -171.13026428222656         8 12 
200    -65.48206796660088 42.159068470820785 8.7504195765359327  -192.77323913574219         8 8 
201    3.0358193516731262 19.46576464176178 62.47697913646698  -147.62135314941406         8 8 
202    -6.1853234767913818 -15.109500348567963 -5.9784106761217117  -211.11763000488281         8 7 
203    -56.867816832382232 7.1134687159210443 -53.687201578170061  -147.36064147949219         8 7 
204    99.993435621261597 55.827436357736588 53.958571910858154  -250.06048583984375         8 11 
205    -68.747166901826859 17.645639955997467 68.84808087348938  -183.09170532226562         8 4 
206    80.776678204536438 99.985742568969727 18.151836812496185  -245.34785461425781         8 3 
207    47.488677501678467 -60.002399885241175 -32.398957252502441  -82.361526489257812         8 11 
208    28.367477178573608 -22.898532275110483 -65.19656533934176  -103.271484375         8 10 
209    28.826036274433136 -99.453350280178711 -99.696868492257636  -191.07867431640625         8 9 
210    -98.670918516931124 -0.081590376794338226 24.71979832649231  -223.36848449707031         8 10 
211    37.9981290102005 9.0446970462799072 97.722153544425964  -150.56468200683594         8 8 
212    23.13917875289917 -3.989895224571228 -35.303467512130737  -244.6981201171875         8 1 
213    -12.850198857253417 79.601346582174301 -33.470813974126941  -167.28225708007812         8 8 
214    -99.943995174849988 -60.826427290216088 -8.1740464270114899  -253.80598449707031         8 10 
215    -98.76619279384613 -58.466513089253567 -44.827341213822365  -258.84127807617188         8 8 
216    -80.81695801008027 81.665210053324699 -99.990565520391101  -217.48255920410156         8 5 
217    -25.506032815577782 -86.633587092161179 10.552280485630035  -215.39299011230469         8 11 
218    98.592345237731934 54.996298909187317 12.622368276119232  -253.89942932128906         8 11 
219    -84.197678038479296 -44.930209502577782 24.489798810333014  -248.70872497558594         8 12 
220    -79.69287240318954 -99.748429955565371 80.138253390789032  -275.55813598632812         8 8 
221    -99.9714023724664 -20.791344106197357 62.346323937177658  -215.33688354492188         8 2 
222    52.13160252571106 4.3134601712226868 26.379550576210022  -156.8154296875         8 7 
223    52.730553507804871 -43.507583633065224 99.984884262084961  -156.56349182128906         8 7 
224    -32.196556627750397 17.587841868400574 23.706911206245422  -161.0318603515625         8 6 
225    18.093777298927307 18.213613927364349 -68.784412272274494  -144.14248657226562         8 10 
226    -51.613671869039536 22.374951541423798 -81.689129963517189  -216.51448059082031         8 6 
227    -95.788049853974371 -7.0288879530307895 -18.687463077905704  -214.09896850585938         8 6 
228    1.6979925632476807 -91.264583464217139 -6.1332726180553436  -133.84310913085938         8 6 
229    -80.001510679721832 5.0843199491500854 93.86500358581543  -152.25363159179688         8 5 
230    -30.023676607757807 -47.634547305613523 82.390974283218384  -159.03598022460938         8 10 
231    -59.31821957975626 62.136602401733398 -62.241391723742709  -166.62214660644531         8 4 
232    9.2146540284156799 -10.289330720901489 56.025938749313354  -128.56405639648438         8 9 
233    61.457137107849121 -19.644734352827072 59.315361022949219  -172.63212585449219         8 6 
234    99.994503498077393 15.599714607000351 81.189482927322388  -203.03057861328125         8 5 
235    44.675995707511902 -26.436931755393744 2.4661643505096436  -171.67942810058594         8 8 
236    -99.798772996291518 48.939829975366592 8.8277184739417862  -218.95719909667969         8 10 
237    55.04512882232666 2.5983427762985229 -34.740428149700165  -122.83904266357422         8 11 
238    47.488677501678467 31.789052426815033 -48.631706070154905  -208.08854675292969         8 5 
239    22.108330070972443 -58.999490463287657 74.030822277069092  -109.71432495117188         8 6 
240    -46.343962197424844 44.380587220191956 99.034493088722229  -117.28347015380859         8 4 
241    -71.047473425045609 -24.787019908428192 84.12201464176178  -196.15272521972656         8 10 
242    -61.699392855167389 60.77361923456192 -2.8589636385440826  -154.17420959472656         8 9 
243    81.369591593742371 96.939277648925781 -61.644320771098137  -246.54518127441406         8 6 
244    -57.638547191207181 -22.207343578338623 -66.703524390002713  -226.42195129394531         8 2 
245    -99.997722418954694 96.237217426300049 99.996132850646973  -244.35383605957031         8 14 
246    27.363484859466553 55.086685061454773 20.737450838088989  -183.05557250976562         8 6 
247    -35.757144353352487 4.8078405261039734 -70.992493750527501  -194.49467468261719         8 6 
248    4.1542841792106628 -73.725233809775091 -10.495979681611061  -163.77952575683594         8 5 
249    31.781738638877869 90.008397102355957 53.965103387832642  -195.42703247070312         8 9 
250    29.78187894821167 -40.903666719794273 67.809484243392944  -128.21171569824219         8 10 
251    85.206198573112488 33.907646213425323 53.474153697490692  -204.38856506347656         8 4 
252    83.985610127449036 84.264483988285065 -74.2423519291915  -231.42839050292969         8 8 
253    -99.968582663917914 -25.068862572312355 -14.472417527518624  -250.30453491210938         8 8 
254    -99.17076582216032 23.781632460653782 -31.268995232880116  -196.76516723632812         8 13 
255    -72.930896300822496 -80.982877728762219 58.14789230003953  -212.83250427246094         8 8 
256    13.621244311332703 -23.740127384662628 -99.977007742701971  -114.98267364501953         8 8 
257    32.970847606658936 -3.2878950983285904 17.867724061012268  -199.232421875         8 9 
258    94.580083012580872 -15.603792130947113 -38.021628707647324  -197.75369262695312         8 4 
259    43.584805607795715 13.855117440223694 -54.658219367265701  -119.56973266601562         8 13 
260    -56.842531986534595 -79.628503097448984 -81.782943271100521  -233.96998596191406         8 8 
261    -31.360666513326578 85.156464576721191 -31.119338482618332  -158.83711242675781         8 3 
262    35.694245338439941 81.675090074539185 -99.997825490861032  -142.10935974121094         8 9 
263    30.449253678321838 -53.273972988128662 -81.848146550357342  -142.78024291992188         8 5 
264    -69.344429805874825 37.391877174377441 -99.205237443691885  -214.74371337890625         8 5 
265    34.284526586532593 99.421922206878662 -60.276421668939292  -171.24565124511719         8 9 
266    75.924361765384674 -53.808914855463627 36.192231714725494  -165.65028381347656         8 10 
267    -63.959266949445009 -99.836352220001572 -58.570955644652713  -254.07888793945312         8 10 
268    59.322421312332153 46.909461855888367 1.3404809236526489  -233.76840209960938         8 6 
269    99.928393483161926 99.961745738983154 -79.425059745174167  -250.03567504882812         8 4 
270    7.6207494139671326 99.999998569488525 99.999991178512573  -226.75718688964844         8 9 
271    -42.719752945005894 75.381964664906263 -70.368911436293274  -113.14808654785156         8 6 
272    54.273757576942444 -4.6117260213941336 99.998476266860962  -200.81378173828125         8 10 
273    -11.542154997587204 31.593731462955475 61.97734272480011  -200.92031860351562         8 10 
274    -13.873286131769419 57.384340226650238 -60.463973221601918  -204.34980773925781         8 6 
275    44.83725044131279 29.977542057167739 -98.228152068512941  -180.51936340332031         8 10 
276    -80.701253840699792 -49.487979663816077 -54.51081898069242  -233.1734619140625         8 6 
277    18.565608620643616 -99.976806071936153 99.452705860137939  -104.7625732421875         8 5 
278    -53.934426360299739 48.91031227260828 -48.449133781949058  -126.646240234375         8 7 
279    -50.12294502997247 98.458950042724609 -75.409649089200173  -129.93792724609375         8 12 
280    25.764918327331543 -17.059761968441308 73.452482342720032  -138.08316040039062         8 9 
281    39.409969449043274 -99.979266416346945 -71.233766475274933  -220.09463500976562         8 9 
282    -42.397212676471099 44.889877676963806 -25.451161472126842  -141.83174133300781         8 6 
283    20.338848769664764 99.99091625213623 39.442130476236343  -171.08470153808594         8 5 
284    -50.864386495086364 41.124472141265869 -99.995585043316169  -136.42378234863281         8 8 
285    -99.951809980397229 -99.678311084164307 -8.8918656706809998  -271.756591796875         8 9 
286    -42.4770288169384 -8.9109113216400146 21.130083717405796  -245.23200988769531         8 10 
287    -46.814693462103605 -98.767103172373027 -25.625303093343973  -235.2265625         8 5 
288    63.964931309223175 -25.112416088581085 37.384992480278015  -273.82412719726562         8 11 
289    -6.6793515086174011 42.262938499450684 -98.611670601909282  -193.5107421875         8 13 
290    78.494456365704536 -49.893830104265362 98.621021389961243  -204.90762329101562         8 7 
291    -68.170590614899993 9.7338230907917023 -37.952303349971771  -186.69029235839844         8 8 
292    -99.974841522634961 93.226921796798706 64.498069047927856  -202.106689453125         8 2 
293    -50.155154973268509 55.701075732707977 -81.389268405851908  -150.23820495605469         8 8 
294    -99.933898970182781 89.195196747779846 83.377295136451721  -177.01687622070312         8 12 
295    -13.093723759055138 34.750856220722198 -26.713277101516724  -266.7069091796875         8 10 
296    99.999940156936646 78.990132331848145 -57.732748887881826  -229.28022766113281         8 7 
297    -10.082541584968567 1.6654258258640766 -99.981237602129113  -131.94468688964844         8 7 
298    -10.783186703920364 68.420536518096924 83.682660818099976  -156.7177734375         8 6 
299    -99.99964601429069 -55.310627656284396 52.318818062543869  -172.65046691894531         8 9 
300    53.749982714653015 12.74334192276001 47.890160202980042  -227.49954223632812         8 5 
301    22.007048308849335 -85.3001479357481 19.322900831699371  -215.44700622558594         8 5 
302    -7.9907734910957515 99.904642462730408 38.59880542755127  -277.27517700195312         8 5 
303    -18.953201916068792 49.388287678360939 57.6770442686975  -307.03292846679688         8 6 
304    -98.430312137817964 -48.249070564284921 99.949600696563721  -229.55781555175781         8 11 
305    21.897168755531311 -61.315060518682003 -65.502964273779071  -151.50749206542969         8 7 
306    36.525342583656311 -99.074753165357976 98.442462205886841  -217.66665649414062         8 10 
307    -1.6240526214241982 71.478144779801369 -45.395171194162685  -161.14576721191406         8 8 
308    59.700971007347107 -38.217709567339625 11.692136466503143  -207.25355529785156         8 10 
309    7.6409168839454651 87.195459365844727 -73.218025523219751  -160.0966796875         8 4 
310    -53.243519451469183 -46.662153072655201 -1.6771476268768311  -188.77101135253906         8 7 
311    43.565803289413452 -98.164450537413359 -5.8961245715618134  -188.33271789550781         8 5 
312    5.5464962273836136 99.386404752731323 -33.497034406289458  -226.357421875         8 9 
313    99.948541164398193 -42.983920089900494 9.1958795189857483  -114.62119293212891         8 8 
314    99.530412077903748 -38.676086902618408 -69.99480248431064  -155.88618469238281         8 11 
315    -26.458444841206074 -99.669657280435786 -30.222444102168083  -298.50057983398438         8 8 
316    44.60914671421051 -74.06236757338047 -59.360544487911454  -198.0733642578125         8 7 
317    93.231512665748596 -62.745941183544346 56.403832793235779  -194.28785705566406         8 7 
318    -26.153861963422969 99.983895897865295 18.947451889514923  -176.31259155273438         8 5 
319    -99.999876110966611 96.941772103309631 -38.205772974528372  -249.71981811523438         8 12 
320    -61.637479146476835 79.07933534681797 -42.714749574661255  -154.54080200195312         8 9 
321    13.615729749202728 34.880420804023743 -21.128712952136993  -94.703506469726562         8 12 
322    3.7268879264593124 53.513296723365784 36.62250143289566  -225.172607421875         8 10 
323    -99.969264375977218 12.879853129386902 -80.910430729156388  -243.12287902832031         8 3 
324    -59.273882561683422 0.17495796084403992 15.836151123046875  -169.44281005859375         8 6 
325    43.317553758621216 -6.1192787289619446 -95.393648943936114  -188.22898864746094         8 8 
326    -10.696659231558442 -6.5486226156353951 -80.983237124979496  -208.13475036621094         8 7 
327    82.524899661540985 -80.633850009836863 -99.93841799593315  -179.7542724609375         8 7 
328    68.516628742218018 -23.147992253303528 -2.7835208177566528  -154.32499694824219         8 7 
329    -0.84310377016663551 99.99091625213623 3.3394659161567688  -161.25267028808594         8 4 
330    -99.999162161458983 -79.879436250776905 -68.481718393684787  -276.69723510742188         8 5 
331    -33.333553563803434 34.944645807147026 -56.402415320277214  -122.54163360595703         8 6 
332    44.541454195976257 -82.193525140974089 58.623446106910706  -127.02496337890625         8 7 
333    -68.197644360363483 -33.724027872085571 -97.179940395915764  -263.03848266601562         8 7 
334    -34.994932213532593 -34.050971776247025 -87.839333671487111  -217.59785461425781         8 7 
335    -98.152922189794481 -33.547047877684236 49.21837872825563  -272.63873291015625         8 5 
336    -11.943958988413215 -56.999545448765275 98.592936873435974  -119.59490966796875         8 7 
337    14.314939081668854 37.700904726982117 28.120613217353821  -175.77328491210938         8 6 
338    99.357954740524292 -56.596705622971058 -62.849397013895214  -213.71621704101562         8 8 
339    -66.855729676783085 98.710344791412354 99.98626708984375  -325.5333251953125         8 3 
340    81.643095731735229 64.079980969429016 99.999422073364258  -272.32122802734375         8 4 
341    15.710505783557892 39.293981790542603 65.169607758522034  -134.42831420898438         8 6 
342    -56.538614919525571 -18.539790879935026 -85.315098885446787  -181.05018615722656         8 6 
343    -72.11150761693716 -28.088894367218018 -57.425018052104861  -279.73211669921875         8 8 
344    40.129821419715881 -49.293333411216736 -16.611403346061707  -213.95021057128906         8 6 
345    -52.325919466355117 71.579728007316589 68.774449825286865  -158.60972595214844         8 4 
346    -35.191030815243721 -8.2464867975504603 -98.940466623753309  -230.22016906738281         8 6 
347    7.2005965709686279 60.066805966198444 -99.982029317856359  -179.30145263671875         8 10 
348    -8.4321384131908417 -80.384337921161205 -75.677868980014807  -195.11068725585938         8 8 
349    35.59480756521225 -67.496195393236121 52.983443081378937  -129.88426208496094         8 6 
350    -99.943053599356787 42.527072697877884 -38.456645615398884  -235.88166809082031         8 5 
351    15.551016449928284 99.982857704162598 58.394393682479858  -164.50773620605469         8 4 
352    -16.614015102386475 -14.186513993719482 99.999874591827393  -195.70610046386719         8 10 
353    -55.91676513152197 71.329464316368103 92.321806073188782  -142.33843994140625         8 4 
354    -33.230904780328274 -80.177057767752558 -23.874806222505867  -235.68728637695312         8 9 
355    -56.376414090394974 -78.553957668715157 46.019490033388138  -181.33692932128906         8 7 
356    -15.836389287840575 38.199144721031189 -78.25810743495822  -203.55947875976562         8 6 
357    98.536295890808105 99.88635778427124 32.057045787572861  -253.56434631347656         8 2 
358    -82.562443099915981 11.985594093799591 32.300534983514808  -186.16401672363281         8 9 
359    -4.0230777859687805 57.734799385070801 67.868067026138306  -221.49464416503906         8 5 
360    -55.440113781398395 -99.990920425625518 11.409857273101807  -228.36489868164062         8 5 
361    -7.5472447907668538 85.262381553649902 -6.1135746203362942  -206.74726867675781         8 9 
362    -42.397212676471099 48.568238377571106 -6.2826360538601875  -100.56010437011719         8 5 
363    40.785713613033295 -8.9723025560379028 87.751991271972656  -153.30441284179688         8 6 
364    -99.953224179538665 -99.964313533098903 9.4450339078903198  -251.56477355957031         8 8 
365    -99.997578418305693 -80.094503182219341 -18.630233407020569  -262.413818359375         8 13 
366    23.13917875289917 -26.980026948265731 -35.303467512130737  -127.00984954833984         8 1 
367    14.334975719451904 64.48516845703125 75.883144378662109  -175.25068664550781         8 4 
368    99.98901891708374 -48.519462456328711 39.745440229773521  -162.852783203125         8 7 
369    -66.108812406659126 84.440892934799194 -67.947134232439566  -188.13735961914062         8 5 
370    -40.701920357532799 99.999615907669067 -43.465028457343578  -123.03829193115234         8 8 
371    -99.968605741742067 -21.1578219383955 -99.960329566005385  -272.42153930664062         8 3 
372    -99.999984628038533 -99.999997710883193 55.382435828447342  -275.20059204101562         8 9 
373    -37.496791955083609 67.445080816745758 53.307658672332764  -162.45088195800781         8 7 
374    -87.560388646604892 73.443135380744934 -85.08028031187132  -171.53163146972656         8 4 
375    -99.990920425625518 69.299173355102539 68.774449825286865  -185.72711181640625         8 0 
376    66.031700193881989 -17.459973514080048 -91.927691895514727  -160.71527099609375         8 9 
377    -10.509929701685905 35.505011409521103 22.021608129143715  -288.88687133789062         8 9 
378    13.718616604804993 48.760795474052429 99.678504347801208  -140.73768615722656         8 5 
379    76.96733021736145 -4.3830811977386475 37.133088111877441  -234.40025329589844         8 3 
380    -77.387624651193619 -77.800317732151598 26.988767802715302  -237.52639770507812         8 7 
381    99.977945566177368 68.048390477895737 99.996225357055664  -262.95516967773438         8 8 
382    -34.184290087781847 87.558618187904358 76.56346607208252  -168.15585327148438         8 3 
383    80.882301449775696 -36.205121664369472 -99.99727713709126  -199.57157897949219         8 9 
384    73.10826587677002 -37.508497066795826 80.5295250415802  -203.09519958496094         8 7 
385    -1.2768253060057759 18.200559198856354 -75.416524939239025  -209.54701232910156         8 6 
386    33.002916812896729 99.999937295913696 14.176297187805176  -170.77798461914062         8 4 
387    66.658061981201172 71.700334548950195 -34.1905896961689  -221.16412353515625         8 6 
388    -1.0753623247146606 -99.990491143232376 49.230334400665015  -161.41990661621094         8 8 
389    -99.958277262514457 -52.24032123098732 12.200406074523926  -237.08535766601562         8 6 
390    80.828860700130463 17.627801477909088 -30.956498868661583  -183.88887023925781         8 10 
391    -11.841674561612308 -98.756787087768316 -16.041307595325634  -203.91641235351562         8 6 
392    49.07301539182663 -99.514340099645779 -99.98046047661046  -262.18310546875         8 9 
393    -34.491894656792283 -50.905576609075069 -72.337007791267297  -177.14430236816406         8 8 
394    -99.999814863343431 90.038748621940613 -99.995071818658971  -238.44853210449219         8 4 
395    64.071003973484039 -70.369505900511285 -96.305768227786757  -163.4185791015625         8 8 
396    80.421025991439819 -45.186167825944722 -47.664293443784118  -247.97016906738281         8 6 
397    -27.076778414542787 -44.155482918024063 -56.934089449219755  -187.87899780273438         8 7 
398    -53.733791967853904 -63.85127080976963 86.900155901908875  -194.998779296875         8 8 
399    -43.885173987597227 -39.425459176301956 31.274056196212769  -192.39024353027344         8 8 
400    50.777042090892792 68.01216733455658 91.398902058601379  -208.208984375         8 5 
401    -69.573404276743531 -34.011595535092056 -1.8184090852737427  -228.60017395019531         8 5 
402    -86.067255035042763 -67.064600670136315 62.203399162739515  -262.92288208007812         8 8 
403    -78.619334854185581 -99.624538002535701 -71.073335209181096  -271.10208129882812         8 4 
404    -46.079240402922551 -99.999289211191012 -66.959012062419788  -218.94200134277344         8 10 
405    -26.789895086041724 58.453114628791809 -45.479095122776926  -230.5950927734375         8 7 
406    -12.620914191007614 -35.228888245492257 99.99064564704895  -270.28094482421875         8 9 
407    -64.37163458019495 -98.203833494335413 41.231809710618109  -237.04426574707031         8 6 
408    1.4305268488824368 -99.876725527383385 29.119879722595215  -214.98699951171875         8 7 
409    -46.81455105234636 48.625979006290436 14.756197515875101  -159.24905395507812         8 8 
410    44.978227376937866 99.999672412872314 91.912579536437988  -234.33053588867188         8 2 
411    63.079623460769653 -60.873083191767364 17.176282286643982  -152.23497009277344         8 6 
412    -33.0986008644104 36.135044574737549 32.882272481918335  -321.87228393554688         8 7 
413    50.175997257232666 69.79801344871521 -99.947888395930931  -193.49058532714844         8 10 
414    -82.403078802395612 -57.58108307501243 -99.991469148826582  -232.36572265625         8 5 
415    89.888679981231689 -38.413190354593098 -15.114130064845085  -131.2579345703125         8 4 
416    98.84480082988739 72.959670335054398 62.581527531147003  -244.92237854003906         8 9 
417    -1.1950794458389282 25.853540658950806 1.1255925297737122  -265.81292724609375         8 7 
418    54.631911516189575 -81.899772512086201 38.220943450927734  -135.37382507324219         8 6 
419    19.281581163406372 -81.035529389977455 -56.320642189122736  -131.53398132324219         8 12 
420    47.38602089881897 73.408017754554749 -41.658143877983093  -192.26724243164062         8 9 
421    13.320554748177528 -65.842790171620436 53.056017726659775  -169.78523254394531         8 4 
422    99.318286061286926 -11.750028550624847 99.909759521484375  -254.7725830078125         8 11 
423    -69.417480103743401 58.872922778129578 -22.661506078438833  -114.97104644775391         8 5 
424    99.432320475578308 64.674161314964294 -99.993554857325819  -228.5782470703125         8 9 
425    99.994943022727966 70.092796862125397 -18.265366792678833  -214.03578186035156         8 13 
426    -80.709454519674182 78.388487875461578 31.047674655914307  -148.2515869140625         8 7 
427    -99.999072449569042 22.652497470378876 5.0958748785487842  -239.04861450195312         8 10 
428    10.722080826759338 -19.212020039558411 39.177185416221619  -61.428009033203125         8 11 
429    34.118388397619128 -17.001152992248535 -45.836441010877024  -205.56535339355469         8 7 
430    -52.5166155109182 74.379957437515259 5.740319550037384  -128.01416015625         8 6 
431    47.216341495513916 -22.193010523915291 -74.11592566823964  -171.24114990234375         8 9 
432    -65.837220471352339 -49.558902007993311 54.389729037880898  -263.87246704101562         8 9 
433    5.3592252731323242 52.768218755722046 -30.382321568205953  -141.78158569335938         8 9 
434    57.906671524047852 57.23767477273941 -88.396264315739245  -212.89607238769531         8 9 
435    -99.924852233380079 -28.328646004199982 80.727647423744202  -236.02442932128906         8 2 
436    -81.391120999353006 99.98330283164978 -16.347862213879125  -276.7335205078125         8 7 
437    75.571318566799164 50.255008459091187 78.896992444992065  -212.74981689453125         8 6 
438    47.633957862854004 -98.756787087768316 48.011863142251968  -213.17787170410156         8 5 
439    -99.530823839828372 99.012343287467957 1.5122371315956116  -169.03355407714844         8 13 
440    99.981882929801941 -41.986945740878582 -48.471092969179153  -146.2041015625         8 7 
441    14.514815330505371 18.58427631855011 -11.018091201782227  -125.01091766357422         8 14 
442    52.106515347957611 64.646933943033218 42.409069240093231  -216.61309814453125         8 9 
443    55.11285012960434 20.01163649559021 -9.4381500780582428  -215.6243896484375         8 13 
444    16.659839689731598 99.99091625213623 -99.983081730897538  -123.28199768066406         8 3 
445    99.99955677986145 82.999586462974548 6.3869621753692627  -229.4420166015625         8 7 
446    -84.970707379281521 -71.364392375144234 -85.106081414967775  -288.4417724609375         8 11 
447    -99.912359437439591 69.071853160858154 21.942248238097484  -189.9075927734375         8 4 
448    -17.468479469418526 -26.321647614240646 -43.615667626116192  -263.42080688476562         8 7 
449    -99.588507012696937 -5.6359073854982853 73.504453539848328  -206.08598327636719         8 10 
450    99.691212177276611 -83.945049302803483 -56.373331367620267  -210.87551879882812         8 4 
451    99.994829416275024 -5.0229988694190979 54.057870268821716  -221.30070495605469         8 6 
452    -50.56458980217576 -80.137155872536823 -33.592515110969543  -197.87454223632812         8 8 
453    99.996483325958252 -54.504213473498055 97.838988184928894  -172.98835754394531         8 7 
454    -96.884993067786695 60.193904519081116 -25.646667867898941  -217.23248291015625         8 6 
455    -38.850649803876877 21.91240319609642 99.99690318107605  -150.55497741699219         8 12 
456    -99.798772996291518 -24.361535236239433 -51.865020774371644  -250.77232360839844         8 9 
457    -86.174462348222733 99.990607023239136 75.43226432800293  -299.29415893554688         8 4 
458    -71.199174925684929 -74.493313264687458 -99.964198588347188  -235.04057312011719         8 4 
459    99.97640335559845 59.795986413955688 -50.203598043837701  -248.87704467773438         8 7 
460    0.019186981022357941 0.53019213676452637 -17.86109733581543  -215.3759765625         8 9 
461    10.606124728918076 -98.995525188443025 -99.973124516254757  -177.90968322753906         8 8 
462    -67.200914314707916 -72.089086296224082 -39.616431698494125  -244.37019348144531         8 9 
463    -0.39657364040613174 81.498944759368896 42.901578664779663  -287.16009521484375         8 4 
464    0.7897496223449707 -3.9083839654922485 -39.321389898657799  -143.02911376953125         8 8 
465    -51.384976169618312 -82.976084234192967 -99.857312405947596  -235.60209655761719         8 2 
466    -36.400362612577737 81.588062733411789 -99.988489230410778  -154.05862426757812         8 7 
467    11.965093910694122 -10.820178613066673 22.559383690357208  -93.572174072265625         8 7 
468    56.788422822952271 99.654078483581543 14.176297187805176  -235.31575012207031         8 1 
469    32.532759487628937 -99.965118863910902 19.418629294261336  -158.60279846191406         8 5 
470    -20.352715730667114 5.261202335357666 99.968291997909546  -143.3192138671875         8 9 
471    25.764918327331543 -17.738842682912946 99.948354721069336  -163.10258483886719         8 8 
472    -77.732788145542145 16.879153251647949 -17.350109219551086  -309.45779418945312         8 7 
473    -99.394166820078681 29.096621845749723 -99.960820667911321  -279.41903686523438         8 4 
474    99.986031770706177 -19.356151580810547 -57.638645559549332  -140.83267211914062         8 10 
475    -69.864625792950392 -99.982715951045975 59.10604091361165  -232.76896667480469         8 7 
476    -99.706132481107488 -55.218274167126651 -81.549019236321328  -255.75553894042969         8 5 
477    -49.676389325410128 -99.334448063746095 58.51842075586319  -177.60130310058594         8 6 
478    99.964423298835754 -11.401423752307892 -13.512272045016289  -212.79298400878906         8 11 
479    -71.358370929956436 -14.051326468586922 -3.0460172966122627  -220.01603698730469         8 11 
480    -99.999874022714067 95.955537915229797 -75.22500229087585  -224.16416931152344         8 5 
481    -46.380079795606434 99.872148036956787 -25.748731881380081  -165.96952819824219         8 4 
482    -24.049230560660362 -47.456653147935867 30.104637026786804  -155.77731323242188         8 4 
483    34.944693028926849 68.08529257774353 -58.036679983139038  -317.27017211914062         8 8 
484    57.541930474340916 -36.768651448190212 -94.003681829664856  -214.13267517089844         8 6 
485    -61.32272481918335 14.883894443511963 97.109221696853638  -204.33369445800781         8 9 
486    -58.172822145861574 72.347810797393322 -99.995783336604291  -201.16743469238281         8 5 
487    84.699351251125336 99.591875076293945 -95.972311745416079  -272.31591796875         8 6 
488    99.038600921630859 -34.079070292413235 99.999074459075928  -229.83302307128906         8 5 
489    12.516823381185532 -99.944827530067414 -61.691515461354356  -166.07518005371094         8 7 
490    -99.948037571788518 -78.740920909680426 -44.525500301271677  -287.55862426757812         8 12 
491    -29.467282558463921 -99.873446498080739 -2.4133804962038994  -160.908935546875         8 10 
492    -37.319191494956613 93.154275417327881 -62.258096128702164  -165.89402770996094         8 4 
493    -27.513633449736517 -57.022088497877121 -99.651975326414686  -166.02044677734375         8 7 
494    99.994963884353638 -6.1563912034034729 73.110564306378365  -235.57740783691406         8 6 
495    -52.285585008561611 -92.503562790807337 -7.5594367384910583  -188.03947448730469         8 9 
496    83.594729542732239 -61.606746247038245 -24.282561196596362  -186.2447509765625         8 5 
497    44.041296005249023 -50.349047780036926 15.833070635795593  -91.646903991699219         8 3 
498    -50.591402358521009 -93.552099168300629 99.941508293151855  -208.0263671875         8 4 
499    51.946488261222839 -66.671249546692707 -2.6975182890892029  -230.91358947753906         8 3 
500    1.8366845548152924 -52.505627531791106 60.028644263744354  -220.64299011230469         8 6 
501    99.895138382911682 99.911986231803894 -61.406263614645404  -235.81620788574219         8 8 
502    79.82812774181366 -99.354265063884668 -62.896523224335397  -180.12495422363281         8 9 
503    68.519462108612061 8.4050834774971008 -59.36183191993041  -120.61601257324219         8 11 
504    -40.122724401764572 99.872148036956787 60.807652115821838  -234.14833068847656         8 4 
505    -8.6872124224901199 -41.47381006705109 -99.937040472461149  -218.57601928710938         8 10 
506    -47.353224671929638 99.991889953613281 98.630460143089294  -189.5589599609375         8 7 
507    -50.749386217445135 -58.662522469647229 -58.742448808563495  -185.22657775878906         8 8 
508    19.53161358833313 99.975466728210449 -80.105401002559518  -134.90327453613281         8 2 
509    -25.013748587109149 98.980030536651611 -99.99866400721055  -239.11405944824219         8 6 
510    -68.883861243724823 -98.820337121455395 -16.487866222858429  -237.65255737304688         8 9 
511    -99.998982223689737 -99.999980795860282 -99.998057076492387  -308.92660522460938         8 5 
512    -62.401932179927826 -99.990920425625518 -99.706950923427939  -254.65957641601562         8 2 
513    57.698790192604065 9.1527249181235675 -99.291105500189587  -175.58387756347656         8 5 
514    -75.793238822370768 -25.343087017536163 -37.859390088357031  -303.14584350585938         8 7 
515    -85.595257006585598 -12.305011910240864 10.281883507966995  -256.82778930664062         8 8 
516    81.176708936691284 -64.684066567516311 -2.4739752113819122  -119.95011901855469         8 9 
517    -83.116514461231418 99.972485661506653 -61.809633120894432  -256.05169677734375         8 7 
518    -99.941431579117705 32.864211618900299 80.921935439109802  -212.7216796875         8 9 
519    89.304768681526184 44.207401275634766 -54.226107511991586  -172.90725708007812         8 8 
520    -41.602050554894959 -67.278768122196198 38.112226009368896  -260.8822021484375         8 9 
521    -23.149772881297395 -70.596517628990114 -10.419776856899261  -199.49488830566406         8 8 
522    3.3686118125915527 16.191025659441948 82.078743815422058  -215.93624877929688         8 7 
523    -50.007837865268812 51.141532778739929 56.397749066352844  -122.41330718994141         8 5 
524    47.330183744430542 -64.704249263637394 -83.083426406810588  -163.16453552246094         8 8 
525    -18.272590588778257 -97.808020561933517 31.538948508910835  -210.21659851074219         8 7 
526    -29.885201235301793 -66.550641451559414 -59.049078186973929  -231.02803039550781         8 8 
527    90.375137686729431 -79.852735226795758 -5.9835673561319709  -177.46896362304688         8 6 
528    50.03714394569397 92.552039265632629 -81.101309671532363  -243.22666931152344         8 10 
529    -34.328666839659491 -69.136324393541145 99.835295557975769  -204.87492370605469         8 12 
530    -75.529182292521 -73.916056752204895 -11.787840306758881  -242.509765625         8 7 
531    33.6374671459198 -48.432781957089901 -34.883893072605133  -83.516288757324219         8 6 
532    -9.215418690815568 -99.569731317693368 -97.937538014259189  -206.10586547851562         8 7 
533    99.991605758666992 18.717704309150577 23.037399940192699  -206.0079345703125         8 7 
534    46.376585960388184 98.928117752075195 -46.222283633193001  -228.98269653320312         8 2 
535    -10.818385139107704 -33.689424812793732 64.591086864471436  -207.20437622070312         8 5 
536    67.202810406684875 -1.232321560382843 11.878628350794315  -163.87251281738281         8 12 
537    -87.469179667532444 -81.288647849777504 99.99091625213623  -284.64523315429688         8 4 
538    71.712470293045044 -76.710786767995501 18.359353005886078  -132.57257080078125         8 5 
539    33.791898012161255 -22.693512160331011 48.422415971755981  -198.03599548339844         8 7 
540    71.897442698478699 -99.960240502517991 -99.990600940873264  -234.78569030761719         8 7 
541    52.757852554321289 -53.46841074873646 -99.895468383911066  -169.55195617675781         8 6 
542    93.160387277603149 -99.985448009508218 70.262225449085236  -141.64596557617188         8 6 
543    -77.699198678135872 -17.606822349131107 -90.174532496370375  -257.05184936523438         8 7 
544    -48.797562919557095 11.576128035783768 -4.7027915716171265  -138.88505554199219         8 10 
545    -99.997149084926718 77.911372303962708 99.997989654541016  -193.79226684570312         8 7 
546    -99.992007891862158 56.660988092422485 51.971737861633301  -183.60580444335938         8 9 
547    -70.87653249502182 6.8885045647621155 -67.626398801803589  -232.62774658203125         8 8 
548    99.647375464439392 -79.852735226795758 -22.197910102782771  -231.43505859375         8 6 
549    -99.990920425625518 -44.672860239106399 -99.999289712040948  -234.23585510253906         8 4 
550    83.008859038352966 12.568687200546265 -74.130780938045064  -130.77241516113281         8 10 
551    67.945459261536598 -46.896608674433082 -9.4568491205573082  -173.1785888671875         8 9 
552    46.79022291302681 -37.442819207906723 62.405098207294941  -152.07412719726562         8 12 
553    -3.7582527594640851 84.764106273651123 22.285248696804047  -218.42727661132812         8 9 
554    -69.258328154683113 18.056155323982239 1.1440670788288116  -226.6998291015625         8 4 
555    -99.999106885323457 45.721484065055847 36.643983284011483  -233.17877197265625         8 8 
556    -99.214657509466633 6.4300007820129395 -37.513843247230398  -209.7967529296875         8 6 
557    99.959953427314758 83.669657051563263 -99.990816670834178  -258.52572631835938         8 4 
558    28.762616634368896 7.6357361674308777 -16.625828564167023  -68.801025390625         8 4 
559    -58.001020289957523 -64.363190929405391 0.30635267496109009  -209.82846069335938         8 9 
560    -99.999998879771411 81.196468472480774 -22.62612296640873  -145.86042785644531         8 8 
561    -74.238528899848461 -99.944615695050061 7.4036428481340408  -249.10725402832031         8 4 
562    87.092203259468079 -81.951971036242128 52.254894018173218  -142.16697692871094         8 6 
563    76.449429869651794 99.982500076293945 -79.454026993422389  -223.2645263671875         8 7 
564    -73.088656529784203 -2.7599542737007141 77.42013144493103  -177.43148803710938         8 7 
565    13.004217982292175 6.7770188450813293 -51.815750300884247  -197.67237854003906         8 9 
566    53.576306462287903 96.729504227638245 -99.574541465553921  -253.36979675292969         8 7 
567    99.993789672851562 2.4063137099146843 6.0655238822309911  -201.8565673828125         8 7 
568    -43.675762583035976 99.99344003200531 -99.990920425625518  -217.14985656738281         8 5 
569    6.9755925536155701 -13.335549294948578 85.271997213363647  -127.51950073242188         8 6 
570    8.9324551820755005 75.832893371582031 99.384247660636902  -235.50686645507812         8 8 
571    -27.844497319776565 99.344090938568115 99.973769068717957  -253.81576538085938         8 4 
572    60.089269757270813 17.390709400177002 75.183925867080688  -247.95597839355469         8 8 
573    30.409389495849609 -70.779574826359749 99.996465682983398  -194.46733093261719         8 6 
574    -36.558748626615852 62.136602401733398 74.924407124519348  -234.041259765625         8 5 
575    -70.800455190008506 -2.7991587817668915 55.320734888315201  -185.96165466308594         8 8 
576    63.370764136314392 -99.875370593625121 60.424823641777039  -140.48887634277344         8 5 
577    -8.0790452174842358 -74.469843626022339 61.780270159244537  -168.75509643554688         8 6 
578    81.02048647403717 45.826097875833511 99.984285831451416  -252.41059875488281         8 9 
579    23.359737157821655 22.066722512245178 20.762457549571991  -160.64247131347656         8 8 
580    -35.084209837950766 68.671333789825439 -2.7076225131750107  -147.28192138671875         8 5 
581    37.782151341438293 68.278241038322449 -85.795837779762223  -149.27920532226562         8 7 
582    84.327376306056976 -3.668075301713543 -97.624571281776298  -188.19227600097656         8 6 
583    82.821221470832825 12.74334192276001 9.894949197769165  -231.5145263671875         8 4 
584    91.286264896392822 -80.735645242845578 17.126908540725708  -153.868408203125         8 4 
585    17.818948030471802 99.999961853027344 0.89020228385925293  -125.13580322265625         8 4 
586    -39.947286233305931 10.552581965923309 40.336959958076477  -116.81212615966797         8 10 
587    56.477317929267883 -64.336213305592537 98.798536777496338  -105.30995941162109         8 9 
588    84.749087810516357 69.284904479980469 11.083501160144806  -230.37442016601562         8 8 
589    -5.3610700964927673 -66.964385606943324 22.893927112221718  -151.71043395996094         8 10 
590    -27.198524149134755 -77.997373740269012 52.960758432745934  -190.03114318847656         8 6 
591    4.3733180165290833 -80.730234533077052 -99.985079571335518  -159.40579223632812         8 7 
592    7.7752101421356201 15.407422857824713 -33.736829612433212  -213.15116882324219         8 9 
593    12.336933255195618 38.294130921363831 47.000681757926941  -135.63259887695312         8 4 
594    33.652127385139465 15.831614971160889 -38.645428506657481  -120.12404632568359         8 12 
595    -98.356436611618847 71.700334548950195 -99.976606794806912  -227.3724365234375         8 3 
596    -69.72053722338751 -19.138030230998993 66.092317312955856  -178.91862487792969         8 9 
597    82.382505714893341 -85.863893125206232 -36.855949025735754  -103.20417022705078         8 9 
598    8.0514670610427856 57.526960372924805 18.502921402454376  -130.83648681640625         8 11 
599    -51.079429566860199 -41.682968104286374 -80.32279752381146  -209.18815612792969         8 7 
600    35.868355989456177 38.497241377830505 50.168252944946289  -205.9163818359375         8 3 
601    -99.787822770798812 61.708336114883423 85.481794774532318  -234.43214416503906         8 8 
602    -9.350214496254921 -57.954337313771248 -1.2213667035102844  -188.37852478027344         8 6 
603    29.831307530403137 -45.749853106215596 -99.957978769959482  -128.09385681152344         8 7 
604    68.455207467079163 -74.156242245808244 -24.438698547892272  -149.42971801757812         8 8 
605    -44.258272329345345 67.015103936195374 27.466678559780121  -168.08061218261719         8 9 
606    82.241267800331116 -23.610889285802841 99.986982345581055  -201.05397033691406         8 3 
607    53.077277183532715 50.406490981578827 26.513931632041931  -252.49337768554688         8 11 
608    20.633938491344452 -99.991485096208635 -82.600056577539362  -155.004150390625         8 7 
609    70.656285047531128 23.764835541136563 -98.925067015457898  -254.53353881835938         8 9 
610    24.677367210388184 60.494911432266235 55.97524182125926  -181.80574035644531         8 8 
611    99.963567852973938 28.988983523100615 8.2190079092979431  -210.67837524414062         8 7 
612    -4.7255799770355225 -2.9715901017189026 23.550023078918457  -117.5360107421875         8 10 
613    60.719523012638092 92.66266393661499 -65.637673776131123  -214.30815124511719         8 10 
614    55.187657658010721 -41.967408258467913 -74.795647462829947  -216.98991394042969         8 6 
615    -40.937540117767639 -99.744083434110507 -99.974465288687497  -198.75228881835938         8 6 
616    32.912682056427002 15.435321293771267 -99.93741982910916  -109.86185455322266         8 6 
617    -99.485302297398448 -72.405638739466667 41.074652999639511  -244.92964172363281         8 2 
618    -99.988733850494498 -48.974251455962076 74.907783985137939  -244.24076843261719         8 10 
619    -32.687731627374887 28.163616016507149 -76.90532661229372  -159.07661437988281         8 5 
620    -2.5170096755027771 99.999999046325684 -81.488041166761832  -190.55398559570312         8 10 
621    22.928637266159058 66.714046001434326 -75.456308156251907  -128.64814758300781         8 7 
622    26.015682339668274 74.308167457580566 14.176297187805176  -187.24433898925781         8 4 
623    -82.147947538644075 78.935430526733398 -45.444155750796199  -149.64729309082031         8 12 
624    27.079042792320251 56.53624415397644 -45.782532949000597  -166.74203491210938         8 6 
625    -59.092873886227608 -99.946934968465939 82.343884825706482  -221.40428161621094         8 6 
626    99.595804691314697 98.86680269241333 62.773690104484558  -251.99324035644531         8 8 
627    -13.456488892436028 99.634146690368652 -61.030011836326594  -222.62506103515625         8 3 
628    29.802453517913818 -18.408706247806549 -83.620722206309438  -146.01275634765625         8 2 
629    0.28831613063812256 -1.7393233776092529 -61.853495724033564  -161.44577026367188         8 8 
630    21.541495561599731 99.999975919723511 78.004837036132812  -162.66958618164062         8 4 
631    -40.06219744682312 22.543296933174133 7.5108914207667112  -163.65127563476562         8 9 
632    -41.764611218590289 61.880052089691162 -99.97734590606342  -220.41616821289062         8 3 
633    24.177390813827515 2.5204798318445683 -82.136029034852982  -124.036865234375         8 5 
634    15.59357225894928 -35.67000786960125 50.762182950973511  -73.49285888671875         8 9 
635    -52.625454109162092 53.51979660987854 79.200262427330017  -127.68030548095703         8 5 
636    98.527665138244629 -26.19026055932045 76.93034291267395  -198.8876953125         8 10 
637    89.92179000377655 -99.99946512960156 -99.990627727107494  -173.80892944335938         8 4 
638    67.986672759056091 -67.641116355878694 -44.070561744272709  -165.44989013671875         8 9 
639    -21.359026928432286 99.991259336471558 79.779921174049377  -281.99139404296875         8 8 
640    -54.919271667022258 -19.213554412126541 -33.902662545442581  -187.70033264160156         8 8 
641    80.964608550071716 -37.054746607318521 7.1248185038566589  -173.14068603515625         8 9 
642    99.456843137741089 20.844566201791167 -44.697611033916473  -176.62434387207031         8 5 
643    42.94743537902832 -80.360986188054085 9.7246334266383201  -263.98220825195312         8 6 
644    83.904576301574707 2.0795760154724121 -45.823517978191376  -191.70428466796875         8 11 
645    70.218453943729401 -99.761039763689041 4.6893995329737663  -125.53407287597656         8 2 
646    -14.760409506270662 -79.404891628693349 79.146668523550034  -212.09255981445312         8 8 
647    85.815284490585327 -7.8913165330886841 1.3526043295860291  -107.09856414794922         8 5 
648    57.457628339529037 -39.188055641949177 -55.295656397007406  -324.35696411132812         8 10 
649    99.995441436767578 -7.4059562087059021 26.114012122154236  -249.35989379882812         8 4 
650    -72.659179375113155 60.193503424525261 -99.889641672591097  -135.89830017089844         8 8 
651    -99.9714023724664 25.055058678612113 55.562440168112516  -226.01551818847656         8 4 
652    -98.302861587144434 76.638594627380371 -4.1416871510446072  -180.00859069824219         8 8 
653    51.70058012008667 75.170335054397583 -65.833178839058746  -228.76606750488281         8 2 
654    -37.985845342278481 8.4667043685913086 84.26113760471344  -153.79667663574219         8 6 
655    -51.060279420373263 -27.79902571439743 -99.968431817251258  -183.55502319335938         8 2 
656    38.173484802246094 97.346343398094177 -16.807201385498047  -206.7041015625         8 5 
657    -40.015306517481804 -13.675943791866302 -25.259397996589541  -235.32823181152344         8 9 
658    -89.50234876916511 13.541157622790706 -99.960820667911321  -201.41044616699219         8 5 
659    58.023583650588989 46.710787415504456 -18.041046926751733  -194.33221435546875         8 5 
660    28.350417733192444 -3.2203719466924667 -65.172396790818311  -111.60295104980469         8 10 
661    1.1353155523538589 -34.911552995443344 20.893289804458618  -184.70346069335938         8 9 
662    80.796714782714844 -0.73127913475036621 99.970759391784668  -232.471923828125         8 6 
663    29.128625810146332 -99.964064640560537 -52.795533190015703  -155.984375         8 8 
664    -53.560381528455764 99.99166464805603 18.071308560884972  -216.11293029785156         8 10 
665    -10.114672709256411 83.060741901397705 97.827565670013428  -231.999755859375         8 2 
666    -99.920796692091244 40.624284718185663 -18.687323376536369  -234.45500183105469         8 5 
667    -99.971176999481031 -8.2280578278005123 99.996805787086487  -223.0831298828125         8 3 
668    24.6110680103302 -49.514409084804356 11.68950809405942  -136.440673828125         8 6 
669    -76.366063728928566 70.052814781665802 99.83890700340271  -170.5482177734375         8 8 
670    -41.016917742788792 -99.836704810877563 -45.090450079762377  -201.22225952148438         8 9 
671    -75.867338847368956 26.472358465194702 98.582661151885986  -213.59146118164062         8 2 
672    -11.933752667158842 -77.562039479438681 39.298526213504374  -124.66799163818359         8 7 
673    34.500622749328613 -52.067137509584427 99.96258020401001  -80.533760070800781         8 1 
674    -10.944062620401382 -11.969103693962097 46.331856250762939  -167.81901550292969         8 10 
675    89.477465629577637 -99.624170495430008 -24.551653576417493  -131.17872619628906         8 7 
676    6.7982905507087708 1.5263823568820953 98.918238878250122  -135.434814453125         8 7 
677    78.63985401391983 -57.380565283863689 69.133461594581604  -160.88217163085938         8 7 
678    59.675617218017578 -99.869132041931152 -80.735645242845578  -267.2044677734375         8 3 
679    80.917260229587555 99.99091625213623 68.142630487680435  -238.39595031738281         8 7 
680    34.384597778320312 47.119530916213989 99.99541187286377  -233.79000854492188         8 7 
681    25.626873970031738 -19.722724363207817 -11.581103965640068  -130.54664611816406         8 7 
682    99.984695196151733 99.945447206497192 13.228232979774475  -224.14080810546875         8 4 
683    -38.255137227475643 60.700970590114594 99.988747358322144  -167.13259887695312         8 7 
684    80.255818009376526 -33.021445700311006 -74.018593152635731  -145.15719604492188         8 5 
685    -57.95010775513947 -60.845503573767928 28.119972705841064  -217.63967895507812         8 10 
686    1.7969138622283936 -60.479987306520343 81.499232411384583  -160.07560729980469         8 9 
687    99.614572525024414 -88.235838558614034 82.399025440216064  -263.17138671875         8 3 
688    -57.13842561841011 -22.038866860792041 6.2269697189331055  -202.94172668457031         8 10 
689    -96.828991537635375 11.363864302635193 99.747399926185608  -162.2117919921875         8 8 
690    6.9018989205360413 -42.325059597671498 99.097123026847839  -156.63212585449219         8 7 
691    32.88728654384613 -5.9487099647521973 -1.4821731448173523  -168.43791198730469         8 7 
692    -53.87461594492197 -99.564698662494266 -83.775586341507733  -215.32859802246094         8 7 
693    -99.974972812924534 48.361164577305317 -64.199924424261553  -221.97138977050781         8 7 
694    -71.757835581898689 -37.842054687440395 -72.707581939641386  -270.1871337890625         8 6 
695    -66.25084450095892 38.387866497039795 65.24686872959137  -207.177490234375         8 6 
696    24.919536709785461 -79.233660171739757 -91.025079149752855  -173.94395446777344         8 11 
697    25.24229896068573 -29.684612531214952 86.284399032592773  -109.17991638183594         8 2 
698    99.994481801986694 20.148903965950012 60.549358248710632  -222.75692749023438         8 6 
699    29.119578778743744 74.339950084686279 71.069814115762711  -183.76622009277344         8 7 
700    9.8871320784091949 -99.494180176407099 80.540622234344482  -137.25637817382812         8 5 
701    -10.464454814791679 -63.425061246610994 -52.696902294461324  -183.86767578125         8 5 
702    64.430886745452881 -39.73405402561184 57.667501777410507  -250.079345703125         8 10 
703    51.297423839569092 -9.7606049180030823 -14.882469207048416  -136.31668090820312         8 11 
704    -99.990920425625518 32.349977010628209 20.286871433258057  -214.45170593261719         8 5 
705    -99.812629462103359 -34.340471155563776 -31.531839199364185  -257.10501098632812         8 5 
706    15.697517573833466 80.791070818901062 59.938243778422475  -185.14791870117188         8 6 
707    -6.3333700597286224 -33.724027872085571 -76.904094975441694  -197.47102355957031         8 7 
708    -83.875090584158897 35.309249161975458 6.2646217190194875  -224.85208129882812         8 5 
709    69.268864572048187 62.397353142499924 26.487952798604965  -236.02682495117188         8 12 
710    -18.229857828468084 -78.982505708932877 99.959838390350342  -155.35482788085938         8 4 
711    22.006419003009796 -99.816189106786624 -14.485128868371248  -155.0264892578125         8 7 
712    39.450647115707397 -82.257506616413593 -27.965315580368042  -329.7010498046875         8 5 
713    10.126011941581964 99.999642133712769 -59.37538146704901  -154.18525695800781         8 8 
714    -78.100169454701245 67.355004146695137 5.4881579093635082  -159.4285888671875         8 10 
715    -21.94628019630909 -44.45633324215305 -37.523451603483409  -211.1617431640625         8 8 
716    -58.517532750964165 -2.4772725701332092 92.607200145721436  -125.14250946044922         8 5 
717    -91.012329664081335 -17.331955075263977 32.342589581385255  -295.67816162109375         8 8 
718    -72.400807321071625 61.757941454648972 81.852115750312805  -199.40736389160156         8 8 
719    -16.755261721089482 -80.668210681527853 -99.855886932174016  -213.57870483398438         8 5 
720    -43.916317786788568 62.136602401733398 -30.634407942648977  -161.56198120117188         8 5 
721    12.842846810817719 -23.992286331951618 -77.06935703754425  -103.18532562255859         8 4 
722    -54.582829393446445 -61.891443100550532 -78.282001465559006  -244.6019287109375         8 4 
723    99.525928497314453 28.2485466375947 -68.235973855829798  -173.8966064453125         8 4 
724    -99.99955565400883 -99.999659585683631 28.200211692601442  -292.46542358398438         8 7 
725    -17.711803803220391 80.304371908307076 -55.653097094967961  -160.23918151855469         8 10 
726    3.5654435306787491 18.383377194404602 -97.341326498426497  -198.59060668945312         8 11 
727    99.982729434967041 -99.97848325438099 10.980766177177429  -133.28553771972656         8 6 
728    -73.256766543025151 98.232081532478333 -36.325525786203798  -304.42391967773438         8 6 
729    48.654067516326904 -97.959386994130909 11.384681961848401  -189.66102600097656         8 3 
730    82.684705853462219 99.999450206756592 91.105108857154846  -248.12101745605469         8 5 
731    -3.3128022104501724 46.104777276515961 -15.532301366329193  -190.62667846679688         8 11 
732    -68.003436416387558 -42.782032024115324 37.65224039927125  -321.3704833984375         8 4 
733    -63.563034855760634 62.127586126327515 20.612694039940834  -89.147254943847656         8 5 
734    11.097943246364594 -15.757984906435013 -24.703006915107835  -89.05999755859375         8 10 
735    82.15101957321167 -99.999999166696711 52.418994903564453  -89.073204040527344         8 2 
736    -63.053274990990758 99.99091625213623 -99.990920425625518  -322.74282836914062         8 3 
737    53.659543752670288 -97.921089694602415 -22.478521168231964  -235.94908142089844         8 9 
738    -26.049742132425308 2.4097205400466919 1.4571326673030853  -243.57534790039062         8 12 
739    47.272367537021637 -99.825602228487696 -54.594946835487235  -211.58045959472656         8 11 
740    -21.603688844843418 -97.21658657072112 53.386774778366089  -222.76376342773438         8 8 
741    -57.148296750616282 99.212658405303955 -53.250143200159073  -232.25927734375         8 3 
742    93.25831127166748 -99.020632104278775 -45.956072573550045  -138.95002746582031         8 6 
743    99.950384974479675 84.916265368461609 43.759314328432083  -253.94367980957031         8 9 
744    24.949303865432739 -76.517248207703233 40.398232102394104  -179.94084167480469         8 6 
745    -98.189256154000759 61.392533779144287 -47.726309225037681  -236.43899536132812         8 5 
746    -78.216998279094696 -10.427925959229469 -68.247263625264168  -245.12446594238281         8 7 
747    44.205209851264954 -81.961122073233128 -99.993242132866726  -209.52737426757812         8 6 
748    38.173484802246094 -82.379895110999996 84.407492995262146  -187.90890502929688         8 4 
749    -3.2461097240447998 -59.709149464964867 -99.991612895166327  -214.93641662597656         8 4 
750    49.661593675613403 13.081979155540466 -71.909537930041552  -161.88331604003906         8 12 
751    -14.984256446361542 99.946892261505127 -14.411574259400368  -203.88929748535156         8 4 
752    25.654474377632141 99.075508117675781 97.791985154151917  -194.02326965332031         8 4 
753    -82.283051840960979 -63.155575428158045 99.949359774589539  -266.86016845703125         8 8 
754    -63.352810993790627 -73.096251709758576 99.996636271476746  -168.98968505859375         8 5 
755    99.704962253570557 71.469453006982803 -76.750388888991438  -229.347412109375         8 7 
756    84.158009171485901 17.19666938111186 41.089113345602527  -257.9947509765625         8 10 
757    -61.383054494857788 -97.84850669815205 -37.449961990118027  -256.68222045898438         8 8 
758    37.428522109985352 50.504030823707581 -76.793248194502667  -169.13963317871094         8 3 
759    -38.619017779827118 -99.970772191503784 87.681361317634583  -152.26786804199219         8 7 
760    35.362088680267334 99.99091625213623 -99.990920425625518  -227.36288452148438         8 2 
761    30.697362244129181 56.858131170272827 -25.184666574001312  -185.27549743652344         8 9 
762    31.059478640556335 29.250043392181396 92.736852645874023  -175.23187255859375         8 8 
763    -55.48689361102879 -4.2963445484638214 38.041830310598016  -156.87152099609375         8 9 
764    8.8815912008285522 -24.218597650527954 99.934478402137756  -143.11993408203125         8 9 
765    -22.273043915629387 20.083731710910797 77.179241180419922  -337.63211059570312         8 4 
766    99.985830068588257 -21.213990360498428 -76.323315627872944  -150.44190979003906         8 9 
767    -43.805348880589008 -11.270098943263292 69.137529939413071  -178.67813110351562         8 6 
768    -99.998988653193763 52.516364015638828 -99.992795434287473  -277.226806640625         8 7 
769    23.689712762832642 67.393986769020557 -99.983082080380484  -200.9237060546875         8 10 
770    -48.373297293786891 36.372995376586914 45.255056262016296  -80.460655212402344         8 5 
771    18.947001874446869 -99.858863616827875 6.2952164337038994  -122.25328063964844         8 8 
772    -38.155834779143333 21.655542254447937 61.666661083698273  -198.89422607421875         8 7 
773    25.764918327331543 49.157753109931946 77.532739043235779  -192.96844482421875         8 8 
774    21.099381566047668 -77.985917298810932 70.113935947418213  -134.11752319335938         8 7 
775    71.228908061981201 -99.231868182618157 -30.097949489431443  -204.64930725097656         8 6 
776    31.511546611785889 74.339950084686279 34.697207726538181  -192.08973693847656         8 6 
777    25.626873970031738 -24.035313338041306 20.688484750688076  -95.507667541503906         8 8 
778    43.526509761810303 65.446387887001038 -1.4196017384529114  -199.38435363769531         8 4 
779    80.822666525840759 26.761536538600922 99.329149842262268  -260.66647338867188         8 6 
780    -99.998593428677822 -69.1643587325525 -99.90505434689112  -288.08688354492188         8 3 
781    -99.949523690156639 -43.265558064198558 -56.424867343423102  -233.34744262695312         8 4 
782    -61.998429488390684 13.512080773711205 -99.568323293424328  -201.45823669433594         8 5 
783    33.495879650115967 80.926578640937805 99.961951017379761  -209.73814392089844         8 6 
784    -5.0637822300195694 40.851484179496765 82.450144171714783  -269.58688354492188         8 7 
785    -39.21811819402501 21.39191460609436 -99.990920425625518  -131.45391845703125         8 5 
786    82.044591426849365 99.574854850769043 -3.397706151008606  -226.62980651855469         8 7 
787    -66.108812406659126 83.410773277282715 78.226634383201599  -200.95478820800781         8 4 
788    82.541527986526489 67.019074678421021 54.55978798866272  -253.69390869140625         8 6 
789    67.812419474124908 77.455421805381775 44.99276214838028  -268.02716064453125         8 7 
790    80.720218896865845 99.769922733306885 41.639596521854401  -255.95164489746094         8 6 
791    79.735346436500549 -82.907064486294985 99.183459758758545  -179.86778259277344         8 10 
792    99.96663224697113 6.7171984314918518 99.879285454750061  -226.92959594726562         8 7 
793    16.271546542644501 94.345604419708252 17.991179049015045  -193.23088073730469         8 11 
794    -30.215960343368351 15.311137512326241 -38.108294919133186  -51.455150604248047         8 5 
795    16.422280251979828 -39.346860509249382 -55.708820313215256  -160.46861267089844         8 8 
796    -99.998953877971417 -77.808627148158848 0.28196990489959717  -255.37103271484375         8 7 
797    -75.280816398561001 -66.723229435841859 44.433364021591842  -190.51544189453125         8 6 
798    82.17083215713501 -20.493111968040466 -52.250738233327866  -110.86849212646484         8 5 
799    99.994380474090576 -44.662523755750129 78.934182941913605  -139.04364013671875         8 4 
800    62.237978985533118 -89.477982572269866 -45.138701017131098  -360.87969970703125         8 10 
801    -79.628158152103424 4.5549308061599731 14.538495182991028  -223.11459350585938         8 9 
802    49.692848682403564 99.371419548988342 56.426218241453171  -249.33039855957031         8 7 
803    99.995110869407654 87.15958559513092 99.998189687728882  -259.238037109375         8 9 
804    3.4030177593231201 -85.827221624862432 99.940927147865295  -127.78018188476562         8 8 
805    -37.8563422113657 -16.183549523353577 37.308447182178497  -220.46018981933594         8 8 
806    -99.353460634883959 -3.940845787525177 42.520830094814301  -199.03288269042969         8 10 
807    97.964358329772949 39.574038028717041 -31.594535544514656  -257.66958618164062         8 5 
808    71.577780365943909 63.378937482833862 -98.407942805439234  -234.38714599609375         8 7 
809    -99.999996462508179 -99.999999209364219 99.999998569488525  -358.6767578125         8 7 
810    -7.0558145865797997 -99.651202304812614 66.414990365505219  -169.79460144042969         8 6 
811    99.994276762008667 99.994343757629395 83.417531192302704  -245.05073547363281         8 6 
812    -16.24558025598526 -37.146067023277283 -18.817430734634399  -404.33529663085938         8 5 
813    -90.670362591743469 12.664571762084961 78.88424813747406  -168.49124145507812         8 5 
814    68.80994701385498 -1.2236470580101013 81.881367683410645  -211.54396057128906         8 9 
815    -55.073920220136642 20.677285671234131 -24.070714212954044  -223.57022094726562         8 9 
816    67.641965627670288 50.746751787140965 48.707503413781524  -222.35964965820312         8 6 
817    12.363557696342468 -74.250697779469192 7.2023906409740448  -96.019432067871094         8 8 
818    91.756646633148193 -99.969622479584359 99.948251247406006  -230.28958129882812         8 4 
819    -66.578692259266973 44.18258535861969 -81.814623427577317  -202.8077392578125         8 8 
820    -22.303430265499628 -72.394086617045105 -38.534826040267944  -211.427001953125         8 6 
821    36.388087749481201 -38.004328003386036 -71.570465669035912  -155.59111022949219         8 4 
822    98.544180393218994 -72.831315796589479 34.201952457427979  -280.144287109375         8 3 
823    99.999221801757812 -57.017140789893347 -99.646643193831551  -184.00395202636719         8 9 
824    43.188980221748352 36.582683987915516 10.450373481959105  -230.05361938476562         8 7 
825    -2.7966549098491669 -52.898210860788822 -35.864939393475652  -229.04238891601562         8 10 
826    -99.934901291271672 -3.5266260504722595 -1.0650429643064854  -187.04466247558594         8 2 
827    9.0163772702217102 -42.163010543241398 -89.522269758395851  -158.2080078125         8 6 
828    87.605936288833618 -51.046546639281587 -81.211405396345071  -179.91058349609375         8 4 
829    -54.839966922998428 76.540037214756012 -22.462774559855461  -216.56668090820312         8 8 
830    -14.854819938540459 -21.289540346711874 18.088118992745876  -249.89768981933594         8 9 
831    -77.709682285785675 -37.421442080289125 99.999908447265625  -240.20246887207031         8 5 
832    -14.103945143520832 -99.867671442931169 -63.93535618525857  -191.5439453125         8 7 
833    -12.005562700331211 -17.844656720757484 -61.784333421383053  -216.37184143066406         8 11 
834    -56.124802298843861 -31.730906067881733 65.285637766122818  -153.91349792480469         8 7 
835    82.240143001079559 -98.697742914780974 -80.862204833330679  -171.42707824707031         8 8 
836    67.14805306494236 -31.719367723912001 -25.297825781628489  -199.61358642578125         8 10 
837    -99.991456744673997 17.210064585320652 35.862946510314941  -151.46575927734375         8 5 
838    45.291709899902344 99.942134261131287 -0.18978923559188843  -213.24729919433594         8 2 
839    -66.108812406659126 83.090708374977112 48.441277861595154  -201.71345520019531         8 4 
840    99.996023297309875 99.824743628501892 -7.4532027542591095  -233.87179565429688         8 12 
841    -68.798018038272858 -99.870740133337677 99.99091625213623  -266.35748291015625         8 3 
842    -19.789027998456731 23.655732285231352 -99.815741886442993  -246.009033203125         8 4 
843    56.539440095424652 49.082148551940918 95.30264139175415  -239.790283203125         8 3 
844    -7.3993112444877625 89.500666856765747 65.727278426289558  -364.45242309570312         8 7 
845    -22.47316123789642 79.340204626321793 -14.648852251761127  -179.40719604492188         8 7 
846    -8.1039055958390236 15.924176454544067 -54.021283119916916  -177.43995666503906         8 7 
847    60.9289790391922 88.942643165588379 99.568009376525879  -260.1322021484375         8 3 
848    -83.852067142724991 -39.070471063256264 -22.104237914085388  -293.48980712890625         8 3 
849    50.498159885406494 72.085233092308044 22.804721653461456  -202.23928833007812         8 10 
850    84.004920363426208 -99.998755236272686 19.533715188503265  -185.63909912109375         8 8 
851    7.0454500317573547 56.484586715698242 -53.175237679271959  -151.53709411621094         8 3 
852    -70.207234130240977 -76.273414501660682 -66.581291460251578  -262.783447265625         8 4 
853    99.520443439483643 -53.287146599846892 -33.358150470070541  -189.99623107910156         8 7 
854    -71.671841789968312 -63.188495465175947 83.681224644184113  -242.11721801757812         8 8 
855    -62.836453318595886 26.846592783927917 26.11930924654007  -251.12648010253906         8 3 
856    -56.741098003738443 99.284035444259644 68.056304782629013  -202.73390197753906         8 6 
857    97.467326164245605 -79.852735226795758 99.941141843795776  -285.191650390625         8 5 
858    -6.7650879137217999 -99.907875048636924 93.971857786178589  -178.635498046875         8 6 
859    -58.542726002633572 41.399421334266663 -12.466145217418671  -133.58831787109375         8 7 
860    97.015103697776794 -99.990920425625518 -68.615650510971562  -184.12046813964844         8 3 
861    21.716607928276062 19.282129347324371 60.474034309387207  -130.46217346191406         8 7 
862    32.065169930458069 83.130957722663879 -77.257982664741576  -183.07838439941406         8 6 
863    87.891197204589844 32.026874542236328 29.957636684179306  -238.04960632324219         8 5 
864    86.748168647289276 -71.445600602397462 -51.058231949806213  -146.00602722167969         8 4 
865    -99.98643242511163 -99.9996886230483 73.94748661108315  -246.179443359375         8 8 
866    -99.990920425625518 74.091537833213806 -63.930763820768334  -198.16288757324219         8 4 
867    47.005795001983643 80.741735339164734 -16.632775753736496  -222.28565979003906         8 8 
868    -98.833647366991499 99.876890182495117 32.379493594169617  -208.45278930664062         8 4 
869    57.690898418426514 15.385892033576965 99.875924348831177  -207.64958190917969         8 5 
870    99.957695245742798 -31.629860460758209 24.85751567967236  -177.98422241210938         8 7 
871    99.979222178459167 12.267276465892792 -99.978018295951188  -167.57882690429688         8 4 
872    67.089160203933716 -98.94571168301627 26.408204987645149  -209.89114379882812         8 4 
873    -55.178812950849533 11.213046848773956 58.2474205493927  -150.6646728515625         8 3 
874    4.5929975211620331 -74.686512178741395 -47.748722101096064  -159.89984130859375         8 10 
875    82.17083215713501 -33.244572818279266 30.344728216528893  -159.06263732910156         8 4 
876    -41.836837061680853 -56.507929835468531 -39.248408245555765  -200.90980529785156         8 8 
877    97.636592149734497 35.381310164928436 78.443551063537598  -233.88189697265625         8 6 
878    99.976344704627991 -20.50383472442627 -96.936222593765706  -248.42388916015625         8 7 
879    -11.309661248698831 -99.991923242528131 7.1851827502250671  -170.95252990722656         8 7 
880    -21.733497820794582 21.655542254447937 48.265186205506325  -299.31179809570312         8 6 
881    -99.344871158323713 -81.063563275585011 67.936429888010025  -240.71804809570312         8 7 
882    99.992456436157227 33.767452716827393 99.872730135917664  -250.72512817382812         8 5 
883    15.816973328590393 -57.118393557979289 -32.646421298384666  -192.50941467285156         8 8 
884    -58.625961685361517 99.972806572914124 -10.586588978767395  -151.69917297363281         8 6 
885    3.3686118125915527 1.2447477281093597 70.19244909286499  -209.8082275390625         8 6 
886    -56.011777257546782 -7.176313830743311 -99.322729999665171  -195.57530212402344         8 4 
887    -73.897738725645468 62.659413695335388 -43.998423534894073  -153.46949768066406         8 6 
888    89.224922180175781 85.9917813539505 -13.040950492024422  -233.4793701171875         8 5 
889    -34.317905790638179 34.869256019592285 86.998743295669556  -159.18511962890625         8 5 
890    -99.908717392050235 -1.2379280924797058 -99.67531724832952  -247.95149230957031         8 2 
891    38.769114017486572 99.715399742126465 70.764344818890095  -226.27601623535156         8 4 
892    -53.959249064326286 -20.738378942012787 99.720275044441223  -114.93821716308594         8 7 
893    62.388053774833679 95.913694620132446 -16.036411911249161  -253.08425903320312         8 8 
894    -78.987067937850952 -41.769124317681417 71.114052474498749  -287.97201538085938         8 8 
895    -81.274399815592915 36.214483261108398 81.435144543647766  -218.23497009277344         8 5 
896    61.258745193481445 22.422915875911713 17.845069944858551  -246.75755310058594         8 8 
897    -92.230108380317688 -41.857013840228319 -4.0341881215572357  -273.82192993164062         8 4 
898    -84.201439054799266 99.903583288192749 -99.982773639203515  -368.73236083984375         8 4 
899    -26.15873596072197 -99.366410781697141 71.492225930094719  -251.22724914550781         8 8 
900    -99.990920425625518 -99.990920425625518 -69.014665035327198  -292.28463745117188         8 1 
901    20.055693984031677 46.125261437147856 -99.993510827902355  -114.01512908935547         8 6 
902    99.941122174263 2.97226881980896 -62.142583221197128  -171.52375793457031         8 9 
903    47.861943244934082 -55.987160967197269 35.964115787297487  -120.18471527099609         8 12 
904    99.949557781219482 -58.172916316647957 -15.42174431681633  -130.77618408203125         8 10 
905    9.3909484148025513 -21.091162890195847 -48.60771431401372  -142.83865356445312         8 9 
906    81.998570084571838 -15.472541034221649 75.432193398475647  -212.51771545410156         8 7 
907    0.014709588373079896 99.999991655349731 79.524909868836403  -231.76676940917969         8 11 
908    4.86165452003479 -99.997186786267775 -28.74638332426548  -167.99082946777344         8 9 
909    -99.902326946117682 -99.964476437133271 -28.711076110601425  -288.315185546875         8 7 
910    -22.501938425004482 60.619720101356506 13.863981127738953  -184.27516174316406         8 9 
911    99.951255321502686 31.318455576896667 -99.982337493904197  -214.19650268554688         8 2 
912    -80.491460830831784 -99.992126846985229 -96.770021609961987  -302.68743896484375         8 4 
913    -18.389763569459319 17.579644799232483 -19.757965445518494  -205.00837707519531         8 8 
914    99.980521678924561 8.0389964580535889 -27.79712589160772  -149.59994506835938         8 5 
915    -77.709682285785675 -12.809427440166473 99.987069487571716  -148.33024597167969         8 5 
916    99.686163425445557 46.482498407363892 -74.896351839029862  -203.18354797363281         8 9 
917    4.1068261153995991 -30.966409269720316 -33.198953870683908  -252.27702331542969         8 9 
918    -27.685322160832584 -99.003452900797129 -79.626876633235383  -250.36061096191406         8 6 
919    60.527572959661484 99.107494115829468 72.312578439712524  -248.35263061523438         8 8 
920    -74.099917642772198 48.262403249740601 -64.826880194246769  -268.09097290039062         8 8 
921    79.807495355606079 83.030857443809509 99.96698522567749  -289.770263671875         8 7 
922    38.551391124725342 13.550670981407166 14.739597320556641  -104.77629089355469         8 5 
923    87.824169874191284 -76.862162411179781 -68.248242877423763  -156.49623107910156         8 5 
924    92.802125215530396 -99.984884139848873 35.617193579673767  -123.69549560546875         8 4 
925    13.039062738418579 71.19658350944519 29.554620027542114  -205.1328125         8 5 
926    -99.998155911663119 -99.945624422980472 -50.160903836201214  -272.3529052734375         8 3 
927    99.98786997795105 21.795205175876617 -12.218384326881278  -207.79258728027344         8 7 
928    99.998239994049072 56.060906529426575 77.695512354373932  -254.39695739746094         8 4 
929    -83.949070995877264 -97.848783208988607 -37.965093212202191  -314.1318359375         8 7 
930    -99.973435717196068 98.928117752075195 -18.435000196681358  -243.00791931152344         8 4 
931    81.653046131134033 31.813156992197037 -43.601369081164194  -216.7283935546875         8 11 
932    -83.864650470204651 -99.983689926633502 44.392056033015251  -294.35110473632812         8 5 
933    32.033094048500061 11.188713312149048 42.854095339775085  -103.65830230712891         8 5 
