0    -99.919714610194205 89.28824120759964 17.477977842092514  -119.06105804443359         8 15 
1    13.650305390357971 -11.606214284896851 3.6609989404678345  -68.604904174804688         8 12 
2    26.047737240791321 -36.305648707493674 -2.8186806794255972  -132.96183776855469         8 11 
3    81.141290545463562 1.0825329422950745 59.280886299908161  -218.83322143554688         8 10 
4    20.162438094615936 84.757183909416199 -90.668090321513915  -127.35529327392578         8 12 
5    69.750205814838409 -10.686006724834442 -28.234634220600128  -128.90904235839844         8 13 
6    28.836194396018982 77.266408920288086 -29.230705812573433  -156.3057861328125         8 13 
7    -63.995810322463512 -25.227660298347473 -19.023254990577698  -201.78825378417969         8 10 
8    -35.744860839098692 -44.997231340657891 -9.5038251429796219  -194.96357727050781         8 13 
9    21.997379660606384 29.428006052970886 -54.303752534091473  -79.0843505859375         8 14 
10    -99.928272775279765 29.50035834312439 99.137242197990417  -228.48246765136719         8 11 
11    -81.673118263483047 -59.676780328751192 -34.312000531324884  -261.17529296875         8 10 
12    16.893654316663742 -61.279307985700143 -99.347658046045126  -168.49169921875         8 12 
13    99.894628047943115 52.276238441467285 -6.3852963447570801  -217.05203247070312         8 9 
14    37.028380393981934 92.150331139564514 31.88106681406498  -194.87257385253906         8 9 
15    72.615221381187439 -74.455821373412789 65.107297897338867  -170.96603393554688         8 9 
16    -36.794367626309395 -66.998426348509383 75.324251495301723  -188.04208374023438         8 10 
17    -4.6689826846122742 12.561515390872955 45.280624508857727  -230.16673278808594         8 9 
18    -32.791816484435188 99.22531521320343 -11.586942803114653  -200.06404113769531         8 11 
19    -36.80609088256324 -42.11574149068656 99.987244963645935  -167.88697814941406         8 11 
20    -69.740289069712162 40.086711347103119 -29.133458241820335  -180.95857238769531         8 9 
21    24.182567566633224 -99.93582520345808 -35.123919957099133  -128.72119140625         8 8 
22    69.340187221765518 -72.584250807762146 86.896868348121643  -165.47793579101562         8 9 
23    4.6017841622233391 -82.078019697859418 27.894915819168091  -121.99114227294922         8 8 
24    4.7587428689002991 4.9510251879692078 7.65741366147995  -151.98915100097656         8 12 
25    39.535000085830688 18.405615493655205 72.186089754104614  -183.99642944335938         8 10 
26    -99.996811786795945 6.9931848049163818 60.273366838693619  -142.53236389160156         8 13 
27    79.941166698932648 99.999274015426636 -27.257613956928253  -223.13331604003906         8 9 
28    -24.417875135550275 -49.602331303467508 63.004977415315807  -153.80136108398438         8 10 
29    55.460002183914185 -58.999490463287657 -55.433654627820943  -111.91279602050781         8 11 
30    -24.727362476289272 -64.549999315539026 24.344366710633039  -200.90608215332031         8 12 
31    -34.839520549401641 72.989326775074005 -53.490553504787385  -170.00430297851562         8 10 
32    -80.478707296773791 93.108871221542358 2.335766077041626  -183.28242492675781         8 13 
33    -44.429818488853925 -93.05026168031327 41.995608976110816  -166.75384521484375         8 7 
34    -35.262086421251297 23.84087347984314 -10.529848742298782  -106.61966705322266         8 10 
35    69.529636859893799 -76.806241780519485 -64.559417694807053  -167.35115051269531         8 7 
36    99.511194109916687 62.180598095059395 36.943181803449988  -255.57022094726562         8 9 
37    -8.4524856247007847 -39.201733504422009 -56.516558345407248  -174.70069885253906         8 9 
38    81.320136189460754 -20.835775226354599 16.388008892536163  -152.22865295410156         8 12 
39    -56.678525187075138 -4.4859026819467545 -7.8097942471504211  -223.87167358398438         8 10 
40    -28.163711613975465 -20.240659892559052 63.330643624067307  -187.24720764160156         8 5 
41    36.853740572929382 -62.486863166093826 -99.999318042025465  -134.56494140625         8 7 
42    -85.306667724857107 23.367283463478088 -54.238360887975432  -192.14991760253906         8 9 
43    -98.978721984473665 91.289465308189392 -55.312686835133292  -152.80302429199219         8 13 
44    20.822653412818909 12.979546129703522 5.0619360208511353  -170.66883850097656         8 6 
45    29.841379642486572 30.837684154510498 -9.0808069407939911  -156.52166748046875         8 10 
46    40.294549345970154 24.60531759262085 -22.951237589120865  -185.12477111816406         8 7 
47    -58.663301020860672 36.241714537143707 -63.896741583943367  -194.47396850585938         8 9 
48    -25.626445289002731 -22.414055740460753 -3.6941905617713928  -226.86479187011719         8 10 
49    -58.686009810407995 -25.287875488866121 28.019228309392929  -229.765869140625         8 9 
50    23.386151552200317 56.459325313568115 2.4216337203979492  -130.88763427734375         8 6 
51    74.922106981277466 -94.015375926982543 74.482928901910782  -158.13758850097656         8 9 
52    23.01732736825943 64.671598434448242 95.960352182388306  -189.05404663085938         8 11 
53    -38.95576856180196 -18.571123719215393 -59.434155693743378  -160.33004760742188         8 7 
54    -29.738462442532182 77.609297305345535 92.716997265815735  -154.69453430175781         8 8 
55    19.823952913284302 77.996187686920166 -8.3252589106559753  -119.03411865234375         8 10 
56    -39.617783609821345 2.7476504147052765 -50.648625189438462  -220.26243591308594         8 6 
57    -42.125619743019342 31.573237374424934 -37.569442868232727  -131.35179138183594         8 7 
58    63.577954053878784 -9.261188343167305 -46.029219023650512  -171.39837646484375         8 11 
59    -56.096456359140575 99.9902024269104 41.516817444819026  -220.53594970703125         8 11 
60    85.035998642444611 -35.717309296131134 62.759475529193878  -163.7467041015625         8 9 
61    30.874475359916687 -51.616780201031361 45.71404966711998  -112.34409332275391         8 11 
62    -12.368532255291939 67.482091665267944 50.942196100950241  -230.79737854003906         8 7 
63    -47.470959316939116 -81.267458438873291 87.10691499710083  -168.95976257324219         8 9 
64    35.28803962469101 -35.089865006622858 -51.656113527715206  -114.47510528564453         8 7 
65    -77.752252005040646 -59.382885136044933 15.199444055557251  -223.81986999511719         8 9 
66    -42.685117368411738 20.632839605212212 -63.862541132140905  -214.84579467773438         8 9 
67    88.530210375785828 60.909410357475281 -65.342672754377162  -186.93782043457031         8 11 
68    13.521460592746735 -77.997373740269012 86.483155608177185  -93.991035461425781         8 7 
69    -22.284242875874043 99.872148036956787 54.206505060195923  -249.73211669921875         8 5 
70    -13.002728432416916 15.623016834259033 17.727073192596436  -156.58265686035156         8 6 
71    -36.516833245754242 86.741945743560791 45.943511426448822  -193.25404357910156         8 13 
72    0.77027434110641479 -40.462160143419169 1.9788986444473267  -165.88499450683594         8 9 
73    -81.21681294175869 47.841811537742615 51.088147401809692  -207.4986572265625         8 10 
74    -83.458592564566061 67.586394485086203 -14.764047950198737  -150.34013366699219         8 8 
75    -28.519062124192715 -0.97170823812484741 56.288352131843567  -135.08230590820312         8 5 
76    -85.692202053964138 74.485960900783539 82.350021004676819  -184.12591552734375         8 9 
77    -94.334569303784519 70.621711254119873 41.620494902133942  -131.17221069335938         8 7 
78    -99.934901291271672 -3.5266260504722595 -72.424850612645969  -231.29888916015625         8 4 
79    99.919657111167908 -1.2728987336158752 -82.659998230531755  -112.99066925048828         8 11 
80    47.882642269134521 -63.087945617735386 81.520305633544922  -136.68034362792969         8 11 
81    -26.273636764846742 -32.306994174607098 48.237426586449146  -238.56210327148438         8 5 
82    -67.319115303456783 -7.7566661238670349 -22.108795095235109  -178.98545837402344         8 10 
83    -99.851720464372193 -51.426396925937979 -25.451535251864698  -217.78700256347656         8 7 
84    -99.99357900549019 12.335191339254379 -17.210603284227545  -162.29023742675781         8 12 
85    20.808962643146515 24.423384070396423 -87.324506404635031  -115.93897247314453         8 9 
86    53.773099601268768 -8.103859543800354 40.583696912974119  -183.72611999511719         8 10 
87    6.6643913984298706 -55.778501757975391 12.221044912934303  -124.86720275878906         8 9 
88    -5.2573837526142597 -21.543730379111366 -99.94246462477895  -158.341796875         8 9 
89    -78.216998279094696 -2.9393029510974884 -49.052875366527587  -207.98089599609375         8 9 
90    77.48504900932312 33.641610980033875 -8.9602556228637695  -214.804931640625         8 12 
91    99.767514109611511 74.052328258752823 -35.995535209774971  -220.85125732421875         8 10 
92    -29.054840728640556 -57.974975883960724 -23.108029827475548  -172.74116516113281         8 7 
93    -49.042409673333168 23.364493727684021 78.482707500457764  -152.5904541015625         8 8 
94    89.744166553020477 -77.918650279076076 69.902383029460907  -146.73390197753906         8 7 
95    -99.947856881927692 29.505392961204052 -64.140192690783721  -193.56338500976562         8 9 
96    87.91966438293457 -35.950907301157713 -33.266621891409159  -135.15492248535156         8 5 
97    82.585206985473633 37.906920418143272 12.689127249643207  -194.31805419921875         8 11 
98    7.4357132911682129 -6.5720620246138424 -99.902784309678282  -161.89706420898438         8 13 
99    82.17083215713501 -23.057614028453827 47.217947721481323  -165.87767028808594         8 5 
100    -99.868602032278432 -36.963436820219385 30.471428427379578  -264.35171508789062         8 11 
101    -26.080432899296284 -0.030056536197662354 -18.672017470002174  -138.53822326660156         8 8 
102    27.911994099617004 -99.90113698533969 81.193562209606171  -109.08206939697266         8 8 
103    81.426071643829346 57.326312065124512 -7.7136754393577576  -233.21041870117188         8 6 
104    20.898374915122986 -45.140195794403553 -20.087111264467239  -101.84075164794922         8 9 
105    3.0358193516731262 19.46576464176178 62.47697913646698  -147.62135314941406         8 8 
106    -56.867816832382232 7.1134687159210443 -53.687201578170061  -147.36064147949219         8 7 
107    99.993435621261597 55.827436357736588 53.958571910858154  -250.06048583984375         8 11 
108    47.488677501678467 -60.002399885241175 -32.398957252502441  -82.361526489257812         8 11 
109    -98.670918516931124 -0.081590376794338226 24.71979832649231  -223.36848449707031         8 10 
110    23.13917875289917 -3.989895224571228 -35.303467512130737  -244.6981201171875         8 1 
111    -84.197678038479296 -44.930209502577782 24.489798810333014  -248.70872497558594         8 12 
112    52.13160252571106 4.3134601712226868 26.379550576210022  -156.8154296875         8 7 
113    52.730553507804871 -43.507583633065224 99.984884262084961  -156.56349182128906         8 7 
114    18.093777298927307 18.213613927364349 -68.784412272274494  -144.14248657226562         8 10 
115    -51.613671869039536 22.374951541423798 -81.689129963517189  -216.51448059082031         8 6 
116    -95.788049853974371 -7.0288879530307895 -18.687463077905704  -214.09896850585938         8 6 
117    -30.023676607757807 -47.634547305613523 82.390974283218384  -159.03598022460938         8 10 
118    9.2146540284156799 -10.289330720901489 56.025938749313354  -128.56405639648438         8 9 
119    61.457137107849121 -19.644734352827072 59.315361022949219  -172.63212585449219         8 6 
120    99.994503498077393 15.599714607000351 81.189482927322388  -203.03057861328125         8 5 
121    44.675995707511902 -26.436931755393744 2.4661643505096436  -171.67942810058594         8 8 
122    -61.699392855167389 60.77361923456192 -2.8589636385440826  -154.17420959472656         8 9 
123    27.363484859466553 55.086685061454773 20.737450838088989  -183.05557250976562         8 6 
124    4.1542841792106628 -73.725233809775091 -10.495979681611061  -163.77952575683594         8 5 
125    31.781738638877869 90.008397102355957 53.965103387832642  -195.42703247070312         8 9 
126    29.78187894821167 -40.903666719794273 67.809484243392944  -128.21171569824219         8 10 
127    85.206198573112488 33.907646213425323 53.474153697490692  -204.38856506347656         8 4 
128    83.985610127449036 84.264483988285065 -74.2423519291915  -231.42839050292969         8 8 
129    -99.17076582216032 23.781632460653782 -31.268995232880116  -196.76516723632812         8 13 
130    -72.930896300822496 -80.982877728762219 58.14789230003953  -212.83250427246094         8 8 
131    32.970847606658936 -3.2878950983285904 17.867724061012268  -199.232421875         8 9 
132    94.580083012580872 -15.603792130947113 -38.021628707647324  -197.75369262695312         8 4 
133    43.584805607795715 13.855117440223694 -54.658219367265701  -119.56973266601562         8 13 
134    35.694245338439941 81.675090074539185 -99.997825490861032  -142.10935974121094         8 9 
135    -69.344429805874825 37.391877174377441 -99.205237443691885  -214.74371337890625         8 5 
136    99.928393483161926 99.961745738983154 -79.425059745174167  -250.03567504882812         8 4 
137    -42.719752945005894 75.381964664906263 -70.368911436293274  -113.14808654785156         8 6 
138    54.273757576942444 -4.6117260213941336 99.998476266860962  -200.81378173828125         8 10 
139    -11.542154997587204 31.593731462955475 61.97734272480011  -200.92031860351562         8 10 
140    -80.701253840699792 -49.487979663816077 -54.51081898069242  -233.1734619140625         8 6 
141    -68.170590614899993 9.7338230907917023 -37.952303349971771  -186.69029235839844         8 8 
142    -10.082541584968567 1.6654258258640766 -99.981237602129113  -131.94468688964844         8 7 
143    -10.783186703920364 68.420536518096924 83.682660818099976  -156.7177734375         8 6 
144    -99.99964601429069 -55.310627656284396 52.318818062543869  -172.65046691894531         8 9 
145    22.007048308849335 -85.3001479357481 19.322900831699371  -215.44700622558594         8 5 
146    -1.6240526214241982 71.478144779801369 -45.395171194162685  -161.14576721191406         8 8 
147    59.700971007347107 -38.217709567339625 11.692136466503143  -207.25355529785156         8 10 
148    7.6409168839454651 87.195459365844727 -73.218025523219751  -160.0966796875         8 4 
149    43.565803289413452 -98.164450537413359 -5.8961245715618134  -188.33271789550781         8 5 
150    99.948541164398193 -42.983920089900494 9.1958795189857483  -114.62119293212891         8 8 
151    99.530412077903748 -38.676086902618408 -69.99480248431064  -155.88618469238281         8 11 
152    93.231512665748596 -62.745941183544346 56.403832793235779  -194.28785705566406         8 7 
153    -26.153861963422969 99.983895897865295 18.947451889514923  -176.31259155273438         8 5 
154    -61.637479146476835 79.07933534681797 -42.714749574661255  -154.54080200195312         8 9 
155    13.615729749202728 34.880420804023743 -21.128712952136993  -94.703506469726562         8 12 
156    68.516628742218018 -23.147992253303528 -2.7835208177566528  -154.32499694824219         8 7 
157    -0.84310377016663551 99.99091625213623 3.3394659161567688  -161.25267028808594         8 4 
158    -33.333553563803434 34.944645807147026 -56.402415320277214  -122.54163360595703         8 6 
159    44.541454195976257 -82.193525140974089 58.623446106910706  -127.02496337890625         8 7 
160    -68.197644360363483 -33.724027872085571 -97.179940395915764  -263.03848266601562         8 7 
161    -11.943958988413215 -56.999545448765275 98.592936873435974  -119.59490966796875         8 7 
162    14.314939081668854 37.700904726982117 28.120613217353821  -175.77328491210938         8 6 
163    15.710505783557892 39.293981790542603 65.169607758522034  -134.42831420898438         8 6 
164    -56.538614919525571 -18.539790879935026 -85.315098885446787  -181.05018615722656         8 6 
165    -52.325919466355117 71.579728007316589 68.774449825286865  -158.60972595214844         8 4 
166    35.59480756521225 -67.496195393236121 52.983443081378937  -129.88426208496094         8 6 
167    -99.943053599356787 42.527072697877884 -38.456645615398884  -235.88166809082031         8 5 
168    15.551016449928284 99.982857704162598 58.394393682479858  -164.50773620605469         8 4 
169    -16.614015102386475 -14.186513993719482 99.999874591827393  -195.70610046386719         8 10 
170    -55.91676513152197 71.329464316368103 92.321806073188782  -142.33843994140625         8 4 
171    -56.376414090394974 -78.553957668715157 46.019490033388138  -181.33692932128906         8 7 
172    -82.562443099915981 11.985594093799591 32.300534983514808  -186.16401672363281         8 9 
173    -7.5472447907668538 85.262381553649902 -6.1135746203362942  -206.74726867675781         8 9 
174    23.13917875289917 -26.980026948265731 -35.303467512130737  -127.00984954833984         8 1 
175    14.334975719451904 64.48516845703125 75.883144378662109  -175.25068664550781         8 4 
176    -99.999984628038533 -99.999997710883193 55.382435828447342  -275.20059204101562         8 9 
177    -37.496791955083609 67.445080816745758 53.307658672332764  -162.45088195800781         8 7 
178    -87.560388646604892 73.443135380744934 -85.08028031187132  -171.53163146972656         8 4 
179    -99.990920425625518 69.299173355102539 68.774449825286865  -185.72711181640625         8 0 
180    66.031700193881989 -17.459973514080048 -91.927691895514727  -160.71527099609375         8 9 
181    76.96733021736145 -4.3830811977386475 37.133088111877441  -234.40025329589844         8 3 
182    -34.184290087781847 87.558618187904358 76.56346607208252  -168.15585327148438         8 3 
183    73.10826587677002 -37.508497066795826 80.5295250415802  -203.09519958496094         8 7 
184    66.658061981201172 71.700334548950195 -34.1905896961689  -221.16412353515625         8 6 
185    49.07301539182663 -99.514340099645779 -99.98046047661046  -262.18310546875         8 9 
186    -99.999814863343431 90.038748621940613 -99.995071818658971  -238.44853210449219         8 4 
187    80.421025991439819 -45.186167825944722 -47.664293443784118  -247.97016906738281         8 6 
188    -27.076778414542787 -44.155482918024063 -56.934089449219755  -187.87899780273438         8 7 
189    -53.733791967853904 -63.85127080976963 86.900155901908875  -194.998779296875         8 8 
190    -69.573404276743531 -34.011595535092056 -1.8184090852737427  -228.60017395019531         8 5 
191    50.175997257232666 69.79801344871521 -99.947888395930931  -193.49058532714844         8 10 
192    -82.403078802395612 -57.58108307501243 -99.991469148826582  -232.36572265625         8 5 
193    19.281581163406372 -81.035529389977455 -56.320642189122736  -131.53398132324219         8 12 
194    -69.417480103743401 58.872922778129578 -22.661506078438833  -114.97104644775391         8 5 
195    99.994943022727966 70.092796862125397 -18.265366792678833  -214.03578186035156         8 13 
196    34.118388397619128 -17.001152992248535 -45.836441010877024  -205.56535339355469         8 7 
197    -52.5166155109182 74.379957437515259 5.740319550037384  -128.01416015625         8 6 
198    -99.924852233380079 -28.328646004199982 80.727647423744202  -236.02442932128906         8 2 
199    -81.391120999353006 99.98330283164978 -16.347862213879125  -276.7335205078125         8 7 
200    75.571318566799164 50.255008459091187 78.896992444992065  -212.74981689453125         8 6 
201    14.514815330505371 18.58427631855011 -11.018091201782227  -125.01091766357422         8 14 
202    16.659839689731598 99.99091625213623 -99.983081730897538  -123.28199768066406         8 3 
203    99.691212177276611 -83.945049302803483 -56.373331367620267  -210.87551879882812         8 4 
204    -50.56458980217576 -80.137155872536823 -33.592515110969543  -197.87454223632812         8 8 
205    -71.199174925684929 -74.493313264687458 -99.964198588347188  -235.04057312011719         8 4 
206    0.019186981022357941 0.53019213676452637 -17.86109733581543  -215.3759765625         8 9 
207    11.965093910694122 -10.820178613066673 22.559383690357208  -93.572174072265625         8 7 
208    56.788422822952271 99.654078483581543 14.176297187805176  -235.31575012207031         8 1 
209    32.532759487628937 -99.965118863910902 19.418629294261336  -158.60279846191406         8 5 
210    -20.352715730667114 5.261202335357666 99.968291997909546  -143.3192138671875         8 9 
211    99.986031770706177 -19.356151580810547 -57.638645559549332  -140.83267211914062         8 10 
212    -69.864625792950392 -99.982715951045975 59.10604091361165  -232.76896667480469         8 7 
213    -99.706132481107488 -55.218274167126651 -81.549019236321328  -255.75553894042969         8 5 
214    -49.676389325410128 -99.334448063746095 58.51842075586319  -177.60130310058594         8 6 
215    -71.358370929956436 -14.051326468586922 -3.0460172966122627  -220.01603698730469         8 11 
216    -24.049230560660362 -47.456653147935867 30.104637026786804  -155.77731323242188         8 4 
217    -58.172822145861574 72.347810797393322 -99.995783336604291  -201.16743469238281         8 5 
218    12.516823381185532 -99.944827530067414 -61.691515461354356  -166.07518005371094         8 7 
219    -29.467282558463921 -99.873446498080739 -2.4133804962038994  -160.908935546875         8 10 
220    83.594729542732239 -61.606746247038245 -24.282561196596362  -186.2447509765625         8 5 
221    44.041296005249023 -50.349047780036926 15.833070635795593  -91.646903991699219         8 3 
222    79.82812774181366 -99.354265063884668 -62.896523224335397  -180.12495422363281         8 9 
223    19.53161358833313 99.975466728210449 -80.105401002559518  -134.90327453613281         8 2 
224    -25.013748587109149 98.980030536651611 -99.99866400721055  -239.11405944824219         8 6 
225    -68.883861243724823 -98.820337121455395 -16.487866222858429  -237.65255737304688         8 9 
226    -99.998982223689737 -99.999980795860282 -99.998057076492387  -308.92660522460938         8 5 
227    -62.401932179927826 -99.990920425625518 -99.706950923427939  -254.65957641601562         8 2 
228    -85.595257006585598 -12.305011910240864 10.281883507966995  -256.82778930664062         8 8 
229    81.176708936691284 -64.684066567516311 -2.4739752113819122  -119.95011901855469         8 9 
230    47.330183744430542 -64.704249263637394 -83.083426406810588  -163.16453552246094         8 8 
231    -29.885201235301793 -66.550641451559414 -59.049078186973929  -231.02803039550781         8 8 
232    90.375137686729431 -79.852735226795758 -5.9835673561319709  -177.46896362304688         8 6 
233    33.6374671459198 -48.432781957089901 -34.883893072605133  -83.516288757324219         8 6 
234    67.202810406684875 -1.232321560382843 11.878628350794315  -163.87251281738281         8 12 
235    52.757852554321289 -53.46841074873646 -99.895468383911066  -169.55195617675781         8 6 
236    93.160387277603149 -99.985448009508218 70.262225449085236  -141.64596557617188         8 6 
237    -48.797562919557095 11.576128035783768 -4.7027915716171265  -138.88505554199219         8 10 
238    99.647375464439392 -79.852735226795758 -22.197910102782771  -231.43505859375         8 6 
239    83.008859038352966 12.568687200546265 -74.130780938045064  -130.77241516113281         8 10 
240    46.79022291302681 -37.442819207906723 62.405098207294941  -152.07412719726562         8 12 
241    28.762616634368896 7.6357361674308777 -16.625828564167023  -68.801025390625         8 4 
242    76.449429869651794 99.982500076293945 -79.454026993422389  -223.2645263671875         8 7 
243    -73.088656529784203 -2.7599542737007141 77.42013144493103  -177.43148803710938         8 7 
244    13.004217982292175 6.7770188450813293 -51.815750300884247  -197.67237854003906         8 9 
245    -43.675762583035976 99.99344003200531 -99.990920425625518  -217.14985656738281         8 5 
246    -36.558748626615852 62.136602401733398 74.924407124519348  -234.041259765625         8 5 
247    63.370764136314392 -99.875370593625121 60.424823641777039  -140.48887634277344         8 5 
248    -35.084209837950766 68.671333789825439 -2.7076225131750107  -147.28192138671875         8 5 
249    37.782151341438293 68.278241038322449 -85.795837779762223  -149.27920532226562         8 7 
250    91.286264896392822 -80.735645242845578 17.126908540725708  -153.868408203125         8 4 
251    -39.947286233305931 10.552581965923309 40.336959958076477  -116.81212615966797         8 10 
252    -5.3610700964927673 -66.964385606943324 22.893927112221718  -151.71043395996094         8 10 
253    4.3733180165290833 -80.730234533077052 -99.985079571335518  -159.40579223632812         8 7 
254    33.652127385139465 15.831614971160889 -38.645428506657481  -120.12404632568359         8 12 
255    -69.72053722338751 -19.138030230998993 66.092317312955856  -178.91862487792969         8 9 
256    82.382505714893341 -85.863893125206232 -36.855949025735754  -103.20417022705078         8 9 
257    8.0514670610427856 57.526960372924805 18.502921402454376  -130.83648681640625         8 11 
258    -51.079429566860199 -41.682968104286374 -80.32279752381146  -209.18815612792969         8 7 
259    35.868355989456177 38.497241377830505 50.168252944946289  -205.9163818359375         8 3 
260    -99.787822770798812 61.708336114883423 85.481794774532318  -234.43214416503906         8 8 
261    -9.350214496254921 -57.954337313771248 -1.2213667035102844  -188.37852478027344         8 6 
262    68.455207467079163 -74.156242245808244 -24.438698547892272  -149.42971801757812         8 8 
263    -44.258272329345345 67.015103936195374 27.466678559780121  -168.08061218261719         8 9 
264    82.241267800331116 -23.610889285802841 99.986982345581055  -201.05397033691406         8 3 
265    53.077277183532715 50.406490981578827 26.513931632041931  -252.49337768554688         8 11 
266    24.677367210388184 60.494911432266235 55.97524182125926  -181.80574035644531         8 8 
267    -4.7255799770355225 -2.9715901017189026 23.550023078918457  -117.5360107421875         8 10 
268    60.719523012638092 92.66266393661499 -65.637673776131123  -214.30815124511719         8 10 
269    55.187657658010721 -41.967408258467913 -74.795647462829947  -216.98991394042969         8 6 
270    -40.937540117767639 -99.744083434110507 -99.974465288687497  -198.75228881835938         8 6 
271    -99.485302297398448 -72.405638739466667 41.074652999639511  -244.92964172363281         8 2 
272    -32.687731627374887 28.163616016507149 -76.90532661229372  -159.07661437988281         8 5 
273    22.928637266159058 66.714046001434326 -75.456308156251907  -128.64814758300781         8 7 
274    -82.147947538644075 78.935430526733398 -45.444155750796199  -149.64729309082031         8 12 
275    27.079042792320251 56.53624415397644 -45.782532949000597  -166.74203491210938         8 6 
276    -13.456488892436028 99.634146690368652 -61.030011836326594  -222.62506103515625         8 3 
277    29.802453517913818 -18.408706247806549 -83.620722206309438  -146.01275634765625         8 2 
278    0.28831613063812256 -1.7393233776092529 -61.853495724033564  -161.44577026367188         8 8 
279    89.92179000377655 -99.99946512960156 -99.990627727107494  -173.80892944335938         8 4 
280    67.986672759056091 -67.641116355878694 -44.070561744272709  -165.44989013671875         8 9 
281    83.904576301574707 2.0795760154724121 -45.823517978191376  -191.70428466796875         8 11 
282    70.218453943729401 -99.761039763689041 4.6893995329737663  -125.53407287597656         8 2 
283    85.815284490585327 -7.8913165330886841 1.3526043295860291  -107.09856414794922         8 5 
284    -72.659179375113155 60.193503424525261 -99.889641672591097  -135.89830017089844         8 8 
285    -37.985845342278481 8.4667043685913086 84.26113760471344  -153.79667663574219         8 6 
286    -51.060279420373263 -27.79902571439743 -99.968431817251258  -183.55502319335938         8 2 
287    38.173484802246094 97.346343398094177 -16.807201385498047  -206.7041015625         8 5 
288    -40.015306517481804 -13.675943791866302 -25.259397996589541  -235.32823181152344         8 9 
289    58.023583650588989 46.710787415504456 -18.041046926751733  -194.33221435546875         8 5 
290    29.128625810146332 -99.964064640560537 -52.795533190015703  -155.984375         8 8 
291    -99.971176999481031 -8.2280578278005123 99.996805787086487  -223.0831298828125         8 3 
292    24.6110680103302 -49.514409084804356 11.68950809405942  -136.440673828125         8 6 
293    -75.867338847368956 26.472358465194702 98.582661151885986  -213.59146118164062         8 2 
294    34.500622749328613 -52.067137509584427 99.96258020401001  -80.533760070800781         8 1 
295    25.626873970031738 -19.722724363207817 -11.581103965640068  -130.54664611816406         8 7 
296    99.984695196151733 99.945447206497192 13.228232979774475  -224.14080810546875         8 4 
297    80.255818009376526 -33.021445700311006 -74.018593152635731  -145.15719604492188         8 5 
298    99.614572525024414 -88.235838558614034 82.399025440216064  -263.17138671875         8 3 
299    -57.13842561841011 -22.038866860792041 6.2269697189331055  -202.94172668457031         8 10 
300    32.88728654384613 -5.9487099647521973 -1.4821731448173523  -168.43791198730469         8 7 
301    -53.87461594492197 -99.564698662494266 -83.775586341507733  -215.32859802246094         8 7 
302    -99.974972812924534 48.361164577305317 -64.199924424261553  -221.97138977050781         8 7 
303    -71.757835581898689 -37.842054687440395 -72.707581939641386  -270.1871337890625         8 6 
304    24.919536709785461 -79.233660171739757 -91.025079149752855  -173.94395446777344         8 11 
305    25.24229896068573 -29.684612531214952 86.284399032592773  -109.17991638183594         8 2 
306    29.119578778743744 74.339950084686279 71.069814115762711  -183.76622009277344         8 7 
307    -10.464454814791679 -63.425061246610994 -52.696902294461324  -183.86767578125         8 5 
308    51.297423839569092 -9.7606049180030823 -14.882469207048416  -136.31668090820312         8 11 
309    -99.812629462103359 -34.340471155563776 -31.531839199364185  -257.10501098632812         8 5 
310    15.697517573833466 80.791070818901062 59.938243778422475  -185.14791870117188         8 6 
311    -83.875090584158897 35.309249161975458 6.2646217190194875  -224.85208129882812         8 5 
312    69.268864572048187 62.397353142499924 26.487952798604965  -236.02682495117188         8 12 
313    -18.229857828468084 -78.982505708932877 99.959838390350342  -155.35482788085938         8 4 
314    10.126011941581964 99.999642133712769 -59.37538146704901  -154.18525695800781         8 8 
315    -58.517532750964165 -2.4772725701332092 92.607200145721436  -125.14250946044922         8 5 
316    -91.012329664081335 -17.331955075263977 32.342589581385255  -295.67816162109375         8 8 
317    -72.400807321071625 61.757941454648972 81.852115750312805  -199.40736389160156         8 8 
318    12.842846810817719 -23.992286331951618 -77.06935703754425  -103.18532562255859         8 4 
319    -17.711803803220391 80.304371908307076 -55.653097094967961  -160.23918151855469         8 10 
320    48.654067516326904 -97.959386994130909 11.384681961848401  -189.66102600097656         8 3 
321    -57.148296750616282 99.212658405303955 -53.250143200159073  -232.25927734375         8 3 
322    93.25831127166748 -99.020632104278775 -45.956072573550045  -138.95002746582031         8 6 
323    99.950384974479675 84.916265368461609 43.759314328432083  -253.94367980957031         8 9 
324    -78.216998279094696 -10.427925959229469 -68.247263625264168  -245.12446594238281         8 7 
325    38.173484802246094 -82.379895110999996 84.407492995262146  -187.90890502929688         8 4 
326    49.661593675613403 13.081979155540466 -71.909537930041552  -161.88331604003906         8 12 
327    -14.984256446361542 99.946892261505127 -14.411574259400368  -203.88929748535156         8 4 
328    -63.352810993790627 -73.096251709758576 99.996636271476746  -168.98968505859375         8 5 
329    37.428522109985352 50.504030823707581 -76.793248194502667  -169.13963317871094         8 3 
330    -38.619017779827118 -99.970772191503784 87.681361317634583  -152.26786804199219         8 7 
331    35.362088680267334 99.99091625213623 -99.990920425625518  -227.36288452148438         8 2 
332    -48.373297293786891 36.372995376586914 45.255056262016296  -80.460655212402344         8 5 
333    71.228908061981201 -99.231868182618157 -30.097949489431443  -204.64930725097656         8 6 
334    -99.949523690156639 -43.265558064198558 -56.424867343423102  -233.34744262695312         8 4 
335    -39.21811819402501 21.39191460609436 -99.990920425625518  -131.45391845703125         8 5 
336    -30.215960343368351 15.311137512326241 -38.108294919133186  -51.455150604248047         8 5 
337    82.17083215713501 -20.493111968040466 -52.250738233327866  -110.86849212646484         8 5 
338    -79.628158152103424 4.5549308061599731 14.538495182991028  -223.11459350585938         8 9 
339    -99.353460634883959 -3.940845787525177 42.520830094814301  -199.03288269042969         8 10 
340    -90.670362591743469 12.664571762084961 78.88424813747406  -168.49124145507812         8 5 
341    68.80994701385498 -1.2236470580101013 81.881367683410645  -211.54396057128906         8 9 
342    67.641965627670288 50.746751787140965 48.707503413781524  -222.35964965820312         8 6 
343    12.363557696342468 -74.250697779469192 7.2023906409740448  -96.019432067871094         8 8 
344    91.756646633148193 -99.969622479584359 99.948251247406006  -230.28958129882812         8 4 
345    -22.303430265499628 -72.394086617045105 -38.534826040267944  -211.427001953125         8 6 
346    36.388087749481201 -38.004328003386036 -71.570465669035912  -155.59111022949219         8 4 
347    -99.934901291271672 -3.5266260504722595 -1.0650429643064854  -187.04466247558594         8 2 
348    -14.854819938540459 -21.289540346711874 18.088118992745876  -249.89768981933594         8 9 
349    -12.005562700331211 -17.844656720757484 -61.784333421383053  -216.37184143066406         8 11 
350    82.240143001079559 -98.697742914780974 -80.862204833330679  -171.42707824707031         8 8 
351    -66.108812406659126 83.090708374977112 48.441277861595154  -201.71345520019531         8 4 
352    -68.798018038272858 -99.870740133337677 99.99091625213623  -266.35748291015625         8 3 
353    -22.47316123789642 79.340204626321793 -14.648852251761127  -179.40719604492188         8 7 
354    50.498159885406494 72.085233092308044 22.804721653461456  -202.23928833007812         8 10 
355    7.0454500317573547 56.484586715698242 -53.175237679271959  -151.53709411621094         8 3 
356    -71.671841789968312 -63.188495465175947 83.681224644184113  -242.11721801757812         8 8 
357    -58.542726002633572 41.399421334266663 -12.466145217418671  -133.58831787109375         8 7 
358    97.015103697776794 -99.990920425625518 -68.615650510971562  -184.12046813964844         8 3 
359    86.748168647289276 -71.445600602397462 -51.058231949806213  -146.00602722167969         8 4 
360    -99.990920425625518 74.091537833213806 -63.930763820768334  -198.16288757324219         8 4 
361    47.005795001983643 80.741735339164734 -16.632775753736496  -222.28565979003906         8 8 
362    82.17083215713501 -33.244572818279266 30.344728216528893  -159.06263732910156         8 4 
363    -56.011777257546782 -7.176313830743311 -99.322729999665171  -195.57530212402344         8 4 
364    -73.897738725645468 62.659413695335388 -43.998423534894073  -153.46949768066406         8 6 
365    89.224922180175781 85.9917813539505 -13.040950492024422  -233.4793701171875         8 5 
366    38.769114017486572 99.715399742126465 70.764344818890095  -226.27601623535156         8 4 
367    -53.959249064326286 -20.738378942012787 99.720275044441223  -114.93821716308594         8 7 
368    20.055693984031677 46.125261437147856 -99.993510827902355  -114.01512908935547         8 6 
369    47.861943244934082 -55.987160967197269 35.964115787297487  -120.18471527099609         8 12 
370    -22.501938425004482 60.619720101356506 13.863981127738953  -184.27516174316406         8 9 
371    -18.389763569459319 17.579644799232483 -19.757965445518494  -205.00837707519531         8 8 
372    99.980521678924561 8.0389964580535889 -27.79712589160772  -149.59994506835938         8 5 
373    -77.709682285785675 -12.809427440166473 99.987069487571716  -148.33024597167969         8 5 
374    4.1068261153995991 -30.966409269720316 -33.198953870683908  -252.27702331542969         8 9 
375    38.551391124725342 13.550670981407166 14.739597320556641  -104.77629089355469         8 5 
376    87.824169874191284 -76.862162411179781 -68.248242877423763  -156.49623107910156         8 5 
377    92.802125215530396 -99.984884139848873 35.617193579673767  -123.69549560546875         8 4 
378    -34.166246648645028 90.258445382118225 -62.882985514006577  -150.000244140625         8 8 
379    -67.201190661333385 -71.697167846496995 -39.618358158768388  -244.30166625976562         8 8 
380    79.683578848838806 -82.954988263547421 99.910971403121948  -178.21162414550781         8 9 
381    44.517922282218933 56.602623164653778 41.926872350275517  -200.72962951660156         8 10 
382    -53.700954018160701 -39.469358000904322 89.291846752166748  -244.98968505859375         8 8 
383    60.504836440086365 -61.727294371153221 18.384976863861084  -129.68754577636719         8 5 
384    -43.502744244877249 -36.011055395007133 -24.027027547359467  -153.20770263671875         8 7 
385    46.005372405052185 -22.193010523915291 -72.269165801535337  -165.39579772949219         8 8 
386    37.428522109985352 -33.194228209555149 99.400937557220459  -192.47935485839844         8 2 
387    99.965933084487915 -54.025424565828871 95.587658882141113  -169.01170349121094         8 6 
388    -65.460094437003136 18.960608959197998 21.215438991785049  -230.31724548339844         8 3 
389    -35.801952979527414 62.136602401733398 -20.146288424730301  -142.74832153320312         8 4 
390    -68.6122130677104 17.646219193935394 74.031260013580322  -161.86575317382812         8 3 
391    45.291709899902344 99.960124492645264 -0.18978923559188843  -213.24711608886719         8 1 
392    -65.472304582130164 43.552922118455172 7.4332174943992868  -185.81526184082031         8 7 
393    -71.194698691368103 -76.716444918187335 23.416092842817307  -226.24163818359375         8 6 
394    21.352151274681091 99.999285459518433 -0.39176398515701294  -121.43890380859375         8 5 
395    -46.374628307297826 99.872148036956787 -25.783212006092072  -165.69696044921875         8 4 
396    99.988222122192383 -11.615246176719666 26.114012122154236  -245.74864196777344         8 3 
397    6.0179723501205444 -67.945664451312041 99.760095238685608  -135.34535217285156         8 6 
398    74.310483574867249 47.078466057777405 -27.101900194305927  -205.0068359375         8 5 
399    82.142476201057434 -99.990920425625518 52.515733242034912  -88.748809814453125         8 1 
400    99.999833822250366 99.99091625213623 83.420973241329193  -245.05667114257812         8 4 
401    -61.33934073522687 -99.838058395078406 42.223575376905501  -227.30928039550781         8 5 
402    97.575240015983582 33.424775525927544 77.970421314239502  -232.16482543945312         8 5 
403    -66.015895694494247 -81.57774935436646 77.205995082855225  -271.92266845703125         8 9 
404    -39.376832901500165 -81.776688220910728 -53.982282471843064  -197.69158935546875         8 8 
405    -64.269671869580634 -49.565882361494005 99.9061279296875  -214.2744140625         8 12 
406    -83.024692194536328 94.587910175323486 -64.205933676751783  -236.29727172851562         8 3 
407    -70.371284492779523 97.804322600364685 -34.603238954005064  -296.98370361328125         8 4 
408    -28.217278893571347 99.144522905349731 99.981501340866089  -252.70114135742188         8 3 
409    0.83995142579078674 41.910571217536926 -97.524298921460286  -135.71206665039062         8 10 
410    -99.9714023724664 -55.771943926811218 34.083906583487988  -231.94569396972656         8 1 
411    -99.999252776349266 -66.435389177560538 99.812760710716248  -239.990234375         8 10 
412    -86.180448666214943 57.734799385070801 -30.717948935925961  -194.03878784179688         8 4 
413    -40.761997460387647 99.999811172485352 -45.132557090371847  -122.85420989990234         8 7 
414    21.921045929193497 99.948513507843018 78.004837036132812  -160.28692626953125         8 2 
415    6.8167132139205933 60.045251205563545 -99.979907748638652  -178.63957214355469         8 9 
416    -16.105501592159271 -14.613282680511475 41.164998769760132  -145.40614318847656         8 4 
417    73.509020447731018 -6.7765393257141113 99.986982345581055  -218.06149291992188         8 2 
418    70.63863742351532 69.191360116004944 -56.515298796002753  -189.20610046386719         8 10 
419    14.118323743343353 -29.675347559154034 71.150708198547363  -108.19291687011719         8 9 
420    59.263938903808594 14.764294981956482 8.6697551608085632  -232.77191162109375         8 4 
421    99.064729690551758 -37.404414602555335 -50.710177419008687  -127.11425018310547         8 5 
422    15.219917893409729 -1.3961908249184489 73.004646062850952  -140.51713562011719         8 8 
423    -50.655629478394985 52.437753200531006 81.947760343551636  -127.71875762939453         8 4 
424    19.245472729206085 -99.827073258347809 58.603471100330353  -97.283760070800781         8 3 
425    -61.483589440584183 63.571671694517136 -83.856266131624579  -151.42308044433594         8 7 
426    99.938190221786499 -49.80119548399847 78.041330993175507  -127.46921539306641         8 11 
427    -6.4922830872237682 46.995387196540833 40.924331545829773  -158.9237060546875         8 12 
428    28.94912588596344 -81.87871041893959 68.375563979148865  -123.45536804199219         8 4 
429    -99.934901291271672 -26.743039578199387 7.1455568143283017  -211.47607421875         8 5 
430    -46.079944047512072 -99.999973388035627 -66.958154124076827  -218.94020080566406         8 9 
431    7.1275789141654968 -99.997232197594712 -28.07852041721344  -164.98703002929688         8 8 
432    -50.592544790386455 -93.552099168300629 99.983429908752441  -207.81704711914062         8 3 
433    -15.716402977705002 38.527223885059357 22.446361720561981  -243.77565002441406         8 7 
434    35.978380858898163 -99.770571696224579 -70.795317764006541  -217.03465270996094         8 10 
435    -79.814671330686139 -82.138789532009014 99.591082572937012  -255.78742980957031         8 9 
436    -46.282906540727708 -48.236668109893799 -99.857312405947596  -206.0479736328125         8 1 
437    -23.649323547258973 81.498944759368896 8.0128253102302551  -156.59552001953125         8 2 
438    -69.092346929013729 -25.72007542848587 85.203927993774414  -188.95314025878906         8 9 
439    99.980378150939941 2.5594331845641136 6.0567514936983571  -194.54385375976562         8 6 
440    99.995989441871643 -57.360004608541203 31.037102486006916  -139.92680358886719         8 4 
441    -81.467635433888063 99.990226149559021 44.688629508018494  -275.84512329101562         8 4 
442    45.716272950172424 17.403477609157562 -5.8844785592518747  -201.83352661132812         8 6 
443    99.949419498443604 -54.061640193220228 -58.962587186135352  -188.36236572265625         8 6 
444    99.718926429748535 95.354909181594849 -43.529929488897324  -271.75442504882812         8 11 
445    -12.262427873909473 -99.94916261639446 -63.407853384691407  -184.57817077636719         8 6 
446    -18.318493537255563 11.585430800914764 -72.213452684110962  -211.51445007324219         8 7 
447    25.584110796451569 99.964886546134949 97.366213798522949  -194.42088317871094         8 3 
448    32.925486326217651 15.455320812761784 -99.987313502019788  -109.86457061767578         8 5 
449    29.838355779647827 -45.645854337140918 -99.970184127915672  -127.51016998291016         8 6 
450    -53.879132866859436 10.833605945110321 57.935748100280762  -142.50047302246094         8 2 
451    6.3928209468722343 72.085820019245148 -84.928149899467826  -259.078857421875         8 10 
452    -31.545657634735107 -0.84702754020690918 3.4381715399213135  -181.56208801269531         8 10 
453    99.950753211975098 -58.544969502240974 -16.009291261434555  -128.52218627929688         8 9 
454    -50.864370244904421 41.124528765678406 -99.995908579636307  -136.4232177734375         8 7 
455    -99.999994228213708 96.941773056983948 -38.205813066801056  -249.71940612792969         8 11 
456    16.16126549243927 -39.152329822536558 -55.90488076210022  -160.14772033691406         8 7 
457    -14.165570557117462 -45.843687532527838 -40.5708342269063  -208.17721557617188         8 7 
458    1.9325614795088768 -74.783580943709239 -65.677617859095335  -159.37492370605469         8 9 
459    78.761215329170227 -30.722478628158569 -99.197977690915195  -183.70077514648438         8 10 
460    -85.104266243986785 96.152391672134399 26.016729772090912  -210.88279724121094         8 8 
461    58.09573769569397 51.72478125244379 4.5646283030509949  -221.47483825683594         8 8 
462    -99.678072350099683 -5.6248277891427279 73.545171905308962  -206.02024841308594         8 9 
463    -65.071484446525574 -73.916056752204895 -20.82805523276329  -230.793701171875         8 5 
464    -82.074169486761093 -16.383342325687408 48.527203324250877  -175.90663146972656         8 10 
465    -28.69321221113205 43.744033962488174 9.787625253200531  -159.4737548828125         8 8 
466    99.995775461196899 99.951183199882507 -6.817714512348175  -232.61811828613281         8 11 
467    99.987945437431335 -99.980464055261109 10.7595454454422  -132.95396423339844         8 4 
468    9.7742307186126709 48.760795474052429 99.945763349533081  -133.07379150390625         8 4 
469    99.987483263015747 79.491656184196472 -57.714966909106806  -229.07200622558594         8 5 
470    -53.243519451469183 -46.146345674991608 -3.3133694529533386  -188.08769226074219         8 6 
471    99.995777368545532 92.878151953220367 99.988222122192383  -269.64260864257812         8 7 
472    91.677714705467224 -82.170141156437069 52.254894018173218  -141.12767028808594         8 5 
473    64.055744409561157 -28.674482204020023 -65.763296553865075  -274.59127807617188         8 9 
474    82.732180595397949 34.501903355121613 -73.343258364454414  -178.25575256347656         8 9 
475    -83.285731077194214 -16.664119333028793 -27.45977121591568  -255.7327880859375         8 2 
476    99.3480224609375 -53.180097690994444 -37.314736843109131  -136.39321899414062         8 3 
477    -5.2174238264560699 -45.169128448367701 -14.858180284500122  -199.22251892089844         8 8 
478    -56.505677013192326 -13.166671246290207 -35.688728004693985  -161.68215942382812         8 6 
479    43.498163819313049 -35.292977094650269 -13.963390976190567  -148.68643188476562         8 3 
480    -34.300280014052987 -51.177048817276955 -39.547092685475945  -189.14501953125         8 7 
481    -89.724518433675257 13.761237222220188 -99.988832975941477  -200.92799377441406         8 4 
482    45.819565176963806 61.581820607185364 61.371981263160706  -200.37750244140625         8 8 
483    -10.608895968645811 -65.773074459284544 -24.356006547808647  -164.85580444335938         8 6 
484    -9.7476750686764717 18.908625453710556 -56.865753647718975  -137.35739135742188         8 8 
485    -35.891081761568785 10.712415814399719 -80.672594964504242  -175.06980895996094         8 4 
486    3.4635516405105591 -85.772608008574025 99.991157054901123  -127.04651641845703         8 6 
487    81.831178784370422 99.99091625213623 68.152948528528214  -234.53938293457031         8 6 
488    -37.181179106235504 -9.5659326314926147 38.635176837444305  -193.30242919921875         8 9 
489    -99.990920425625518 12.601807057857513 -80.914389513483968  -242.44039916992188         8 2 
490    -6.0480919145047665 -99.908161840168759 93.579530119895935  -175.85130310058594         8 5 
491    32.033094048500061 12.433456420898438 35.124893307685852  -88.565689086914062         8 4 
492    21.923108279705048 99.972892761230469 -41.849296464031795  -124.43395233154297         8 10 
493    -9.2376455441117287 -74.473412811756134 61.783686697483063  -167.82791137695312         8 5 
494    12.4391068816185 96.15553617477417 15.75322151184082  -189.84654235839844         8 1 
495    13.681671380996704 -23.526033364236355 -99.980338238368859  -111.70607757568359         8 6 
496    98.009070992469788 -80.406617668246668 34.010808110237122  -194.14793395996094         8 8 
497    -83.486683123745024 88.461485803127289 98.987802982330322  -227.89634704589844         8 6 
498    99.734453916549683 14.570808410644531 42.122187223285437  -238.81544494628906         8 7 
499    29.904974102973938 -81.604357833974063 1.6081097424030304  -126.39320373535156         8 7 
500    70.134340167045593 -79.08621084690094 21.360508292913437  -123.86862182617188         8 6 
501    79.950355648994446 63.594062089920044 10.617089569568634  -223.75765991210938         8 6 
502    -99.9714023724664 -6.2325911521911621 -52.198821306228638  -258.96408081054688         8 1 
503    38.580128908157349 71.982284784317017 -47.234100945293903  -191.88203430175781         8 12 
504    -63.501326463185251 62.136602401733398 20.681901521980762  -88.964576721191406         8 4 
505    80.307833909988403 99.946892261505127 38.678064793348312  -242.5595703125         8 3 
506    2.409214973449707 98.080897331237793 71.234611868858337  -192.51188659667969         8 4 
507    -47.305368284229189 51.056709408760071 14.51233232114464  -133.38790893554688         8 6 
508    -14.452014679089189 18.564825654029846 78.959881067276001  -193.38481140136719         8 6 
509    12.915287166833878 -51.413768917322159 -37.470136521849781  -218.44305419921875         8 11 
510    -6.1135898679494858 -33.724027872085571 -77.599737823009491  -195.58935546875         8 6 
511    31.429955005645752 81.073134899139404 98.51024603843689  -197.77278137207031         8 7 
512    -10.689335912466049 47.490296900272369 81.396434903144836  -234.245849609375         8 12 
513    22.73664128780365 36.811732172966003 8.8138601779937744  -63.124862670898438         8 5 
514    -99.947205559108653 31.935065805912018 81.099766969680786  -211.09689331054688         8 8 
515    -99.702288234286243 -30.330453366041183 -84.078528275946155  -276.21517944335938         8 6 
516    -99.997380496235579 94.215677976608276 -75.221889851219018  -218.37344360351562         8 4 
517    -99.99999674381678 -99.999999838146763 99.999997854232788  -358.6767578125         8 6 
518    -34.438638972787885 -64.35858499124879 99.761381149291992  -198.90530395507812         8 11 
519    94.372487902641296 -57.257980684778886 -82.515041530132294  -193.85853576660156         8 3 
520    -67.46717768907547 78.91112893819809 -24.542739877477288  -182.96842956542969         8 9 
521    -54.654783204197884 -14.064541757106781 77.132538080215454  -129.81037902832031         8 10 
522    -62.306283697485924 -64.675696954698651 1.9350820183753967  -213.94998168945312         8 8 
523    -23.88034858496394 -80.243787407875061 10.471139013767242  -207.23130798339844         8 10 
524    -11.114628292620182 -99.997121460083193 5.5836736038327217  -168.09489440917969         8 5 
525    -29.815338147418515 81.615201354026794 -99.990619970987609  -119.35737609863281         8 6 
526    -10.186873108148575 59.062004089355469 -60.266703736866475  -179.79853820800781         8 5 
527    7.9650712013244629 34.370777070522308 -75.887008905410767  -124.30023956298828         8 3 
528    -59.422500415952527 -98.713059965717548 18.134345889091492  -202.65093994140625         8 10 
529    -48.810064747580327 -27.266481649130583 -9.0936902761459351  -159.55906677246094         8 4 
530    21.783099234104156 18.395930111408234 62.113471746444702  -119.09122467041016         8 6 
531    -40.984077495057136 -31.718484942684881 74.087622627615929  -131.92344665527344         8 6 
532    83.527002245187759 19.198073744773865 -29.203769667950837  -175.84907531738281         8 9 
533    0.48255348205566406 -6.5695186257362366 -38.68214849755168  -102.31737518310547         8 6 
534    34.825372695922852 -58.467618495225906 -63.60360150039196  -145.62156677246094         8 5 
535    -99.990363751567202 -21.167281851172447 -99.950545077444986  -272.4188232421875         8 2 
536    49.84941640496254 76.949136972427368 74.566510081291199  -205.97865295410156         8 6 
537    63.937034547328949 -93.333306233711482 -46.940463892300613  -210.53251647949219         8 7 
538    4.026756763458252 -97.400966100394726 -7.119586169719696  -138.1209716796875         8 4 
539    25.478646278381348 -15.87717560492456 66.686518311500549  -127.66800689697266         8 7 
540    -14.521121084690094 65.251814305782318 -77.643652260303497  -157.68153381347656         8 4 
541    13.576568096876144 -44.184704401879571 -81.202272138558328  -125.83416748046875         8 6 
542    -99.999211670789919 -99.990920425625518 73.502127951011062  -245.93739318847656         8 7 
543    -99.992100359351753 17.181534789036959 35.862946510314941  -151.19570922851562         8 4 
544    13.078294992446899 22.360299348831177 -37.823754176497459  -207.62600708007812         8 10 
545    61.198432326316833 -84.321931428276002 99.984884262084961  -206.08200073242188         8 6 
546    31.604707956314087 83.150362968444824 -74.077942401170731  -159.66627502441406         8 2 
547    10.926006853580475 -15.741574138402939 -25.03641433276789  -87.265800476074219         8 9 
548    -55.217140972614288 -99.969167599920183 80.693073153495789  -215.79104614257812         8 5 
549    99.897345542907715 -32.644363969564438 24.03851280361414  -173.29629516601562         8 5 
550    30.481997966766357 -71.088886275887489 -40.872398942708969  -178.94856262207031         8 8 
551    -73.951722213998437 -68.847339234626361 44.364667778834701  -182.26972961425781         8 5 
552    99.832914710044861 19.402294635772705 -82.910935205044709  -159.4940185546875         8 10 
553    -65.574614558368921 83.125848650932312 74.710488319396973  -199.45135498046875         8 3 
554    -76.41930165886879 74.902537882328033 26.451773166656494  -141.09559631347656         8 5 
555    -6.5712889153510332 -99.788202065974474 67.2502780854702  -168.58038330078125         8 5 
556    -19.294805890356656 34.574276030063629 -97.213225431158207  -225.26713562011719         8 9 
557    57.673859357833862 15.393868684768677 99.896717071533203  -207.58148193359375         8 4 
558    82.957369565963745 -13.555638194084167 83.519066333770752  -208.97953796386719         8 11 
559    -98.765014113392681 -42.713941588997841 -8.3040371239185333  -265.7349853515625         8 5 
560    -48.393198878158273 99.98176097869873 99.99091625213623  -183.08528137207031         8 1 
561    -76.163026571613898 44.18258535861969 -59.122794983908534  -264.44427490234375         8 6 
562    63.88386744260788 -24.951592534780502 35.685812711715698  -144.50425720214844         8 6 
563    65.274354934692383 87.587812662124634 26.904490113258362  -243.42857360839844         8 9 
564    99.898430705070496 74.195075154304504 -0.26289951801300049  -224.73481750488281         8 9 
565    -81.778082549571991 -99.973654132918455 -99.528458807617426  -300.0799560546875         8 1 
566    -1.9179106652736664 -67.480898317749961 83.35804295539856  -129.64523315429688         8 9 
567    -5.2905407906509936 91.875350475311279 20.018363118171692  -242.09571838378906         8 2 
568    -4.8258176445960999 -63.106857273727655 -99.990920425625518  -196.17745971679688         8 3 
569    -33.009325787425041 78.84178352355957 -35.119280993938446  -152.24446105957031         8 5 
570    0.20188391860574484 34.822585582733154 -59.490697483532131  -183.91542053222656         8 9 
571    -97.119730338454247 55.460672974586487 55.602897524833679  -170.38705444335938         8 7 
572    -99.999995180700083 89.158173680305481 83.345601439476013  -176.91290283203125         8 11 
573    82.530868291854858 -82.402337061703406 -99.992155805902385  -177.13999938964844         8 5 
574    -45.953182891011238 -49.155194853905414 71.731384754180908  -175.85371398925781         8 8 
575    -99.990920425625518 -83.093000948429108 -0.39275985956192017  -257.44525146484375         8 1 
576    99.855244159698486 14.720418094424531 -45.910439550876617  -161.07405090332031         8 4 
577    -99.990363751567202 -63.93675940297544 -99.950545077444986  -280.56817626953125         8 1 
578    70.570980757474899 30.210638761520386 -87.981323711574078  -184.14097595214844         8 4 
579    -84.533104740083218 -66.723229435841859 58.820934921503067  -250.35092163085938         8 7 
580    -99.798772996291518 -24.225313752889633 -51.711361971348957  -250.60679626464844         8 8 
581    -40.178846164606512 99.968671798706055 57.975159049034119  -233.471923828125         8 3 
582    11.431834936141968 -72.526476835832 67.850137114524841  -145.40122985839844         8 7 
583    -37.559379666112363 -52.91731770336628 -72.194992127408113  -155.17184448242188         8 6 
584    99.990749359130859 17.526068896055222 -12.216531222682534  -184.38981628417969         8 6 
585    99.994829416275024 74.666616678237915 99.963366985321045  -253.4376220703125         8 4 
586    -81.83732464723289 -99.981649194162756 44.388665460981429  -290.6234130859375         8 4 
587    36.33437705039978 78.038542866706848 12.595964670181274  -175.97360229492188         8 5 
588    -55.160614676773548 -99.613114451298316 -0.87366002798080444  -198.10675048828125         8 7 
589    38.173484802246094 94.13107705116272 -36.696461915969849  -206.44602966308594         8 4 
590    -25.785663120448589 -48.99789913604036 12.126790523529053  -210.67445373535156         8 4 
591    -2.1024561822414398 -99.99107789572291 47.624432088807225  -158.11750793457031         8 7 
592    0.31885117292404175 42.908871173858643 -11.645661741495132  -129.42564392089844         8 3 
593    37.830734014511108 -23.010162994265556 52.108125984668732  -165.12171936035156         8 8 
594    36.437581896781921 -99.884072132265487 98.0556560754776  -212.28826904296875         8 9 
595    99.992310762405396 -19.853105932474136 54.774650692939758  -215.125         8 8 
596    7.7623152136802673 99.99091625213623 99.999999046325684  -216.24125671386719         8 7 
597    -66.420364327728748 38.891615629196167 63.011779069900513  -200.52540588378906         8 5 
598    -20.883448148146272 -29.010193198919296 82.010729074478149  -206.7874755859375         8 8 
599    73.469428539276123 -91.943138092756271 -12.007472845725715  -124.13285064697266         8 5 
600    -76.657056055264547 78.788517147302628 -99.990365192257741  -190.56925964355469         8 5 
601    27.225721120834351 -69.081726704491302 34.079496264457703  -154.031494140625         8 4 
602    99.352997422218323 31.507170528173447 -24.200679875793867  -168.20913696289062         8 4 
603    86.617572903633118 25.649797916412354 -99.495029449462891  -193.20899963378906         8 1 
604    0.97810479998588562 -99.70209415233694 -75.829322775847686  -170.50375366210938         8 8 
605    99.985805630683899 98.709561228752136 -25.823837362229824  -248.50157165527344         8 11 
606    -99.825058551505208 -36.689989679376595 51.503660440444946  -269.60031127929688         8 2 
607    80.704214155673981 61.913885712623596 55.156685650348663  -254.475830078125         8 11 
608    46.18390417098999 71.573691725730896 -67.483295908139553  -214.30351257324219         8 9 
609    -79.493951255455613 -99.167869427707046 -78.184306275533345  -271.8045654296875         8 7 
610    82.258553385734558 99.985742568969727 -2.6770472526550293  -227.49020385742188         8 1 
611    -68.961054764688015 80.76400351524353 -60.376938499859534  -149.67948913574219         8 4 
612    -85.906370068318211 99.99091625213623 69.623329915106297  -292.9896240234375         8 2 
613    -55.531536854803562 -59.117517962040438 -80.866518445312977  -229.71408081054688         8 7 
614    -10.730643030256033 -77.368906802963465 38.05522732436657  -121.80104827880859         8 6 
615    67.884981632232666 63.691341042518616 99.213798880577087  -255.40371704101562         8 10 
616    -99.981975248374511 -99.967896347516216 -50.128871817424624  -272.3621826171875         8 2 
617    99.988898515701294 14.426274645156809 23.233059130609035  -201.40730285644531         8 6 
618    -62.06099621206522 87.635448157787323 99.977697491645813  -239.78567504882812         8 8 
619    -25.734686454758048 33.121343970298767 -25.205633357167244  -224.23101806640625         8 7 
620    -99.950409226003103 -60.827543070539832 -8.1759137809276581  -253.7933349609375         8 9 
621    -18.435964211821556 63.897686988115311 33.126565515995026  -207.85450744628906         8 12 
622    -99.512803880497813 77.857517242431641 99.995079398155212  -192.01712036132812         8 4 
623    83.64802074432373 23.457265798002481 68.336219966411591  -246.0350341796875         8 7 
624    97.886289238929749 -20.455723524093628 -76.097967676818371  -146.50433349609375         8 8 
625    59.789383351802826 33.363612651824951 55.761992014944553  -250.75738525390625         8 9 
626    -99.510969468625262 -52.24032123098732 15.050864696502686  -230.33045959472656         8 5 
627    53.740357995033264 -55.778501757975391 -1.4082204195656232  -144.26887512207031         8 7 
628    -22.395623032003641 -99.969534685020335 79.877355128526688  -214.61433410644531         8 6 
629    -37.62043684720993 53.73016557097435 -69.730506230145693  -176.1923828125         8 6 
630    19.398302376270294 -79.779523208737373 -26.131658099591732  -170.30393981933594         8 10 
631    19.632531464099884 -99.997019550968616 3.8192283734679222  -115.13768768310547         8 6 
632    -7.5657996386289597 -33.724027872085571 64.945728778839111  -167.2894287109375         8 5 
633    -23.649323547258973 81.498944759368896 33.880090713500977  -180.71342468261719         8 1 
634    -63.577681884169579 55.536022961139679 99.819335699081421  -163.39332580566406         8 8 
635    2.9166723489761353 -69.180804396038752 -36.713542544748634  -131.00730895996094         8 4 
636    -52.338154122466221 51.097930312156677 57.903492093086243  -117.56479644775391         8 4 
637    38.928617835044861 9.8515294380486012 92.199897766113281  -120.11880493164062         8 9 
638    82.379386186599731 98.436020135879517 16.769648611545563  -236.45797729492188         8 5 
639    -7.3980902135372162 -41.698562562465668 47.159402005374432  -155.66941833496094         8 6 
640    -9.1906631644815207 -99.423799430951476 -98.164956870954484  -206.03775024414062         8 6 
641    -60.123095758259296 -97.252927569206804 -39.744874626398087  -253.05474853515625         8 7 
642    32.667244672775269 99.449280977249146 -56.320599926635623  -155.70326232910156         8 7 
643    43.449934214353561 96.799966335296631 99.751548886299133  -241.43295288085938         8 6 
644    30.100274085998535 -5.1213632524013519 -99.722149685579936  -188.07662963867188         8 4 
645    -46.181310445070267 -78.433661143431721 -76.395018458366394  -225.08572387695312         8 7 
646    -99.98917811026331 -99.967896347516216 -68.928963392527294  -291.73538208007812         8 1 
647    47.488677501678467 -99.705200476979371 -23.909705013036728  -233.59469604492188         8 9 
648    45.411991596221924 35.391080558300018 10.610738694667816  -212.35069274902344         8 10 
649    -52.712749471887946 -30.579768086783588 -65.395251586567611  -209.25639343261719         8 7 
650    99.855244159698486 26.804840968223289 7.2090513706207275  -207.73200988769531         8 3 
651    8.362990777939558 -98.121070118620992 20.046621963381767  -191.3538818359375         8 7 
652    99.332775473594666 31.548688612878323 -60.271213907748461  -179.50921630859375         8 9 
653    16.563834130764008 81.598818302154541 -57.427531628170982  -179.69158935546875         8 7 
654    53.388047456741333 48.309408813714981 -38.006441996374633  -211.4625244140625         8 9 
655    20.718915283679962 47.583990931510925 81.841276407241821  -186.8916015625         8 4 
656    -98.865090239793062 -58.470580133318435 -44.869346112012863  -258.8638916015625         8 7 
657    51.94886577129364 79.460795402526855 44.432051002979279  -228.532470703125         8 6 
658    98.205254912376404 -61.409564808518553 8.7878260016441345  -172.892333984375         8 11 
659    42.01030158996582 99.975499749183655 -72.266117965602461  -245.09930419921875         8 9 
660    -79.318847596645355 5.8212031722068787 99.99091625213623  -157.16261291503906         8 3 
661    -11.225797314196825 55.690329790115356 -1.7058091461658478  -197.90249633789062         8 6 
662    99.435063719749451 28.435158550739288 99.707818031311035  -240.36714172363281         8 3 
663    60.941670894622803 29.140406370162964 -67.154809321509674  -151.22036743164062         8 11 
664    54.337648153305054 -66.060963352350882 49.980583071708679  -148.54692077636719         8 7 
665    83.642760753631592 -99.999505537347488 19.14830020070076  -181.10066223144531         8 5 
666    99.964154481887817 -40.13292319374159 -91.179353452520445  -190.78898620605469         8 10 
667    -43.796754591603531 -85.937924683094025 -8.6086198939010501  -211.25740051269531         8 4 
668    -34.459562036208808 22.733770728111267 64.96807324886322  -162.851806640625         8 3 
669    -99.926471157232299 29.096621845749723 -99.960820667911321  -277.315185546875         8 2 
670    82.235087990760803 14.028802245855331 12.279854238033295  -210.35214233398438         8 10 
671    -99.950274576389347 89.593758344650269 54.508460640907288  -174.7337646484375         8 6 
672    -36.136120409239084 36.372995376586914 82.749546885490417  -132.8951416015625         8 4 
673    34.894051432609558 -12.245802402496338 82.321977615356445  -138.03640747070312         8 4 
674    9.3494186401367188 -21.03814908862114 -47.537045858800411  -141.87327575683594         8 8 
675    9.3849309980869293 -99.966746044810861 82.357705235481262  -128.36079406738281         8 3 
676    12.629227787256241 -92.092731216107495 40.743042945861816  -171.32087707519531         8 4 
677    27.372115552425385 64.241703808307648 -99.999942179059559  -170.14883422851562         8 7 
678    99.423837661743164 99.88635778427124 32.541254967451096  -255.5167236328125         8 1 
679    43.85464608669281 68.715242803096771 92.199897766113281  -197.66868591308594         8 8 
680    -33.583730739133898 45.44047549366951 -87.80460030931863  -239.99313354492188         8 4 
681    -52.256379364058375 -56.104409616440535 -32.610253259539604  -247.61856079101562         8 7 
682    -42.498451218008995 -99.731853300814691 -47.298295053537004  -187.65156555175781         8 8 
683    20.116684019565582 48.57553243637085 -69.317456714285072  -100.08228302001953         8 5 
684    -98.413676524767652 -48.228481168858707 99.998359680175781  -229.31962585449219         8 10 
685    -73.615408269688487 -99.982715951045975 79.42702454328537  -255.05052185058594         8 6 
686    -79.245772276073694 33.485493659973145 75.076019763946533  -216.14860534667969         8 2 
687    -8.3515159338712692 -88.069651542464271 -36.119185647723498  -176.14912414550781         8 10 
688    -99.998889166186487 52.673544365912676 -99.909828848292818  -277.01345825195312         8 6 
689    84.33223682641983 -45.807713407557458 99.953591823577881  -191.23255920410156         8 5 
690    -11.841674561612308 -98.756787087768316 -18.208928856998682  -204.28599548339844         8 5 
691    -50.174648240208626 -99.665350898940233 -20.998990416526794  -185.4581298828125         8 6 
692    47.003044486045837 67.524085640907288 -30.175391972064972  -155.99070739746094         8 7 
693    59.21098256111145 98.704626679420471 72.617197871208191  -239.01902770996094         8 6 
694    13.87110161781311 74.339950084686279 9.1241620854707435  -184.07968139648438         8 5 
695    -26.189963525601343 -54.408330917358398 -99.74267948952911  -163.42430114746094         8 6 
696    44.140901803970337 -44.987245067954063 83.692735254764557  -180.01628112792969         8 11 
697    32.336870551109314 25.925931096076965 99.984227657318115  -178.51240539550781         8 8 
698    19.739620447158813 -41.689307808876038 99.189189672470093  -129.26298522949219         8 8 
699    -5.7629246711730957 36.261972308158875 -36.235151121392846  -323.34579467773438         8 9 
700    -68.680165430530906 -4.8859915882349014 52.813197419047356  -145.8375244140625         8 6 
701    9.7817202210426331 -13.804434657096863 85.219346284866333  -117.43272399902344         8 8 
702    -40.966586949303746 -26.964750552520854 -42.265362143516541  -178.53950500488281         8 6 
703    33.238375782966614 99.523532390594482 14.184477925300598  -161.20857238769531         8 4 
704    11.755879700183868 8.487598180770874 38.992403626441956  -241.14724731445312         8 10 
705    -46.652329495409504 62.136602401733398 -38.625213719904423  -175.44729614257812         8 3 
706    -99.792151960747105 80.067276954650879 1.4002984662220115  -176.59539794921875         8 2 
707    99.99091625213623 -46.006270489830058 54.877579212188721  -144.26045227050781         8 2 
708    -54.915371257811785 -0.06210637092590332 11.343683946877718  -156.74006652832031         8 7 
709    99.997707605361938 75.321919709444046 59.293677449226379  -242.39450073242188         8 5 
710    14.137059807777405 35.477667570114136 47.515248894691467  -133.21287536621094         8 5 
711    25.626873970031738 -23.751450657844543 15.011041854508221  -82.220535278320312         8 5 
712    -98.765575233846903 71.700334548950195 -99.991586599011498  -228.23744201660156         8 1 
713    -53.481018543243408 -69.651691809296608 68.300175353884697  -191.2969970703125         8 5 
714    5.0504724383354187 1.0150688588619232 97.830688953399658  -123.37437438964844         8 4 
715    17.78137081861496 -99.976806071936153 99.977207183837891  -103.35032653808594         8 3 
716    20.326025545597076 99.99091625213623 38.690147995948792  -170.01048278808594         8 4 
717    -99.985801007640248 35.066303715109825 -81.375696431845427  -299.02554321289062         8 10 
718    -24.551953107118607 -71.726129844784737 52.152357161045074  -179.60514831542969         8 10 
719    25.626873970031738 -11.816657423973083 98.953019142150879  -150.10813903808594         8 5 
720    -31.553281217813492 60.682934582233429 99.967692255973816  -164.52520751953125         8 6 
721    -58.50100064142498 99.938435554504395 -11.53502444922924  -148.11042785644531         8 4 
722    -81.832946550101042 -57.746740976377623 99.860913515090942  -258.81793212890625         8 4 
723    -16.199615508317947 -24.907472814200446 -44.879303345456719  -227.14643859863281         8 6 
724    -68.300545260310173 -54.066193237202242 -15.202652245759964  -304.5203857421875         8 8 
725    86.320355355739594 -50.596877078347461 41.429994583129883  -115.04351043701172         8 6 
726    -81.865122565068305 64.625285103917122 4.3814699892536737  -158.59880065917969         8 9 
727    31.282483875751495 74.339950084686279 37.929189648479223  -189.88497924804688         8 6 
728    -99.981619248865172 -1.2375862002372742 -99.67531724832952  -247.98544311523438         8 1 
729    11.761810481548309 -41.649210222312831 -99.960373266600072  -158.76707458496094         8 11 
730    99.988820791244507 -36.016250714659691 99.919361710548401  -221.47349548339844         8 8 
731    -10.851364273577929 7.3874155282974243 -42.451025787740946  -138.85716247558594         8 9 
732    77.491730511188507 45.190451926551759 99.628844618797302  -249.85247802734375         8 10 
733    63.512353658676147 99.662261247634888 -5.1928272843360901  -245.14205932617188         8 6 
734    -85.788770511746407 43.162346385419369 -16.073306351900101  -203.41932678222656         8 4 
735    -99.925538507523015 45.21488419175148 4.3734010606858646  -220.17462158203125         8 8 
736    12.656982421875 11.577203460037708 -99.990229807743162  -195.48956298828125         8 5 
737    -40.590536641189829 44.466309785842896 -23.805227361619473  -141.10923767089844         8 5 
738    -76.416624210774899 -99.960446540353587 0.78678643703460693  -242.16011047363281         8 5 
739    13.203139960765839 -52.566312471190031 -4.8943270295858383  -121.04669189453125         8 8 
740    -45.955480419099331 30.033047422766685 6.3535153493285179  -127.40463256835938         8 7 
741    23.13917875289917 -2.9481245279312134 -63.522211283445358  -104.45566558837891         8 4 
742    79.636637687683105 -6.3792611829303496 -99.553012289106846  -185.68359375         8 3 
743    -99.999425959604906 -80.11928850482218 -18.270724713802338  -262.2408447265625         8 11 
744    -69.708219662308693 -44.956399153088569 71.971487313508987  -212.40536499023438         8 6 
745    63.765984088182449 80.848729610443115 5.4226279258728027  -270.10000610351562         8 2 
746    10.511958539485931 -63.561221921123149 -52.696902294461324  -216.13937377929688         8 4 
747    -21.445058573037386 -72.939278979298706 -99.726670235395432  -203.57843017578125         8 3 
748    69.942221343517303 68.236650511622429 77.903256893157959  -255.09341430664062         8 8 
749    9.9595240354537964 -20.747902572154999 40.391684651374817  -57.243675231933594         8 10 
750    32.941579103469849 -43.522402005270123 28.699815273284912  -63.888690948486328         8 8 
751    -13.378813654184341 78.22774663567543 -33.151636491063982  -155.31280517578125         8 7 
752    -27.216058172285557 24.945950746536255 6.8365680575370789  -136.87629699707031         8 5 
753    4.497458890080452 28.057123392820358 5.3015275299549103  -198.69876098632812         8 11 
754    -51.70597646839451 -81.104469127254561 14.490770578384399  -157.260009765625         8 10 
755    42.097958445549011 -80.602362845093012 -99.990920425625518  -199.4892578125         8 3 
756    97.412462949752808 60.317873954772949 -47.918428469173477  -239.9310302734375         8 6 
757    -99.982372258091345 30.83995921278256 23.127305507659912  -176.93074035644531         8 3 
758    -84.545913401059806 99.99091625213623 -99.928956147050485  -363.29779052734375         8 3 
759    -3.9637368023395538 77.394438445568085 38.383132740855217  -222.89680480957031         8 12 
760    -57.429266609251499 48.486626148223877 34.848309099674225  -88.489006042480469         8 3 
761    53.636104241013527 -0.92540502548217773 -99.658485806779936  -137.70277404785156         8 9 
762    -13.737509660422802 -7.4478433877229691 -4.8480425477027893  -211.55245971679688         8 8 
763    -68.193893846182618 99.975181221961975 -81.908395459959138  -291.79205322265625         8 6 
764    -54.941158335655928 -4.7896255999803543 37.723779700696468  -152.35932922363281         8 8 
765    99.432235717773438 64.665607929229736 -99.999272278229412  -228.58396911621094         8 8 
766    -70.460719048976898 -6.8808410167694092 28.53436466504354  -158.66633605957031         8 10 
767    77.117021083831787 -59.166194346733391 -63.794383376836777  -134.77883911132812         8 5 
768    -76.370351627469063 70.030960917472839 99.952761173248291  -170.48155212402344         8 7 
769    -84.725568257272243 56.34761518239975 27.248929977416992  -177.05291748046875         8 6 
770    29.003826379776001 -58.426977843046188 -82.323678992688656  -131.97018432617188         8 7 
771    33.957308530807495 -72.833816975355148 99.797670841217041  -169.31564331054688         8 6 
772    65.205408483743668 -43.924016046803445 54.94557249546051  -148.3858642578125         8 6 
773    -99.9714023724664 -79.502693176269531 61.52297630906105  -239.38691711425781         8 4 
774    39.331550121307373 44.998406291007996 75.911144495010376  -214.361083984375         8 8 
775    32.692775368690491 47.045527696609497 99.998546838760376  -217.10005187988281         8 8 
776    84.675240516662598 9.3297669887542725 -6.2349278120091185  -162.90228271484375         8 11 
777    6.555672287940979 50.072351217269897 -29.293926972895861  -127.57585144042969         8 8 
778    -48.747521102428436 12.058354020118713 -25.981776346452534  -203.69035339355469         8 9 
779    -64.712396264076233 -81.753027439117432 -78.189978734590113  -245.26217651367188         8 1 
780    -98.227792521705851 -46.15328074246645 78.612984329462051  -231.37870788574219         8 8 
781    -99.997224195248606 -99.630658552225213 28.082190826535225  -290.74603271484375         8 10 
782    -37.218010518699884 -99.686503230854285 16.971598148345947  -147.96786499023438         8 10 
783    93.378045439720154 31.972231507301331 30.102196633815765  -236.34901428222656         8 8 
784    -22.14230705332011 -68.489508202066645 -10.123939096927643  -197.66885375976562         8 5 
785    98.434829711914062 14.944033205509186 60.203107714653015  -219.36627197265625         8 4 
786    -70.33045956492424 7.3021048307418823 -67.626398801803589  -231.53964233398438         8 7 
787    -99.992606196653966 78.994367331266403 -41.22564196564781  -199.69979858398438         8 13 
788    99.660902142524719 -4.3481722474098206 65.640012383460999  -227.68830871582031         8 9 
789    -51.0095344632864 76.017468094825745 -17.101369217038155  -209.49516296386719         8 8 
790    99.833439588546753 80.437626779079437 81.410824060440063  -238.75662231445312         8 11 
791    99.864071488380432 99.951159954071045 -61.324802733847541  -235.84510803222656         8 7 
792    38.171833872795105 33.841920971870422 -66.546909809112549  -122.58875274658203         8 12 
793    82.575158178806305 99.94891881942749 91.366188168525696  -247.42500305175781         8 4 
794    -73.66287065949291 -1.1244224917898009 -99.954368502949364  -172.03666687011719         8 4 
795    71.067203044891357 40.799716480076313 33.710029639303684  -223.78837585449219         8 10 
796    -9.6744711379287764 41.10952615737915 -77.305799722671509  -161.30915832519531         8 1 
797    -98.024212755262852 6.6641479730606079 -37.150768261155463  -207.12271118164062         8 5 
798    -49.968187898397446 45.53232342004776 -48.170618811622262  -120.22792816162109         8 6 
799    94.241848349571228 99.999122619628906 -99.999988549816024  -298.7249755859375         8 6 
800    -99.99988536648975 96.033246159553528 99.998906850814819  -242.41580200195312         8 10 
801    47.488677501678467 31.032749772071838 -49.926116777583957  -192.71012878417969         8 4 
802    5.5464962273836136 99.998074531555176 -33.497034406289458  -224.16194152832031         8 6 
803    12.553588449954987 27.460867270827293 99.957430362701416  -156.08920288085938         8 8 
804    71.59485849738121 -48.971015668939799 -4.7375363260507584  -121.95089721679688         8 6 
805    -99.997100514846807 91.168251752853394 35.862946510314941  -164.49737548828125         8 3 
806    28.02286958694458 -22.898532275110483 -63.53660838957876  -103.13434600830078         8 9 
807    85.288668513298035 35.789559066295624 -46.949379819729074  -183.94049072265625         8 9 
808    37.740640074014664 -79.878787550609559 -71.747827494400553  -175.77177429199219         8 10 
809    61.918737530708313 99.939894676208496 98.020482063293457  -270.07388305664062         8 4 
810    -42.397212676471099 48.486626148223877 -6.2656344920396805  -100.06597900390625         8 4 
811    71.25792533159256 -1.8518996238708496 -11.92685433011502  -206.70648193359375         8 8 
812    -12.8256248049438 59.062004089355469 -99.911826779134572  -120.42105865478516         8 2 
813    -99.997779008587088 -99.98060046115279 -29.348517164587975  -288.36544799804688         8 5 
814    -2.0210853219032288 99.999951839447021 -82.107877348316833  -181.50169372558594         8 8 
815    64.291427791118622 82.986468911170959 61.371981263160706  -264.072998046875         8 7 
816    65.809160113334656 59.062004089355469 -99.928669416112825  -208.35513305664062         8 2 
817    -98.749996895436198 -82.006332278251648 -99.990920425625518  -311.5330810546875         8 3 
818    -21.23911583982408 18.489153981208801 39.800008952617645  -287.3602294921875         8 10 
819    69.972774147987366 -32.056760977953672 -19.279509782791138  -169.19598388671875         8 5 
820    26.571685075759888 4.3011571764945984 -79.642754837870598  -101.68244934082031         8 4 
821    80.007091522216797 -61.727294371153221 16.210765957832336  -142.85380554199219         8 4 
822    -59.166223376989365 -12.154574692249298 -54.018309243023396  -203.41136169433594         8 5 
823    -59.036837488412857 -41.309315970633179 -51.382373612374067  -247.92967224121094         8 4 
824    -99.9998527747845 -62.712108506724576 71.440805181860924  -261.25411987304688         8 8 
825    -49.410256070550531 99.872148036956787 81.743297338485718  -233.55305480957031         8 3 
826    -55.838051686994731 -21.29868970438838 47.755902498960495  -122.17879486083984         8 8 
827    66.590138792991638 7.3687787055969238 -57.578134234296158  -118.50368499755859         8 10 
828    -0.63018126226961613 13.617503553628922 -80.509961768984795  -207.769287109375         8 4 
829    99.907366633415222 -4.9507065415382385 -13.030521820841386  -149.54252624511719         8 8 
830    -9.5831750333309174 -33.634693312997115 99.540953755378723  -208.07113647460938         8 7 
831    72.175141543149948 -48.614684652420692 -83.43914648052305  -187.29582214355469         8 5 
832    53.135775342583656 -4.5126774907112122 -78.43006076727761  -155.53065490722656         8 8 
833    19.733925372362137 -99.99136197334883 -80.217615560512058  -152.12722778320312         8 5 
834    26.098760366439819 -64.231945395378489 -10.659736275672913  -118.38374328613281         8 9 
835    61.621439933776855 -99.90239665604895 -75.346746377201498  -239.87364196777344         8 10 
836    -65.957908488810062 88.088817834854126 13.154119729995728  -184.56304931640625         8 7 
837    64.086957335472107 -67.873757241744897 -99.122375994920731  -161.65476989746094         8 6 
838    58.38892312720418 -37.036412976682186 -94.00534660811536  -210.96229553222656         8 5 
839    23.75265097618103 23.097267389297485 22.279750168323517  -142.45098876953125         8 7 
840    -99.891774448158685 -60.915701092054405 -63.737774151610211  -263.67379760742188         8 6 
841    99.601075172424316 -82.821575424053975 99.900362730026245  -290.64041137695312         8 3 
842    66.731777548789978 -99.494180176407099 29.914839655160904  -204.62860107421875         8 3 
843    33.498038649559021 -99.950972263468429 46.520203769207001  -206.02391052246094         8 3 
844    99.816212773323059 7.1246006488800049 99.982357025146484  -226.03056335449219         8 4 
845    45.042239785194397 -99.950105105344846 67.682811141014099  -178.95089721679688         8 6 
846    54.48657214641571 16.821130514144897 48.319649696350098  -217.51966857910156         8 2 
847    -30.104222178407326 -18.539790879935026 -76.694241482997313  -196.67141723632812         8 4 
848    -34.912874728441238 -31.896930944174528 9.6902378797531128  -148.02070617675781         8 11 
849    -23.344561334699392 -60.456012346798161 -81.737994097173214  -175.54513549804688         8 5 
850    99.995606184005737 -14.806013703346252 -94.958792655612342  -228.02474975585938         8 4 
851    7.9398221969604492 -54.763906072330428 32.3458411693573  -230.86843872070312         8 6 
852    -28.862718224525452 47.72480320930481 59.891903877258301  -269.07879638671875         8 10 
853    54.030253648757935 -79.439969931961969 35.16947877407074  -128.75624084472656         8 4 
854    55.484491348266602 90.132768630981445 -45.943633560091257  -227.63815307617188         8 7 
855    99.614572525024414 -77.342512774672514 -82.214553654193878  -251.35453796386719         8 1 
856    49.905284762382507 31.659928420558572 99.99091625213623  -218.02040100097656         8 4 
857    -44.198329271166585 -37.315642148256302 50.969319969415665  -149.96083068847656         8 8 
858    5.1695651561021805 71.921694494783878 99.430204510688782  -213.13105773925781         8 10 
859    -99.718125176368389 -79.439333720365539 82.354378759860992  -326.05136108398438         8 8 
860    -14.99882498383522 -14.911769896745682 -25.08452370762825  -224.52044677734375         8 4 
861    47.407073080539703 -99.986247400589491 -54.433606728976201  -211.74897766113281         8 10 
862    -17.45753102004528 -98.162577860057354 25.077734948601574  -207.12641906738281         8 6 
863    17.570396840572357 99.995631456375122 -20.096817553043365  -122.39253234863281         8 5 
864    -68.123727962374687 -99.185580142773688 -62.637487166226492  -245.03988647460938         8 4 
865    -78.216998279094696 -23.640740543603897 -85.877171848667786  -246.69664001464844         8 6 
866    -65.806947082281113 18.844466477632523 -0.37242505606263876  -172.85342407226562         8 8 
867    -17.586520249955356 96.853779673576355 81.091176420450211  -234.59844970703125         8 10 
868    88.683622360229492 -4.5548482537269592 -62.774716306899791  -124.61257171630859         8 6 
869    -62.15357836522162 13.556435316801071 -99.881208524679096  -201.582763671875         8 4 
870    54.674324035644531 96.139158487319946 -28.663874223828316  -240.93934631347656         8 7 
871    -33.529229852370918 -99.974617111729458 -28.54035945981741  -285.71151733398438         8 4 
872    -12.17441138625145 78.907611787319183 99.633065700531006  -210.17044067382812         8 7 
873    76.098213970661163 99.999912977218628 -99.992861934172609  -294.1639404296875         8 6 
874    75.270601749420166 66.563177704811096 -81.29139176231547  -267.107421875         8 11 
875    47.488677501678467 -68.660523396451026 -13.418021388351917  -114.56186676025391         8 9 
876    -38.127996726892889 20.100041210651398 99.529993534088135  -107.55767059326172         8 2 
877    81.55220639705658 99.158414602279663 -62.034405828540912  -243.74494934082031         8 12 
878    99.860923409461975 47.122174203395844 99.780033349990845  -279.19833374023438         8 9 
879    -98.891631636368402 -17.733584672212601 55.495392761658877  -193.18251037597656         8 9 
880    -99.999825314139144 -77.408531652763486 -48.678633723407984  -289.31704711914062         8 10 
881    -7.2254621072206646 77.643421947956085 -99.994989003335832  -171.39830017089844         8 6 
882    -71.232087317854166 44.18258535861969 -81.814623427577317  -200.29464721679688         8 7 
883    -13.659688740968704 99.231647491455078 -34.850565103348345  -247.73660278320312         8 7 
884    -49.803071694099799 99.989912748336792 -71.812342263292521  -112.27554321289062         8 4 
885    98.738179802894592 73.312222123146057 -82.734038123034935  -217.53793334960938         8 3 
886    -11.981209844350815 63.32689893245697 -19.455907315015793  -152.79768371582031         8 4 
887    -24.305875826627016 49.360878586769104 -48.21995928697288  -170.65988159179688         8 8 
888    15.179870963096619 -36.822081506252289 54.660749077796936  -58.650768280029297         8 8 
889    88.703009724617004 -99.622695655561984 -19.496567201961625  -112.51878356933594         8 6 
890    47.679341435432434 3.6827544569969177 -33.694690763950348  -102.48545837402344         8 10 
891    -63.216905974218299 99.73524808883667 -99.970039859326789  -310.548583984375         8 6 
892    -99.971224672612152 -81.516404081140365 -67.25838922100229  -276.62298583984375         8 4 
893    61.622883439064026 99.55220091342926 54.445944786071777  -259.20660400390625         8 6 
894    8.388123095035553 -33.724027872085571 22.830056607723236  -167.59516906738281         8 4 
895    64.735530614852905 17.336409211158752 26.727213382720947  -247.11361694335938         8 3 
896    63.566159725189209 81.923843502998352 99.993450880050659  -262.11038208007812         8 9 
897    -47.598853138537379 85.696089267730713 19.755066931247711  -165.2855224609375         8 3 
898    8.6672929525375366 -26.806102246046066 -9.5598636269569397  -116.84540557861328         8 7 
899    39.342764765024185 34.1118652978912 -98.019851174269661  -176.1314697265625         8 9 
900    -85.304304085671902 31.035140633117408 44.49597704410553  -185.90473937988281         8 6 
901    -42.34767806972377 99.99998927116394 7.3808506969126029  -141.86958312988281         8 10 
902    -78.827662765979767 -82.227624977749656 -1.4196017384529114  -257.8087158203125         8 3 
903    71.59303879737854 -99.132875803858042 -99.990920425625518  -232.57096862792969         8 6 
904    47.488677501678467 -82.653476411476731 -36.658596396446228  -230.41691589355469         8 10 
905    99.904986262321472 46.946267694234848 -72.94984431544151  -198.3494873046875         8 6 
906    -99.999543696534374 -71.049921954516321 18.994818896055222  -295.10580444335938         8 9 
907    -58.485128578548029 99.99091625213623 60.236493825912476  -196.61869812011719         8 4 
908    9.4420523345470428 -99.694431814365089 -99.817665421869606  -176.36544799804688         8 6 
909    -2.9656529426574707 97.510280251502991 50.025280177593231  -293.62542724609375         8 8 
910    -78.216998279094696 3.8695482313632965 -13.425310790538788  -253.25030517578125         8 7 
911    -41.151192950732366 -64.23751762881875 5.5024543404579163  -166.73638916015625         8 11 
912    99.978091716766357 47.48346333950758 11.822574079036713  -242.45074462890625         8 5 
913    -8.3187833875417709 -8.4146042719949037 -79.359693185426295  -129.77742004394531         8 5 
914    58.746601581573486 14.570808410644531 81.946017146110535  -231.24234008789062         8 5 
915    35.791648387908936 -1.4584017470479012 54.44118058681488  -161.0421142578125         8 8 
916    61.001676201820374 19.346586670726538 -38.494393790140748  -212.01513671875         8 11 
917    -25.91454898705706 -99.910134114475568 -77.076322646167682  -239.43617248535156         8 5 
918    -3.5423158407211304 1.5460953414440155 65.231652736663818  -230.69459533691406         8 10 
919    -56.208394289016724 55.91494482755661 -66.027428014203906  -145.57574462890625         8 6 
920    -99.990920425625518 -99.962973495712504 9.4340128898620605  -251.45513916015625         8 5 
921    -80.890030236914754 22.273606408387423 -77.643652260303497  -307.753662109375         8 3 
922    99.993356466293335 -16.720733433961868 99.639478921890259  -245.69833374023438         8 7 
923    -52.761310545727611 -81.302926304808352 -97.729720697534503  -212.86952209472656         8 5 
924    22.109646081924438 26.218268692493439 81.824766278266907  -144.4019775390625         8 5 
925    52.906655013561249 -25.074890837073326 86.072139263153076  -228.37831115722656         8 9 
926    58.555084705352783 -65.282010599970818 99.990418076515198  -104.650146484375         8 8 
927    -55.200448040850461 -57.22269581630826 49.933406734839082  -242.32720947265625         8 6 
928    26.274829506874084 -9.2414653897285461 37.563787221908569  -251.30546569824219         8 5 
929    -36.314763739705086 -61.456871679401956 41.305786048062146  -190.24267578125         8 9 
930    -25.188017663080245 79.586073577404022 -82.693150889128447  -135.8897705078125         8 7 
931    -60.154808443039656 -59.727923978618492 20.743969678878784  -197.24943542480469         8 8 
932    -99.990920425625518 -45.316412329856007 -99.999481321580646  -234.39085388183594         8 2 
933    -14.490098948590457 42.121798992156982 99.976072192192078  -194.59158325195312         8 7 
934    53.01005232334137 95.389553904533386 -99.842183701451361  -235.84384155273438         8 9 
935    -99.72881863854127 98.401327252388 1.4377301931381226  -164.43447875976562         8 11 
936    99.182898998260498 12.141662672162056 -99.952116256696172  -157.77597045898438         8 7 
937    -99.323340864303361 16.89092300273478 2.3851416632533073  -201.67625427246094         8 11 
938    3.3686118125915527 14.798993870615959 81.238424062728882  -210.035888671875         8 6 
939    -96.08005025939201 71.778091192245483 21.181611746549606  -160.56544494628906         8 8 
940    -8.9859078899025917 60.507602393627167 99.999892234802246  -168.43592834472656         8 11 
941    55.704001426696777 49.127979159355164 -75.484236421063542  -199.04597473144531         8 11 
942    -99.999916166464203 48.486626148223877 99.974441528320312  -285.63046264648438         8 1 
943    -99.999650471697237 47.315419375896454 38.021714504808187  -228.36726379394531         8 8 
944    72.251221895217896 49.424491912126541 -51.60986526979832  -159.47119140625         8 11 
945    81.995764493942261 -69.504247371308566 32.956027984619141  -164.67402648925781         8 4 
946    23.008280396461487 -59.480674712045584 74.982977986335754  -108.93627166748047         8 5 
947    1.577335461974144 -57.599389150738716 55.327650666236877  -184.42623901367188         8 7 
948    38.012575745582581 66.248033761978149 -9.5506137013435364  -169.10906982421875         8 7 
949    80.994712114334106 48.507011890411377 -99.988955946351268  -199.27401733398438         8 10 
950    56.830975532531738 -42.416282819584012 -47.247514102414698  -211.33195495605469         8 7 
951    -96.653874069568701 11.534184336662292 99.999595880508423  -156.24008178710938         8 4 
952    -99.609673732075862 60.914379119873047 -45.96760326753472  -203.6866455078125         8 7 
953    -40.341690681874752 -34.513103224337101 31.327896058559418  -178.56410217285156         8 6 
954    28.413216441869736 -99.981128006384097 -99.922789266565815  -178.71595764160156         8 9 
955    29.571186244487762 53.31123411655426 -26.088753968477249  -164.47372436523438         8 9 
956    -20.125413045985624 -95.794062152504921 43.32283391430974  -195.35780334472656         8 5 
957    -99.999960796224372 -99.993274666079742 -9.9109433889389038  -270.9627685546875         8 8 
958    7.5173007845878601 81.88808536529541 81.051667809486389  -270.52859497070312         8 5 
959    -58.528590083122253 16.339267194271088 99.942800521850586  -198.55343627929688         8 7 
960    -65.684356981888413 64.860706090927124 51.119677424430847  -167.52606201171875         8 5 
961    -41.118818175978959 70.666291818022728 -90.713528403139208  -195.19908142089844         8 3 
962    -18.247926235198975 -5.3170816828496754 78.004837036132812  -427.86822509765625         8 1 
963    -48.285570222651586 -63.401585822924972 -48.946915734366485  -178.15188598632812         8 5 
964    -79.693051382899284 -99.651643855504517 -45.804632632469293  -297.83749389648438         8 7 
965    -28.871779235894792 5.7468709945678711 -99.990378216076351  -181.960693359375         8 6 
966    -32.105292080581421 -36.285303681157529 -99.990920425625518  -219.76564025878906         8 3 
967    41.581910490989685 -70.183843374252319 19.201545961201191  -152.47749328613281         8 2 
968    -3.7032211422920227 -80.735645242845578 -82.210522523324641  -182.34370422363281         8 5 
969    99.003183841705322 40.915679931640625 -99.980980328109581  -236.11860656738281         8 0 
970    -99.964684921025764 99.912017464637756 -17.449701443314552  -230.10409545898438         8 8 
971    99.980378150939941 -21.695698015391827 2.7106427381804679  -159.21028137207031         8 5 
972    46.471687197685242 -18.93189138174057 -99.799478892236948  -247.20631408691406         8 3 
973    99.995988249778748 80.094987869262695 26.238022685050964  -230.26939392089844         8 11 
974    99.927401542663574 82.804262727499008 -99.994007141523838  -255.21719360351562         8 4 
975    2.9215271472930908 -49.301735391578404 85.906395316123962  -155.43565368652344         8 8 
976    -99.999999737691709 81.196468591690063 -22.62612296640873  -145.86042785644531         8 7 
977    -2.1207129955291748 57.762774705886841 68.879272103309631  -208.10198974609375         8 5 
978    -43.153105512261391 -11.763577431440353 18.40594245120883  -206.00149536132812         8 5 
979    -99.991477906194632 -25.082576721906662 -14.497577754103684  -250.33642578125         8 7 
980    99.760713458061218 -29.780608177185059 76.012205958366394  -184.45944213867188         8 8 
981    -69.688432370312512 -34.281052323058248 46.07973301410675  -333.9532470703125         8 4 
982    52.511723160743713 -26.63978523015976 -35.522588414605707  -352.85122680664062         8 8 
983    12.926188588142395 67.163467407226562 41.644394792616367  -161.55555725097656         8 5 
984    55.008975148200989 -99.988516481971601 82.957834005355835  -237.74751281738281         8 4 
985    82.113741636276245 79.416618585586548 99.013062238693237  -271.18463134765625         8 9 
986    99.99091625213623 -56.439804674859545 -99.98727009515278  -178.37254333496094         8 4 
987    -41.053687632083893 -2.1919479966163635 99.312054634094238  -202.01982116699219         8 6 
988    80.789377093315125 26.793823748826981 99.5631263256073  -260.60269165039062         8 5 
989    10.921358287334442 -25.473949025385082 99.98093593120575  -139.36532592773438         8 5 
990    99.996078491210938 52.833853602409363 77.098568916320801  -248.281005859375         8 8 
991    -46.81318299472332 27.591267228126526 27.773351669311523  -184.78160095214844         8 7 
992    87.91966438293457 -35.950907301157713 -12.392868518829346  -118.2869873046875         8 4 
993    -8.9268136620521545 20.641696870326996 99.953944563865662  -288.6593017578125         8 8 
994    64.808475971221924 17.852083786278627 -99.990920425625518  -241.94938659667969         8 2 
995    80.467838406562805 72.186472743749619 -99.706137692595249  -262.99935913085938         8 11 
996    99.999997854232788 99.999978303909302 65.389570832252502  -253.66596984863281         8 8 
997    -99.929184955866333 27.674474239349365 55.074922263622284  -207.26321411132812         8 11 
998    20.119750797748566 -99.858863616827875 -15.032504513859749  -145.28585815429688         8 6 
999    -46.343962197424844 39.626316547393799 99.148155808448792  -112.17071533203125         8 3 
1000    -77.709682285785675 -32.502653412520885 99.969053268432617  -227.12916564941406         8 3 
