0    -99.919714610194205 89.28824120759964 17.477977842092514  -119.06105804443359         8 15 
1    -99.974450062632513 79.012594729661942 -41.025160203418636  -199.638916015625         8 14 
2    13.650305390357971 -11.606214284896851 3.6609989404678345  -68.604904174804688         8 12 
3    26.047737240791321 -36.305648707493674 -2.8186806794255972  -132.96183776855469         8 11 
4    81.141290545463562 1.0825329422950745 59.280886299908161  -218.83322143554688         8 10 
5    20.162438094615936 84.757183909416199 -90.668090321513915  -127.35529327392578         8 12 
6    81.799908041954041 10.73984831571579 -10.512316248787101  -163.49691772460938         8 12 
7    69.750205814838409 -10.686006724834442 -28.234634220600128  -128.90904235839844         8 13 
8    -22.059705138206482 30.209566339850426 99.899698495864868  -222.90541076660156         8 10 
9    28.836194396018982 77.266408920288086 -29.230705812573433  -156.3057861328125         8 13 
10    -63.995810322463512 -25.227660298347473 -19.023254990577698  -201.78825378417969         8 10 
11    -40.169936865262343 -65.588857224211097 5.5389223098754883  -168.55792236328125         8 12 
12    -35.744860839098692 -44.997231340657891 -9.5038251429796219  -194.96357727050781         8 13 
13    21.997379660606384 29.428006052970886 -54.303752534091473  -79.0843505859375         8 14 
14    -99.928272775279765 29.50035834312439 99.137242197990417  -228.48246765136719         8 11 
15    -81.673118263483047 -59.676780328751192 -34.312000531324884  -261.17529296875         8 10 
16    16.893654316663742 -61.279307985700143 -99.347658046045126  -168.49169921875         8 12 
17    -53.290074635879137 -25.810426249634475 47.355689913034439  -138.36482238769531         8 10 
18    99.894628047943115 52.276238441467285 -6.3852963447570801  -217.05203247070312         8 9 
19    34.828447699546814 -67.33525243853046 -13.581362843513489  -128.00051879882812         8 10 
20    71.367024004459381 36.235014446079731 38.450526118278503  -230.71739196777344         8 12 
21    37.028380393981934 92.150331139564514 31.88106681406498  -194.87257385253906         8 9 
22    72.615221381187439 -74.455821373412789 65.107297897338867  -170.96603393554688         8 9 
23    -36.794367626309395 -66.998426348509383 75.324251495301723  -188.04208374023438         8 10 
24    -4.6689826846122742 12.561515390872955 45.280624508857727  -230.16673278808594         8 9 
25    -32.791816484435188 99.22531521320343 -11.586942803114653  -200.06404113769531         8 11 
26    -36.80609088256324 -42.11574149068656 99.987244963645935  -167.88697814941406         8 11 
27    -54.286142897268292 -81.109864181140438 11.769235730171204  -160.36457824707031         8 11 
28    -69.740289069712162 40.086711347103119 -29.133458241820335  -180.95857238769531         8 9 
29    99.885600924491882 -60.805053618997817 6.1343497633934021  -180.19828796386719         8 12 
30    24.182567566633224 -99.93582520345808 -35.123919957099133  -128.72119140625         8 8 
31    69.340187221765518 -72.584250807762146 86.896868348121643  -165.47793579101562         8 9 
32    4.6017841622233391 -82.078019697859418 27.894915819168091  -121.99114227294922         8 8 
33    72.063843607902527 49.278174310922623 -45.961898938439845  -177.524169921875         8 12 
34    4.7587428689002991 4.9510251879692078 7.65741366147995  -151.98915100097656         8 12 
35    39.535000085830688 18.405615493655205 72.186089754104614  -183.99642944335938         8 10 
36    -99.996811786795945 6.9931848049163818 60.273366838693619  -142.53236389160156         8 13 
37    14.680631935596466 -93.071434811805375 39.518577859271318  -183.48861694335938         8 10 
38    79.941166698932648 99.999274015426636 -27.257613956928253  -223.13331604003906         8 9 
39    99.809729099273682 80.426296651363373 81.399466037750244  -238.76942443847656         8 12 
40    -24.417875135550275 -49.602331303467508 63.004977415315807  -153.80136108398438         8 10 
41    55.460002183914185 -58.999490463287657 -55.433654627820943  -111.91279602050781         8 11 
42    -24.727362476289272 -64.549999315539026 24.344366710633039  -200.90608215332031         8 12 
43    -34.839520549401641 72.989326775074005 -53.490553504787385  -170.00430297851562         8 10 
44    -80.478707296773791 93.108871221542358 2.335766077041626  -183.28242492675781         8 13 
45    -9.4478506743907928 78.010984987020493 -99.766563575831242  -200.68603515625         8 11 
46    -44.429818488853925 -93.05026168031327 41.995608976110816  -166.75384521484375         8 7 
47    -35.262086421251297 23.84087347984314 -10.529848742298782  -106.61966705322266         8 10 
48    69.529636859893799 -76.806241780519485 -64.559417694807053  -167.35115051269531         8 7 
49    99.511194109916687 62.180598095059395 36.943181803449988  -255.57022094726562         8 9 
50    -8.4524856247007847 -39.201733504422009 -56.516558345407248  -174.70069885253906         8 9 
51    81.320136189460754 -20.835775226354599 16.388008892536163  -152.22865295410156         8 12 
52    -56.678525187075138 -4.4859026819467545 -7.8097942471504211  -223.87167358398438         8 10 
53    -28.163711613975465 -20.240659892559052 63.330643624067307  -187.24720764160156         8 5 
54    -43.177026649937034 86.061650514602661 23.742994427680969  -185.77815246582031         8 13 
55    99.703520894050598 -38.748679752228782 -96.519008175004274  -211.66102600097656         8 11 
56    -38.680993884801865 -97.533719134051353 17.586338400840759  -152.63865661621094         8 11 
57    36.853740572929382 -62.486863166093826 -99.999318042025465  -134.56494140625         8 7 
58    -85.306667724857107 23.367283463478088 -54.238360887975432  -192.14991760253906         8 9 
59    -98.978721984473665 91.289465308189392 -55.312686835133292  -152.80302429199219         8 13 
60    20.822653412818909 12.979546129703522 5.0619360208511353  -170.66883850097656         8 6 
61    29.841379642486572 30.837684154510498 -9.0808069407939911  -156.52166748046875         8 10 
62    40.294549345970154 24.60531759262085 -22.951237589120865  -185.12477111816406         8 7 
63    -58.663301020860672 36.241714537143707 -63.896741583943367  -194.47396850585938         8 9 
64    -25.626445289002731 -22.414055740460753 -3.6941905617713928  -226.86479187011719         8 10 
65    -58.686009810407995 -25.287875488866121 28.019228309392929  -229.765869140625         8 9 
66    23.386151552200317 56.459325313568115 2.4216337203979492  -130.88763427734375         8 6 
67    36.411276817321777 -2.2447260320186615 61.475191056728363  -167.48847961425781         8 9 
68    74.922106981277466 -94.015375926982543 74.482928901910782  -158.13758850097656         8 9 
69    -70.518870994448662 -6.858569860458374 28.425939813430887  -159.39236450195312         8 11 
70    23.01732736825943 64.671598434448242 95.960352182388306  -189.05404663085938         8 11 
71    -38.95576856180196 -18.571123719215393 -59.434155693743378  -160.33004760742188         8 7 
72    -38.377673603594303 -16.658359229564667 90.540645360946655  -211.57704162597656         8 9 
73    -29.738462442532182 77.609297305345535 92.716997265815735  -154.69453430175781         8 8 
74    19.823952913284302 77.996187686920166 -8.3252589106559753  -119.03411865234375         8 10 
75    -39.617783609821345 2.7476504147052765 -50.648625189438462  -220.26243591308594         8 6 
76    -42.125619743019342 31.573237374424934 -37.569442868232727  -131.35179138183594         8 7 
77    63.577954053878784 -9.261188343167305 -46.029219023650512  -171.39837646484375         8 11 
78    -56.096456359140575 99.9902024269104 41.516817444819026  -220.53594970703125         8 11 
79    32.773048043251038 -42.876944169169292 28.699815273284912  -64.573089599609375         8 9 
80    57.09579986333847 -5.376999706029892 -66.190789077547379  -168.97026062011719         8 11 
81    85.035998642444611 -35.717309296131134 62.759475529193878  -163.7467041015625         8 9 
82    30.874475359916687 -51.616780201031361 45.71404966711998  -112.34409332275391         8 11 
83    -2.2176660597324371 67.942750453948975 -18.618848979473114  -231.32917785644531         8 7 
84    18.466683685779572 -59.947321390473007 -4.74930340051651  -133.20394897460938         8 10 
85    -12.368532255291939 67.482091665267944 50.942196100950241  -230.79737854003906         8 7 
86    -47.470959316939116 -81.267458438873291 87.10691499710083  -168.95976257324219         8 9 
87    35.28803962469101 -35.089865006622858 -51.656113527715206  -114.47510528564453         8 7 
88    10.60580125451088 8.4124032258987427 29.142430067062378  -251.76608276367188         8 10 
89    17.996950447559357 96.207409143447876 -18.814951688051224  -131.41046142578125         8 11 
90    -77.752252005040646 -59.382885136044933 15.199444055557251  -223.81986999511719         8 9 
91    80.726646542549133 46.97753119468689 -99.986981538713735  -200.14581298828125         8 11 
92    -42.685117368411738 20.632839605212212 -63.862541132140905  -214.84579467773438         8 9 
93    88.530210375785828 60.909410357475281 -65.342672754377162  -186.93782043457031         8 11 
94    13.521460592746735 -77.997373740269012 86.483155608177185  -93.991035461425781         8 7 
95    -22.284242875874043 99.872148036956787 54.206505060195923  -249.73211669921875         8 5 
96    33.703715205192566 34.461431622505188 -68.899254605174065  -138.48291015625         8 13 
97    -13.002728432416916 15.623016834259033 17.727073192596436  -156.58265686035156         8 6 
98    -36.516833245754242 86.741945743560791 45.943511426448822  -193.25404357910156         8 13 
99    0.77027434110641479 -40.462160143419169 1.9788986444473267  -165.88499450683594         8 9 
100    -81.21681294175869 47.841811537742615 51.088147401809692  -207.4986572265625         8 10 
101    -83.458592564566061 67.586394485086203 -14.764047950198737  -150.34013366699219         8 8 
102    -28.519062124192715 -0.97170823812484741 56.288352131843567  -135.08230590820312         8 5 
103    51.98442804813385 -40.671349301934242 80.989560484886169  -246.29176330566406         8 5 
104    -85.692202053964138 74.485960900783539 82.350021004676819  -184.12591552734375         8 9 
105    -94.334569303784519 70.621711254119873 41.620494902133942  -131.17221069335938         8 7 
106    -99.934901291271672 -3.5266260504722595 -72.424850612645969  -231.29888916015625         8 4 
107    99.919657111167908 -1.2728987336158752 -82.659998230531755  -112.99066925048828         8 11 
108    99.879789352416992 80.090321183204651 26.275436401367188  -230.40841674804688         8 12 
109    47.882642269134521 -63.087945617735386 81.520305633544922  -136.68034362792969         8 11 
110    -26.273636764846742 -32.306994174607098 48.237426586449146  -238.56210327148438         8 5 
111    -9.472518116235733 -89.415580314700492 -36.569938086089678  -181.90711975097656         8 11 
112    -67.319115303456783 -7.7566661238670349 -22.108795095235109  -178.98545837402344         8 10 
113    -99.851720464372193 -51.426396925937979 -25.451535251864698  -217.78700256347656         8 7 
114    -99.99357900549019 12.335191339254379 -17.210603284227545  -162.29023742675781         8 12 
115    20.808962643146515 24.423384070396423 -87.324506404635031  -115.93897247314453         8 9 
116    53.773099601268768 -8.103859543800354 40.583696912974119  -183.72611999511719         8 10 
117    6.6643913984298706 -55.778501757975391 12.221044912934303  -124.86720275878906         8 9 
118    -54.113420449197292 -54.44717963039875 -21.62045630812645  -247.49813842773438         8 9 
119    -75.106707535043824 -1.1244224917898009 -99.954368502949364  -172.75759887695312         8 5 
120    -5.2573837526142597 -21.543730379111366 -99.94246462477895  -158.341796875         8 9 
121    -78.216998279094696 -2.9393029510974884 -49.052875366527587  -207.98089599609375         8 9 
122    77.48504900932312 33.641610980033875 -8.9602556228637695  -214.804931640625         8 12 
123    99.767514109611511 74.052328258752823 -35.995535209774971  -220.85125732421875         8 10 
124    -6.0986202359199524 18.652060210704803 99.920662999153137  -301.44607543945312         8 10 
125    51.370565593242645 55.221715450286865 -48.75689040008001  -218.22900390625         8 10 
126    -29.054840728640556 -57.974975883960724 -23.108029827475548  -172.74116516113281         8 7 
127    -49.042409673333168 23.364493727684021 78.482707500457764  -152.5904541015625         8 8 
128    89.744166553020477 -77.918650279076076 69.902383029460907  -146.73390197753906         8 7 
129    -99.947856881927692 29.505392961204052 -64.140192690783721  -193.56338500976562         8 9 
130    87.91966438293457 -35.950907301157713 -33.266621891409159  -135.15492248535156         8 5 
131    82.585206985473633 37.906920418143272 12.689127249643207  -194.31805419921875         8 11 
132    7.4357132911682129 -6.5720620246138424 -99.902784309678282  -161.89706420898438         8 13 
133    82.17083215713501 -23.057614028453827 47.217947721481323  -165.87767028808594         8 5 
134    -99.868602032278432 -36.963436820219385 30.471428427379578  -264.35171508789062         8 11 
135    -26.080432899296284 -0.030056536197662354 -18.672017470002174  -138.53822326660156         8 8 
136    27.911994099617004 -99.90113698533969 81.193562209606171  -109.08206939697266         8 8 
137    81.426071643829346 57.326312065124512 -7.7136754393577576  -233.21041870117188         8 6 
138    -7.0937998592853546 -41.091898590326309 46.064753986895084  -156.42214965820312         8 7 
139    51.98442804813385 33.88383287191391 79.067008376121521  -256.37942504882812         8 5 
140    20.898374915122986 -45.140195794403553 -20.087111264467239  -101.84075164794922         8 9 
141    41.024446189403534 -99.985882239701823 68.817141514271498  -219.69190979003906         8 11 
142    -8.1989886313676834 59.113068878650665 99.994705677032471  -171.13026428222656         8 12 
143    3.0358193516731262 19.46576464176178 62.47697913646698  -147.62135314941406         8 8 
144    -56.867816832382232 7.1134687159210443 -53.687201578170061  -147.36064147949219         8 7 
145    99.993435621261597 55.827436357736588 53.958571910858154  -250.06048583984375         8 11 
146    80.776678204536438 99.985742568969727 18.151836812496185  -245.34785461425781         8 3 
147    47.488677501678467 -60.002399885241175 -32.398957252502441  -82.361526489257812         8 11 
148    28.367477178573608 -22.898532275110483 -65.19656533934176  -103.271484375         8 10 
149    -98.670918516931124 -0.081590376794338226 24.71979832649231  -223.36848449707031         8 10 
150    37.9981290102005 9.0446970462799072 97.722153544425964  -150.56468200683594         8 8 
151    23.13917875289917 -3.989895224571228 -35.303467512130737  -244.6981201171875         8 1 
152    -12.850198857253417 79.601346582174301 -33.470813974126941  -167.28225708007812         8 8 
153    -98.76619279384613 -58.466513089253567 -44.827341213822365  -258.84127807617188         8 8 
154    -84.197678038479296 -44.930209502577782 24.489798810333014  -248.70872497558594         8 12 
155    -99.9714023724664 -20.791344106197357 62.346323937177658  -215.33688354492188         8 2 
156    52.13160252571106 4.3134601712226868 26.379550576210022  -156.8154296875         8 7 
157    52.730553507804871 -43.507583633065224 99.984884262084961  -156.56349182128906         8 7 
158    -32.196556627750397 17.587841868400574 23.706911206245422  -161.0318603515625         8 6 
159    18.093777298927307 18.213613927364349 -68.784412272274494  -144.14248657226562         8 10 
160    -51.613671869039536 22.374951541423798 -81.689129963517189  -216.51448059082031         8 6 
161    -95.788049853974371 -7.0288879530307895 -18.687463077905704  -214.09896850585938         8 6 
162    -30.023676607757807 -47.634547305613523 82.390974283218384  -159.03598022460938         8 10 
163    -59.31821957975626 62.136602401733398 -62.241391723742709  -166.62214660644531         8 4 
164    9.2146540284156799 -10.289330720901489 56.025938749313354  -128.56405639648438         8 9 
165    61.457137107849121 -19.644734352827072 59.315361022949219  -172.63212585449219         8 6 
166    99.994503498077393 15.599714607000351 81.189482927322388  -203.03057861328125         8 5 
167    44.675995707511902 -26.436931755393744 2.4661643505096436  -171.67942810058594         8 8 
168    55.04512882232666 2.5983427762985229 -34.740428149700165  -122.83904266357422         8 11 
169    47.488677501678467 31.789052426815033 -48.631706070154905  -208.08854675292969         8 5 
170    22.108330070972443 -58.999490463287657 74.030822277069092  -109.71432495117188         8 6 
171    -46.343962197424844 44.380587220191956 99.034493088722229  -117.28347015380859         8 4 
172    -61.699392855167389 60.77361923456192 -2.8589636385440826  -154.17420959472656         8 9 
173    -99.997722418954694 96.237217426300049 99.996132850646973  -244.35383605957031         8 14 
174    27.363484859466553 55.086685061454773 20.737450838088989  -183.05557250976562         8 6 
175    4.1542841792106628 -73.725233809775091 -10.495979681611061  -163.77952575683594         8 5 
176    31.781738638877869 90.008397102355957 53.965103387832642  -195.42703247070312         8 9 
177    29.78187894821167 -40.903666719794273 67.809484243392944  -128.21171569824219         8 10 
178    85.206198573112488 33.907646213425323 53.474153697490692  -204.38856506347656         8 4 
179    83.985610127449036 84.264483988285065 -74.2423519291915  -231.42839050292969         8 8 
180    -99.968582663917914 -25.068862572312355 -14.472417527518624  -250.30453491210938         8 8 
181    -99.17076582216032 23.781632460653782 -31.268995232880116  -196.76516723632812         8 13 
182    -72.930896300822496 -80.982877728762219 58.14789230003953  -212.83250427246094         8 8 
183    32.970847606658936 -3.2878950983285904 17.867724061012268  -199.232421875         8 9 
184    94.580083012580872 -15.603792130947113 -38.021628707647324  -197.75369262695312         8 4 
185    43.584805607795715 13.855117440223694 -54.658219367265701  -119.56973266601562         8 13 
186    -56.842531986534595 -79.628503097448984 -81.782943271100521  -233.96998596191406         8 8 
187    35.694245338439941 81.675090074539185 -99.997825490861032  -142.10935974121094         8 9 
188    -69.344429805874825 37.391877174377441 -99.205237443691885  -214.74371337890625         8 5 
189    75.924361765384674 -53.808914855463627 36.192231714725494  -165.65028381347656         8 10 
190    -63.959266949445009 -99.836352220001572 -58.570955644652713  -254.07888793945312         8 10 
191    99.928393483161926 99.961745738983154 -79.425059745174167  -250.03567504882812         8 4 
192    -42.719752945005894 75.381964664906263 -70.368911436293274  -113.14808654785156         8 6 
193    54.273757576942444 -4.6117260213941336 99.998476266860962  -200.81378173828125         8 10 
194    -11.542154997587204 31.593731462955475 61.97734272480011  -200.92031860351562         8 10 
195    44.83725044131279 29.977542057167739 -98.228152068512941  -180.51936340332031         8 10 
196    -80.701253840699792 -49.487979663816077 -54.51081898069242  -233.1734619140625         8 6 
197    -53.934426360299739 48.91031227260828 -48.449133781949058  -126.646240234375         8 7 
198    -42.397212676471099 44.889877676963806 -25.451161472126842  -141.83174133300781         8 6 
199    20.338848769664764 99.99091625213623 39.442130476236343  -171.08470153808594         8 5 
200    -42.4770288169384 -8.9109113216400146 21.130083717405796  -245.23200988769531         8 10 
201    -68.170590614899993 9.7338230907917023 -37.952303349971771  -186.69029235839844         8 8 
202    -10.082541584968567 1.6654258258640766 -99.981237602129113  -131.94468688964844         8 7 
203    -10.783186703920364 68.420536518096924 83.682660818099976  -156.7177734375         8 6 
204    -99.99964601429069 -55.310627656284396 52.318818062543869  -172.65046691894531         8 9 
205    53.749982714653015 12.74334192276001 47.890160202980042  -227.49954223632812         8 5 
206    22.007048308849335 -85.3001479357481 19.322900831699371  -215.44700622558594         8 5 
207    -98.430312137817964 -48.249070564284921 99.949600696563721  -229.55781555175781         8 11 
208    -1.6240526214241982 71.478144779801369 -45.395171194162685  -161.14576721191406         8 8 
209    59.700971007347107 -38.217709567339625 11.692136466503143  -207.25355529785156         8 10 
210    7.6409168839454651 87.195459365844727 -73.218025523219751  -160.0966796875         8 4 
211    43.565803289413452 -98.164450537413359 -5.8961245715618134  -188.33271789550781         8 5 
212    99.948541164398193 -42.983920089900494 9.1958795189857483  -114.62119293212891         8 8 
213    99.530412077903748 -38.676086902618408 -69.99480248431064  -155.88618469238281         8 11 
214    93.231512665748596 -62.745941183544346 56.403832793235779  -194.28785705566406         8 7 
215    -26.153861963422969 99.983895897865295 18.947451889514923  -176.31259155273438         8 5 
216    -61.637479146476835 79.07933534681797 -42.714749574661255  -154.54080200195312         8 9 
217    13.615729749202728 34.880420804023743 -21.128712952136993  -94.703506469726562         8 12 
218    -59.273882561683422 0.17495796084403992 15.836151123046875  -169.44281005859375         8 6 
219    43.317553758621216 -6.1192787289619446 -95.393648943936114  -188.22898864746094         8 8 
220    -10.696659231558442 -6.5486226156353951 -80.983237124979496  -208.13475036621094         8 7 
221    68.516628742218018 -23.147992253303528 -2.7835208177566528  -154.32499694824219         8 7 
222    -0.84310377016663551 99.99091625213623 3.3394659161567688  -161.25267028808594         8 4 
223    -99.999162161458983 -79.879436250776905 -68.481718393684787  -276.69723510742188         8 5 
224    -33.333553563803434 34.944645807147026 -56.402415320277214  -122.54163360595703         8 6 
225    44.541454195976257 -82.193525140974089 58.623446106910706  -127.02496337890625         8 7 
226    -68.197644360363483 -33.724027872085571 -97.179940395915764  -263.03848266601562         8 7 
227    -11.943958988413215 -56.999545448765275 98.592936873435974  -119.59490966796875         8 7 
228    14.314939081668854 37.700904726982117 28.120613217353821  -175.77328491210938         8 6 
229    15.710505783557892 39.293981790542603 65.169607758522034  -134.42831420898438         8 6 
230    -56.538614919525571 -18.539790879935026 -85.315098885446787  -181.05018615722656         8 6 
231    -52.325919466355117 71.579728007316589 68.774449825286865  -158.60972595214844         8 4 
232    35.59480756521225 -67.496195393236121 52.983443081378937  -129.88426208496094         8 6 
233    -99.943053599356787 42.527072697877884 -38.456645615398884  -235.88166809082031         8 5 
234    15.551016449928284 99.982857704162598 58.394393682479858  -164.50773620605469         8 4 
235    -16.614015102386475 -14.186513993719482 99.999874591827393  -195.70610046386719         8 10 
236    -55.91676513152197 71.329464316368103 92.321806073188782  -142.33843994140625         8 4 
237    -56.376414090394974 -78.553957668715157 46.019490033388138  -181.33692932128906         8 7 
238    98.536295890808105 99.88635778427124 32.057045787572861  -253.56434631347656         8 2 
239    -82.562443099915981 11.985594093799591 32.300534983514808  -186.16401672363281         8 9 
240    -4.0230777859687805 57.734799385070801 67.868067026138306  -221.49464416503906         8 5 
241    -7.5472447907668538 85.262381553649902 -6.1135746203362942  -206.74726867675781         8 9 
242    -42.397212676471099 48.568238377571106 -6.2826360538601875  -100.56010437011719         8 5 
243    23.13917875289917 -26.980026948265731 -35.303467512130737  -127.00984954833984         8 1 
244    14.334975719451904 64.48516845703125 75.883144378662109  -175.25068664550781         8 4 
245    -99.999984628038533 -99.999997710883193 55.382435828447342  -275.20059204101562         8 9 
246    -37.496791955083609 67.445080816745758 53.307658672332764  -162.45088195800781         8 7 
247    -87.560388646604892 73.443135380744934 -85.08028031187132  -171.53163146972656         8 4 
248    -99.990920425625518 69.299173355102539 68.774449825286865  -185.72711181640625         8 0 
249    66.031700193881989 -17.459973514080048 -91.927691895514727  -160.71527099609375         8 9 
250    76.96733021736145 -4.3830811977386475 37.133088111877441  -234.40025329589844         8 3 
251    -34.184290087781847 87.558618187904358 76.56346607208252  -168.15585327148438         8 3 
252    73.10826587677002 -37.508497066795826 80.5295250415802  -203.09519958496094         8 7 
253    33.002916812896729 99.999937295913696 14.176297187805176  -170.77798461914062         8 4 
254    66.658061981201172 71.700334548950195 -34.1905896961689  -221.16412353515625         8 6 
255    -11.841674561612308 -98.756787087768316 -16.041307595325634  -203.91641235351562         8 6 
256    49.07301539182663 -99.514340099645779 -99.98046047661046  -262.18310546875         8 9 
257    -99.999814863343431 90.038748621940613 -99.995071818658971  -238.44853210449219         8 4 
258    80.421025991439819 -45.186167825944722 -47.664293443784118  -247.97016906738281         8 6 
259    -27.076778414542787 -44.155482918024063 -56.934089449219755  -187.87899780273438         8 7 
260    -53.733791967853904 -63.85127080976963 86.900155901908875  -194.998779296875         8 8 
261    -43.885173987597227 -39.425459176301956 31.274056196212769  -192.39024353027344         8 8 
262    -69.573404276743531 -34.011595535092056 -1.8184090852737427  -228.60017395019531         8 5 
263    44.978227376937866 99.999672412872314 91.912579536437988  -234.33053588867188         8 2 
264    50.175997257232666 69.79801344871521 -99.947888395930931  -193.49058532714844         8 10 
265    -82.403078802395612 -57.58108307501243 -99.991469148826582  -232.36572265625         8 5 
266    89.888679981231689 -38.413190354593098 -15.114130064845085  -131.2579345703125         8 4 
267    -1.1950794458389282 25.853540658950806 1.1255925297737122  -265.81292724609375         8 7 
268    19.281581163406372 -81.035529389977455 -56.320642189122736  -131.53398132324219         8 12 
269    -69.417480103743401 58.872922778129578 -22.661506078438833  -114.97104644775391         8 5 
270    99.432320475578308 64.674161314964294 -99.993554857325819  -228.5782470703125         8 9 
271    99.994943022727966 70.092796862125397 -18.265366792678833  -214.03578186035156         8 13 
272    10.722080826759338 -19.212020039558411 39.177185416221619  -61.428009033203125         8 11 
273    34.118388397619128 -17.001152992248535 -45.836441010877024  -205.56535339355469         8 7 
274    -52.5166155109182 74.379957437515259 5.740319550037384  -128.01416015625         8 6 
275    5.3592252731323242 52.768218755722046 -30.382321568205953  -141.78158569335938         8 9 
276    -99.924852233380079 -28.328646004199982 80.727647423744202  -236.02442932128906         8 2 
277    -81.391120999353006 99.98330283164978 -16.347862213879125  -276.7335205078125         8 7 
278    75.571318566799164 50.255008459091187 78.896992444992065  -212.74981689453125         8 6 
279    47.633957862854004 -98.756787087768316 48.011863142251968  -213.17787170410156         8 5 
280    14.514815330505371 18.58427631855011 -11.018091201782227  -125.01091766357422         8 14 
281    16.659839689731598 99.99091625213623 -99.983081730897538  -123.28199768066406         8 3 
282    -17.468479469418526 -26.321647614240646 -43.615667626116192  -263.42080688476562         8 7 
283    99.691212177276611 -83.945049302803483 -56.373331367620267  -210.87551879882812         8 4 
284    -50.56458980217576 -80.137155872536823 -33.592515110969543  -197.87454223632812         8 8 
285    -38.850649803876877 21.91240319609642 99.99690318107605  -150.55497741699219         8 12 
286    -71.199174925684929 -74.493313264687458 -99.964198588347188  -235.04057312011719         8 4 
287    0.019186981022357941 0.53019213676452637 -17.86109733581543  -215.3759765625         8 9 
288    10.606124728918076 -98.995525188443025 -99.973124516254757  -177.90968322753906         8 8 
289    -0.39657364040613174 81.498944759368896 42.901578664779663  -287.16009521484375         8 4 
290    11.965093910694122 -10.820178613066673 22.559383690357208  -93.572174072265625         8 7 
291    56.788422822952271 99.654078483581543 14.176297187805176  -235.31575012207031         8 1 
292    32.532759487628937 -99.965118863910902 19.418629294261336  -158.60279846191406         8 5 
293    -20.352715730667114 5.261202335357666 99.968291997909546  -143.3192138671875         8 9 
294    99.986031770706177 -19.356151580810547 -57.638645559549332  -140.83267211914062         8 10 
295    -69.864625792950392 -99.982715951045975 59.10604091361165  -232.76896667480469         8 7 
296    -99.706132481107488 -55.218274167126651 -81.549019236321328  -255.75553894042969         8 5 
297    -49.676389325410128 -99.334448063746095 58.51842075586319  -177.60130310058594         8 6 
298    -71.358370929956436 -14.051326468586922 -3.0460172966122627  -220.01603698730469         8 11 
299    -24.049230560660362 -47.456653147935867 30.104637026786804  -155.77731323242188         8 4 
300    57.541930474340916 -36.768651448190212 -94.003681829664856  -214.13267517089844         8 6 
301    -61.32272481918335 14.883894443511963 97.109221696853638  -204.33369445800781         8 9 
302    -58.172822145861574 72.347810797393322 -99.995783336604291  -201.16743469238281         8 5 
303    12.516823381185532 -99.944827530067414 -61.691515461354356  -166.07518005371094         8 7 
304    -29.467282558463921 -99.873446498080739 -2.4133804962038994  -160.908935546875         8 10 
305    -27.513633449736517 -57.022088497877121 -99.651975326414686  -166.02044677734375         8 7 
306    83.594729542732239 -61.606746247038245 -24.282561196596362  -186.2447509765625         8 5 
307    44.041296005249023 -50.349047780036926 15.833070635795593  -91.646903991699219         8 3 
308    1.8366845548152924 -52.505627531791106 60.028644263744354  -220.64299011230469         8 6 
309    99.895138382911682 99.911986231803894 -61.406263614645404  -235.81620788574219         8 8 
310    79.82812774181366 -99.354265063884668 -62.896523224335397  -180.12495422363281         8 9 
311    68.519462108612061 8.4050834774971008 -59.36183191993041  -120.61601257324219         8 11 
312    19.53161358833313 99.975466728210449 -80.105401002559518  -134.90327453613281         8 2 
313    -25.013748587109149 98.980030536651611 -99.99866400721055  -239.11405944824219         8 6 
314    -68.883861243724823 -98.820337121455395 -16.487866222858429  -237.65255737304688         8 9 
315    -99.998982223689737 -99.999980795860282 -99.998057076492387  -308.92660522460938         8 5 
316    -62.401932179927826 -99.990920425625518 -99.706950923427939  -254.65957641601562         8 2 
317    57.698790192604065 9.1527249181235675 -99.291105500189587  -175.58387756347656         8 5 
318    -85.595257006585598 -12.305011910240864 10.281883507966995  -256.82778930664062         8 8 
319    81.176708936691284 -64.684066567516311 -2.4739752113819122  -119.95011901855469         8 9 
320    89.304768681526184 44.207401275634766 -54.226107511991586  -172.90725708007812         8 8 
321    -23.149772881297395 -70.596517628990114 -10.419776856899261  -199.49488830566406         8 8 
322    3.3686118125915527 16.191025659441948 82.078743815422058  -215.93624877929688         8 7 
323    -50.007837865268812 51.141532778739929 56.397749066352844  -122.41330718994141         8 5 
324    47.330183744430542 -64.704249263637394 -83.083426406810588  -163.16453552246094         8 8 
325    -18.272590588778257 -97.808020561933517 31.538948508910835  -210.21659851074219         8 7 
326    -29.885201235301793 -66.550641451559414 -59.049078186973929  -231.02803039550781         8 8 
327    90.375137686729431 -79.852735226795758 -5.9835673561319709  -177.46896362304688         8 6 
328    50.03714394569397 92.552039265632629 -81.101309671532363  -243.22666931152344         8 10 
329    33.6374671459198 -48.432781957089901 -34.883893072605133  -83.516288757324219         8 6 
330    -9.215418690815568 -99.569731317693368 -97.937538014259189  -206.10586547851562         8 7 
331    67.202810406684875 -1.232321560382843 11.878628350794315  -163.87251281738281         8 12 
332    71.897442698478699 -99.960240502517991 -99.990600940873264  -234.78569030761719         8 7 
333    52.757852554321289 -53.46841074873646 -99.895468383911066  -169.55195617675781         8 6 
334    93.160387277603149 -99.985448009508218 70.262225449085236  -141.64596557617188         8 6 
335    -77.699198678135872 -17.606822349131107 -90.174532496370375  -257.05184936523438         8 7 
336    -48.797562919557095 11.576128035783768 -4.7027915716171265  -138.88505554199219         8 10 
337    -70.87653249502182 6.8885045647621155 -67.626398801803589  -232.62774658203125         8 8 
338    99.647375464439392 -79.852735226795758 -22.197910102782771  -231.43505859375         8 6 
339    83.008859038352966 12.568687200546265 -74.130780938045064  -130.77241516113281         8 10 
340    46.79022291302681 -37.442819207906723 62.405098207294941  -152.07412719726562         8 12 
341    -99.214657509466633 6.4300007820129395 -37.513843247230398  -209.7967529296875         8 6 
342    28.762616634368896 7.6357361674308777 -16.625828564167023  -68.801025390625         8 4 
343    -99.999998879771411 81.196468472480774 -22.62612296640873  -145.86042785644531         8 8 
344    -74.238528899848461 -99.944615695050061 7.4036428481340408  -249.10725402832031         8 4 
345    76.449429869651794 99.982500076293945 -79.454026993422389  -223.2645263671875         8 7 
346    -73.088656529784203 -2.7599542737007141 77.42013144493103  -177.43148803710938         8 7 
347    13.004217982292175 6.7770188450813293 -51.815750300884247  -197.67237854003906         8 9 
348    -43.675762583035976 99.99344003200531 -99.990920425625518  -217.14985656738281         8 5 
349    60.089269757270813 17.390709400177002 75.183925867080688  -247.95597839355469         8 8 
350    -36.558748626615852 62.136602401733398 74.924407124519348  -234.041259765625         8 5 
351    63.370764136314392 -99.875370593625121 60.424823641777039  -140.48887634277344         8 5 
352    81.02048647403717 45.826097875833511 99.984285831451416  -252.41059875488281         8 9 
353    23.359737157821655 22.066722512245178 20.762457549571991  -160.64247131347656         8 8 
354    -35.084209837950766 68.671333789825439 -2.7076225131750107  -147.28192138671875         8 5 
355    37.782151341438293 68.278241038322449 -85.795837779762223  -149.27920532226562         8 7 
356    84.327376306056976 -3.668075301713543 -97.624571281776298  -188.19227600097656         8 6 
357    91.286264896392822 -80.735645242845578 17.126908540725708  -153.868408203125         8 4 
358    -39.947286233305931 10.552581965923309 40.336959958076477  -116.81212615966797         8 10 
359    56.477317929267883 -64.336213305592537 98.798536777496338  -105.30995941162109         8 9 
360    -5.3610700964927673 -66.964385606943324 22.893927112221718  -151.71043395996094         8 10 
361    -27.198524149134755 -77.997373740269012 52.960758432745934  -190.03114318847656         8 6 
362    4.3733180165290833 -80.730234533077052 -99.985079571335518  -159.40579223632812         8 7 
363    12.336933255195618 38.294130921363831 47.000681757926941  -135.63259887695312         8 4 
364    33.652127385139465 15.831614971160889 -38.645428506657481  -120.12404632568359         8 12 
365    -69.72053722338751 -19.138030230998993 66.092317312955856  -178.91862487792969         8 9 
366    82.382505714893341 -85.863893125206232 -36.855949025735754  -103.20417022705078         8 9 
367    8.0514670610427856 57.526960372924805 18.502921402454376  -130.83648681640625         8 11 
368    -51.079429566860199 -41.682968104286374 -80.32279752381146  -209.18815612792969         8 7 
369    35.868355989456177 38.497241377830505 50.168252944946289  -205.9163818359375         8 3 
370    -99.787822770798812 61.708336114883423 85.481794774532318  -234.43214416503906         8 8 
371    -9.350214496254921 -57.954337313771248 -1.2213667035102844  -188.37852478027344         8 6 
372    68.455207467079163 -74.156242245808244 -24.438698547892272  -149.42971801757812         8 8 
373    -44.258272329345345 67.015103936195374 27.466678559780121  -168.08061218261719         8 9 
374    82.241267800331116 -23.610889285802841 99.986982345581055  -201.05397033691406         8 3 
375    53.077277183532715 50.406490981578827 26.513931632041931  -252.49337768554688         8 11 
376    24.677367210388184 60.494911432266235 55.97524182125926  -181.80574035644531         8 8 
377    -4.7255799770355225 -2.9715901017189026 23.550023078918457  -117.5360107421875         8 10 
378    60.719523012638092 92.66266393661499 -65.637673776131123  -214.30815124511719         8 10 
379    55.187657658010721 -41.967408258467913 -74.795647462829947  -216.98991394042969         8 6 
380    -40.937540117767639 -99.744083434110507 -99.974465288687497  -198.75228881835938         8 6 
381    -99.485302297398448 -72.405638739466667 41.074652999639511  -244.92964172363281         8 2 
382    -99.988733850494498 -48.974251455962076 74.907783985137939  -244.24076843261719         8 10 
383    -32.687731627374887 28.163616016507149 -76.90532661229372  -159.07661437988281         8 5 
384    -2.5170096755027771 99.999999046325684 -81.488041166761832  -190.55398559570312         8 10 
385    22.928637266159058 66.714046001434326 -75.456308156251907  -128.64814758300781         8 7 
386    -82.147947538644075 78.935430526733398 -45.444155750796199  -149.64729309082031         8 12 
387    27.079042792320251 56.53624415397644 -45.782532949000597  -166.74203491210938         8 6 
388    99.595804691314697 98.86680269241333 62.773690104484558  -251.99324035644531         8 8 
389    -13.456488892436028 99.634146690368652 -61.030011836326594  -222.62506103515625         8 3 
390    29.802453517913818 -18.408706247806549 -83.620722206309438  -146.01275634765625         8 2 
391    0.28831613063812256 -1.7393233776092529 -61.853495724033564  -161.44577026367188         8 8 
392    24.177390813827515 2.5204798318445683 -82.136029034852982  -124.036865234375         8 5 
393    15.59357225894928 -35.67000786960125 50.762182950973511  -73.49285888671875         8 9 
394    98.527665138244629 -26.19026055932045 76.93034291267395  -198.8876953125         8 10 
395    89.92179000377655 -99.99946512960156 -99.990627727107494  -173.80892944335938         8 4 
396    67.986672759056091 -67.641116355878694 -44.070561744272709  -165.44989013671875         8 9 
397    83.904576301574707 2.0795760154724121 -45.823517978191376  -191.70428466796875         8 11 
398    70.218453943729401 -99.761039763689041 4.6893995329737663  -125.53407287597656         8 2 
399    85.815284490585327 -7.8913165330886841 1.3526043295860291  -107.09856414794922         8 5 
400    -72.659179375113155 60.193503424525261 -99.889641672591097  -135.89830017089844         8 8 
401    -98.302861587144434 76.638594627380371 -4.1416871510446072  -180.00859069824219         8 8 
402    -37.985845342278481 8.4667043685913086 84.26113760471344  -153.79667663574219         8 6 
403    -51.060279420373263 -27.79902571439743 -99.968431817251258  -183.55502319335938         8 2 
404    38.173484802246094 97.346343398094177 -16.807201385498047  -206.7041015625         8 5 
405    -40.015306517481804 -13.675943791866302 -25.259397996589541  -235.32823181152344         8 9 
406    58.023583650588989 46.710787415504456 -18.041046926751733  -194.33221435546875         8 5 
407    29.128625810146332 -99.964064640560537 -52.795533190015703  -155.984375         8 8 
408    -53.560381528455764 99.99166464805603 18.071308560884972  -216.11293029785156         8 10 
409    -99.920796692091244 40.624284718185663 -18.687323376536369  -234.45500183105469         8 5 
410    -99.971176999481031 -8.2280578278005123 99.996805787086487  -223.0831298828125         8 3 
411    24.6110680103302 -49.514409084804356 11.68950809405942  -136.440673828125         8 6 
412    -76.366063728928566 70.052814781665802 99.83890700340271  -170.5482177734375         8 8 
413    -75.867338847368956 26.472358465194702 98.582661151885986  -213.59146118164062         8 2 
414    34.500622749328613 -52.067137509584427 99.96258020401001  -80.533760070800781         8 1 
415    89.477465629577637 -99.624170495430008 -24.551653576417493  -131.17872619628906         8 7 
416    25.626873970031738 -19.722724363207817 -11.581103965640068  -130.54664611816406         8 7 
417    99.984695196151733 99.945447206497192 13.228232979774475  -224.14080810546875         8 4 
418    -38.255137227475643 60.700970590114594 99.988747358322144  -167.13259887695312         8 7 
419    80.255818009376526 -33.021445700311006 -74.018593152635731  -145.15719604492188         8 5 
420    99.614572525024414 -88.235838558614034 82.399025440216064  -263.17138671875         8 3 
421    -57.13842561841011 -22.038866860792041 6.2269697189331055  -202.94172668457031         8 10 
422    -96.828991537635375 11.363864302635193 99.747399926185608  -162.2117919921875         8 8 
423    6.9018989205360413 -42.325059597671498 99.097123026847839  -156.63212585449219         8 7 
424    32.88728654384613 -5.9487099647521973 -1.4821731448173523  -168.43791198730469         8 7 
425    -53.87461594492197 -99.564698662494266 -83.775586341507733  -215.32859802246094         8 7 
426    -99.974972812924534 48.361164577305317 -64.199924424261553  -221.97138977050781         8 7 
427    -71.757835581898689 -37.842054687440395 -72.707581939641386  -270.1871337890625         8 6 
428    24.919536709785461 -79.233660171739757 -91.025079149752855  -173.94395446777344         8 11 
429    25.24229896068573 -29.684612531214952 86.284399032592773  -109.17991638183594         8 2 
430    29.119578778743744 74.339950084686279 71.069814115762711  -183.76622009277344         8 7 
431    -10.464454814791679 -63.425061246610994 -52.696902294461324  -183.86767578125         8 5 
432    51.297423839569092 -9.7606049180030823 -14.882469207048416  -136.31668090820312         8 11 
433    -99.812629462103359 -34.340471155563776 -31.531839199364185  -257.10501098632812         8 5 
434    15.697517573833466 80.791070818901062 59.938243778422475  -185.14791870117188         8 6 
435    -83.875090584158897 35.309249161975458 6.2646217190194875  -224.85208129882812         8 5 
436    69.268864572048187 62.397353142499924 26.487952798604965  -236.02682495117188         8 12 
437    -18.229857828468084 -78.982505708932877 99.959838390350342  -155.35482788085938         8 4 
438    10.126011941581964 99.999642133712769 -59.37538146704901  -154.18525695800781         8 8 
439    -78.100169454701245 67.355004146695137 5.4881579093635082  -159.4285888671875         8 10 
440    -58.517532750964165 -2.4772725701332092 92.607200145721436  -125.14250946044922         8 5 
441    -91.012329664081335 -17.331955075263977 32.342589581385255  -295.67816162109375         8 8 
442    -72.400807321071625 61.757941454648972 81.852115750312805  -199.40736389160156         8 8 
443    12.842846810817719 -23.992286331951618 -77.06935703754425  -103.18532562255859         8 4 
444    -17.711803803220391 80.304371908307076 -55.653097094967961  -160.23918151855469         8 10 
445    48.654067516326904 -97.959386994130909 11.384681961848401  -189.66102600097656         8 3 
446    82.684705853462219 99.999450206756592 91.105108857154846  -248.12101745605469         8 5 
447    47.272367537021637 -99.825602228487696 -54.594946835487235  -211.58045959472656         8 11 
448    -57.148296750616282 99.212658405303955 -53.250143200159073  -232.25927734375         8 3 
449    93.25831127166748 -99.020632104278775 -45.956072573550045  -138.95002746582031         8 6 
450    99.950384974479675 84.916265368461609 43.759314328432083  -253.94367980957031         8 9 
451    -78.216998279094696 -10.427925959229469 -68.247263625264168  -245.12446594238281         8 7 
452    44.205209851264954 -81.961122073233128 -99.993242132866726  -209.52737426757812         8 6 
453    38.173484802246094 -82.379895110999996 84.407492995262146  -187.90890502929688         8 4 
454    49.661593675613403 13.081979155540466 -71.909537930041552  -161.88331604003906         8 12 
455    -14.984256446361542 99.946892261505127 -14.411574259400368  -203.88929748535156         8 4 
456    -82.283051840960979 -63.155575428158045 99.949359774589539  -266.86016845703125         8 8 
457    -63.352810993790627 -73.096251709758576 99.996636271476746  -168.98968505859375         8 5 
458    -61.383054494857788 -97.84850669815205 -37.449961990118027  -256.68222045898438         8 8 
459    37.428522109985352 50.504030823707581 -76.793248194502667  -169.13963317871094         8 3 
460    -38.619017779827118 -99.970772191503784 87.681361317634583  -152.26786804199219         8 7 
461    35.362088680267334 99.99091625213623 -99.990920425625518  -227.36288452148438         8 2 
462    31.059478640556335 29.250043392181396 92.736852645874023  -175.23187255859375         8 8 
463    -55.48689361102879 -4.2963445484638214 38.041830310598016  -156.87152099609375         8 9 
464    8.8815912008285522 -24.218597650527954 99.934478402137756  -143.11993408203125         8 9 
465    -99.998988653193763 52.516364015638828 -99.992795434287473  -277.226806640625         8 7 
466    -48.373297293786891 36.372995376586914 45.255056262016296  -80.460655212402344         8 5 
467    -38.155834779143333 21.655542254447937 61.666661083698273  -198.89422607421875         8 7 
468    71.228908061981201 -99.231868182618157 -30.097949489431443  -204.64930725097656         8 6 
469    31.511546611785889 74.339950084686279 34.697207726538181  -192.08973693847656         8 6 
470    43.526509761810303 65.446387887001038 -1.4196017384529114  -199.38435363769531         8 4 
471    80.822666525840759 26.761536538600922 99.329149842262268  -260.66647338867188         8 6 
472    -99.949523690156639 -43.265558064198558 -56.424867343423102  -233.34744262695312         8 4 
473    -61.998429488390684 13.512080773711205 -99.568323293424328  -201.45823669433594         8 5 
474    -39.21811819402501 21.39191460609436 -99.990920425625518  -131.45391845703125         8 5 
475    -30.215960343368351 15.311137512326241 -38.108294919133186  -51.455150604248047         8 5 
476    82.17083215713501 -20.493111968040466 -52.250738233327866  -110.86849212646484         8 5 
477    -79.628158152103424 4.5549308061599731 14.538495182991028  -223.11459350585938         8 9 
478    49.692848682403564 99.371419548988342 56.426218241453171  -249.33039855957031         8 7 
479    -99.353460634883959 -3.940845787525177 42.520830094814301  -199.03288269042969         8 10 
480    -90.670362591743469 12.664571762084961 78.88424813747406  -168.49124145507812         8 5 
481    68.80994701385498 -1.2236470580101013 81.881367683410645  -211.54396057128906         8 9 
482    -55.073920220136642 20.677285671234131 -24.070714212954044  -223.57022094726562         8 9 
483    67.641965627670288 50.746751787140965 48.707503413781524  -222.35964965820312         8 6 
484    12.363557696342468 -74.250697779469192 7.2023906409740448  -96.019432067871094         8 8 
485    91.756646633148193 -99.969622479584359 99.948251247406006  -230.28958129882812         8 4 
486    -66.578692259266973 44.18258535861969 -81.814623427577317  -202.8077392578125         8 8 
487    -22.303430265499628 -72.394086617045105 -38.534826040267944  -211.427001953125         8 6 
488    36.388087749481201 -38.004328003386036 -71.570465669035912  -155.59111022949219         8 4 
489    -99.934901291271672 -3.5266260504722595 -1.0650429643064854  -187.04466247558594         8 2 
490    -14.854819938540459 -21.289540346711874 18.088118992745876  -249.89768981933594         8 9 
491    -12.005562700331211 -17.844656720757484 -61.784333421383053  -216.37184143066406         8 11 
492    82.240143001079559 -98.697742914780974 -80.862204833330679  -171.42707824707031         8 8 
493    67.14805306494236 -31.719367723912001 -25.297825781628489  -199.61358642578125         8 10 
494    -66.108812406659126 83.090708374977112 48.441277861595154  -201.71345520019531         8 4 
495    -68.798018038272858 -99.870740133337677 99.99091625213623  -266.35748291015625         8 3 
496    56.539440095424652 49.082148551940918 95.30264139175415  -239.790283203125         8 3 
497    -22.47316123789642 79.340204626321793 -14.648852251761127  -179.40719604492188         8 7 
498    60.9289790391922 88.942643165588379 99.568009376525879  -260.1322021484375         8 3 
499    50.498159885406494 72.085233092308044 22.804721653461456  -202.23928833007812         8 10 
500    7.0454500317573547 56.484586715698242 -53.175237679271959  -151.53709411621094         8 3 
501    -70.207234130240977 -76.273414501660682 -66.581291460251578  -262.783447265625         8 4 
502    -71.671841789968312 -63.188495465175947 83.681224644184113  -242.11721801757812         8 8 
503    -58.542726002633572 41.399421334266663 -12.466145217418671  -133.58831787109375         8 7 
504    97.015103697776794 -99.990920425625518 -68.615650510971562  -184.12046813964844         8 3 
505    87.891197204589844 32.026874542236328 29.957636684179306  -238.04960632324219         8 5 
506    86.748168647289276 -71.445600602397462 -51.058231949806213  -146.00602722167969         8 4 
507    -99.990920425625518 74.091537833213806 -63.930763820768334  -198.16288757324219         8 4 
508    47.005795001983643 80.741735339164734 -16.632775753736496  -222.28565979003906         8 8 
509    67.089160203933716 -98.94571168301627 26.408204987645149  -209.89114379882812         8 4 
510    4.5929975211620331 -74.686512178741395 -47.748722101096064  -159.89984130859375         8 10 
511    82.17083215713501 -33.244572818279266 30.344728216528893  -159.06263732910156         8 4 
512    99.976344704627991 -20.50383472442627 -96.936222593765706  -248.42388916015625         8 7 
513    -99.344871158323713 -81.063563275585011 67.936429888010025  -240.71804809570312         8 7 
514    -58.625961685361517 99.972806572914124 -10.586588978767395  -151.69917297363281         8 6 
515    -56.011777257546782 -7.176313830743311 -99.322729999665171  -195.57530212402344         8 4 
516    -73.897738725645468 62.659413695335388 -43.998423534894073  -153.46949768066406         8 6 
517    89.224922180175781 85.9917813539505 -13.040950492024422  -233.4793701171875         8 5 
518    -99.908717392050235 -1.2379280924797058 -99.67531724832952  -247.95149230957031         8 2 
519    38.769114017486572 99.715399742126465 70.764344818890095  -226.27601623535156         8 4 
520    -53.959249064326286 -20.738378942012787 99.720275044441223  -114.93821716308594         8 7 
521    62.388053774833679 95.913694620132446 -16.036411911249161  -253.08425903320312         8 8 
522    -81.274399815592915 36.214483261108398 81.435144543647766  -218.23497009277344         8 5 
523    -84.201439054799266 99.903583288192749 -99.982773639203515  -368.73236083984375         8 4 
524    -99.990920425625518 -99.990920425625518 -69.014665035327198  -292.28463745117188         8 1 
525    20.055693984031677 46.125261437147856 -99.993510827902355  -114.01512908935547         8 6 
526    47.861943244934082 -55.987160967197269 35.964115787297487  -120.18471527099609         8 12 
527    9.3909484148025513 -21.091162890195847 -48.60771431401372  -142.83865356445312         8 9 
528    -99.902326946117682 -99.964476437133271 -28.711076110601425  -288.315185546875         8 7 
529    -22.501938425004482 60.619720101356506 13.863981127738953  -184.27516174316406         8 9 
530    -18.389763569459319 17.579644799232483 -19.757965445518494  -205.00837707519531         8 8 
531    99.980521678924561 8.0389964580535889 -27.79712589160772  -149.59994506835938         8 5 
532    -77.709682285785675 -12.809427440166473 99.987069487571716  -148.33024597167969         8 5 
533    99.686163425445557 46.482498407363892 -74.896351839029862  -203.18354797363281         8 9 
534    4.1068261153995991 -30.966409269720316 -33.198953870683908  -252.27702331542969         8 9 
535    38.551391124725342 13.550670981407166 14.739597320556641  -104.77629089355469         8 5 
536    87.824169874191284 -76.862162411179781 -68.248242877423763  -156.49623107910156         8 5 
537    92.802125215530396 -99.984884139848873 35.617193579673767  -123.69549560546875         8 4 
538    13.039062738418579 71.19658350944519 29.554620027542114  -205.1328125         8 5 
539    99.998239994049072 56.060906529426575 77.695512354373932  -254.39695739746094         8 4 
540    81.653046131134033 31.813156992197037 -43.601369081164194  -216.7283935546875         8 11 
541    -20.89153641462326 -2.0879551768302917 -44.29993212968111  -182.34086608886719         8 7 
542    -99.982372258091345 32.356361527694389 24.168729305267334  -206.92567443847656         8 4 
543    -34.166246648645028 90.258445382118225 -62.882985514006577  -150.000244140625         8 8 
544    -67.201190661333385 -71.697167846496995 -39.618358158768388  -244.30166625976562         8 8 
545    79.683578848838806 -82.954988263547421 99.910971403121948  -178.21162414550781         8 9 
546    44.517922282218933 56.602623164653778 41.926872350275517  -200.72962951660156         8 10 
547    42.33013391494751 34.511615740135312 12.61684921849519  -214.0223388671875         8 6 
548    -53.700954018160701 -39.469358000904322 89.291846752166748  -244.98968505859375         8 8 
549    7.9496399164199829 -11.743318617343903 86.442553997039795  -120.63292694091797         8 5 
550    60.504836440086365 -61.727294371153221 18.384976863861084  -129.68754577636719         8 5 
551    -43.502744244877249 -36.011055395007133 -24.027027547359467  -153.20770263671875         8 7 
552    46.005372405052185 -22.193010523915291 -72.269165801535337  -165.39579772949219         8 8 
553    37.428522109985352 -33.194228209555149 99.400937557220459  -192.47935485839844         8 2 
554    60.601386427879333 31.349356770515442 -66.316732874605805  -162.71681213378906         8 12 
555    99.965933084487915 -54.025424565828871 95.587658882141113  -169.01170349121094         8 6 
556    -65.460094437003136 18.960608959197998 21.215438991785049  -230.31724548339844         8 3 
557    -35.801952979527414 62.136602401733398 -20.146288424730301  -142.74832153320312         8 4 
558    -68.6122130677104 17.646219193935394 74.031260013580322  -161.86575317382812         8 3 
559    82.365618690848351 -48.256323011941276 96.246835231781006  -187.74909973144531         8 6 
560    29.003144085407257 -99.818567521986552 -98.700500268756969  -179.56730651855469         8 7 
561    45.291709899902344 99.960124492645264 -0.18978923559188843  -213.24711608886719         8 1 
562    -65.472304582130164 43.552922118455172 7.4332174943992868  -185.81526184082031         8 7 
563    99.038600921630859 -33.466994911432266 99.99091625213623  -228.72148132324219         8 4 
564    -71.194698691368103 -76.716444918187335 23.416092842817307  -226.24163818359375         8 6 
565    21.352151274681091 99.999285459518433 -0.39176398515701294  -121.43890380859375         8 5 
566    -46.374628307297826 99.872148036956787 -25.783212006092072  -165.69696044921875         8 4 
567    99.988222122192383 -11.615246176719666 26.114012122154236  -245.74864196777344         8 3 
568    6.0179723501205444 -67.945664451312041 99.760095238685608  -135.34535217285156         8 6 
569    74.310483574867249 47.078466057777405 -27.101900194305927  -205.0068359375         8 5 
570    20.425159484148026 -99.9915126708147 -82.257883029807999  -153.96090698242188         8 6 
571    82.142476201057434 -99.990920425625518 52.515733242034912  -88.748809814453125         8 1 
572    5.0771638751029968 2.1099589169025421 99.564033627510071  -127.70823669433594         8 5 
573    -99.226183068007231 98.669430017471313 1.3865411877632141  -167.51071166992188         8 12 
574    99.999833822250366 99.99091625213623 83.420973241329193  -245.05667114257812         8 4 
575    12.564711928367615 27.551312938332558 99.876480579376221  -156.05854797363281         8 9 
576    -80.066376506234519 5.2042235136032104 -22.80495547503233  -268.7110595703125         8 8 
577    -61.33934073522687 -99.838058395078406 42.223575376905501  -227.30928039550781         8 5 
578    97.575240015983582 33.424775525927544 77.970421314239502  -232.16482543945312         8 5 
579    -66.015895694494247 -81.57774935436646 77.205995082855225  -271.92266845703125         8 9 
580    -39.376832901500165 -81.776688220910728 -53.982282471843064  -197.69158935546875         8 8 
581    -64.269671869580634 -49.565882361494005 99.9061279296875  -214.2744140625         8 12 
582    -13.400357961654663 99.994774341583252 -40.519290143623948  -303.80923461914062         8 6 
583    -99.943606117580202 45.828060805797577 36.945790600031614  -232.05638122558594         8 7 
584    -83.024692194536328 94.587910175323486 -64.205933676751783  -236.29727172851562         8 3 
585    -70.371284492779523 97.804322600364685 -34.603238954005064  -296.98370361328125         8 4 
586    99.998601675033569 77.495630383491516 60.786035060882568  -243.83502197265625         8 6 
587    -28.217278893571347 99.144522905349731 99.981501340866089  -252.70114135742188         8 3 
588    0.83995142579078674 41.910571217536926 -97.524298921460286  -135.71206665039062         8 10 
589    -99.9714023724664 -55.771943926811218 34.083906583487988  -231.94569396972656         8 1 
590    8.8199998140335083 81.835482954978943 99.858379364013672  -224.51695251464844         8 4 
591    99.861362934112549 -5.9194825887680054 -15.169842210167189  -156.04193115234375         8 9 
592    -99.999252776349266 -66.435389177560538 99.812760710716248  -239.990234375         8 10 
593    47.488677501678467 -99.673935233207885 -26.676058739423752  -236.58097839355469         8 10 
594    -86.180448666214943 57.734799385070801 -30.717948935925961  -194.03878784179688         8 4 
595    -40.761997460387647 99.999811172485352 -45.132557090371847  -122.85420989990234         8 7 
596    -39.05610156385228 99.99507474899292 6.3712271763024546  -151.70101928710938         8 11 
597    -84.145360440015793 51.744796395301819 96.211862564086914  -256.55172729492188         8 4 
598    -80.734624855220318 -99.769326079171151 76.213356986641884  -266.72225952148438         8 7 
599    21.921045929193497 99.948513507843018 78.004837036132812  -160.28692626953125         8 2 
600    6.8167132139205933 60.045251205563545 -99.979907748638652  -178.63957214355469         8 9 
601    -96.164686478878139 -85.49336186518218 -89.47204914316535  -307.02618408203125         8 6 
602    -16.105501592159271 -14.613282680511475 41.164998769760132  -145.40614318847656         8 4 
603    73.509020447731018 -6.7765393257141113 99.986982345581055  -218.06149291992188         8 2 
604    -18.819105955306441 -68.219490172425367 77.033058732748032  -194.17947387695312         8 6 
605    70.63863742351532 69.191360116004944 -56.515298796002753  -189.20610046386719         8 10 
606    14.118323743343353 -29.675347559154034 71.150708198547363  -108.19291687011719         8 9 
607    59.263938903808594 14.764294981956482 8.6697551608085632  -232.77191162109375         8 4 
608    99.064729690551758 -37.404414602555335 -50.710177419008687  -127.11425018310547         8 5 
609    25.626873970031738 -24.518175393342972 11.97805081307888  -91.868545532226562         8 7 
610    32.667244672775269 99.419681429862976 -60.173459891229868  -170.16383361816406         8 8 
611    15.219917893409729 -1.3961908249184489 73.004646062850952  -140.51713562011719         8 8 
612    -50.655629478394985 52.437753200531006 81.947760343551636  -127.71875762939453         8 4 
613    19.245472729206085 -99.827073258347809 58.603471100330353  -97.283760070800781         8 3 
614    27.537682056427002 -3.5251739155501127 -64.702052064007148  -107.93071746826172         8 9 
615    -76.244486540555954 -42.782380566000938 76.725964263081551  -232.32846069335938         8 8 
616    -98.189256154000759 61.392831921577454 -45.005402795882652  -234.12973022460938         8 4 
617    -53.33686988055706 -30.917963638901711 -59.770791194518097  -220.00773620605469         8 8 
618    -61.483589440584183 63.571671694517136 -83.856266131624579  -151.42308044433594         8 7 
619    99.938190221786499 -49.80119548399847 78.041330993175507  -127.46921539306641         8 11 
620    -6.4922830872237682 46.995387196540833 40.924331545829773  -158.9237060546875         8 12 
621    28.94912588596344 -81.87871041893959 68.375563979148865  -123.45536804199219         8 4 
622    -99.934901291271672 -26.743039578199387 7.1455568143283017  -211.47607421875         8 5 
623    -46.079944047512072 -99.999973388035627 -66.958154124076827  -218.94020080566406         8 9 
624    7.1275789141654968 -99.997232197594712 -28.07852041721344  -164.98703002929688         8 8 
625    -50.592544790386455 -93.552099168300629 99.983429908752441  -207.81704711914062         8 3 
626    -15.716402977705002 38.527223885059357 22.446361720561981  -243.77565002441406         8 7 
627    35.978380858898163 -99.770571696224579 -70.795317764006541  -217.03465270996094         8 10 
628    88.808664441108704 -4.7451141476631165 -63.155675024347147  -125.34635162353516         8 8 
629    -79.814671330686139 -82.138789532009014 99.591082572937012  -255.78742980957031         8 9 
630    -99.377978080883622 86.372270703315735 62.00101375579834  -178.07423400878906         8 1 
631    -46.282906540727708 -48.236668109893799 -99.857312405947596  -206.0479736328125         8 1 
632    -23.649323547258973 81.498944759368896 8.0128253102302551  -156.59552001953125         8 2 
633    99.964505314826965 47.508846372365952 11.827105104923248  -242.44505310058594         8 6 
634    -69.092346929013729 -25.72007542848587 85.203927993774414  -188.95314025878906         8 9 
635    -99.947311158757657 -99.974916820850922 9.4468363523483276  -251.536865234375         8 7 
636    99.980378150939941 2.5594331845641136 6.0567514936983571  -194.54385375976562         8 6 
637    99.995989441871643 -57.360004608541203 31.037102486006916  -139.92680358886719         8 4 
638    -81.467635433888063 99.990226149559021 44.688629508018494  -275.84512329101562         8 4 
639    45.716272950172424 17.403477609157562 -5.8844785592518747  -201.83352661132812         8 6 
640    99.994963884353638 -7.9498957991600037 79.124267220497131  -236.78947448730469         8 5 
641    99.868786334991455 82.810291200876236 -99.996642197116813  -255.32447814941406         8 5 
642    9.3849309980869293 -99.975848914698872 82.357705235481262  -128.39964294433594         8 4 
643    47.85072648525238 63.934249520301819 -30.061792850494385  -185.25997924804688         8 8 
644    99.949419498443604 -54.061640193220228 -58.962587186135352  -188.36236572265625         8 6 
645    99.718926429748535 95.354909181594849 -43.529929488897324  -271.75442504882812         8 11 
646    35.498849391937256 -79.806903131306171 -66.347016817308031  -177.96577453613281         8 11 
647    -12.262427873909473 -99.94916261639446 -63.407853384691407  -184.57817077636719         8 6 
648    -18.318493537255563 11.585430800914764 -72.213452684110962  -211.51445007324219         8 7 
649    25.584110796451569 99.964886546134949 97.366213798522949  -194.42088317871094         8 3 
650    32.925486326217651 15.455320812761784 -99.987313502019788  -109.86457061767578         8 5 
651    29.838355779647827 -45.645854337140918 -99.970184127915672  -127.51016998291016         8 6 
652    -99.913079836629549 29.096621845749723 -99.960820667911321  -277.33975219726562         8 3 
653    -9.9873679652810097 -35.191683151330203 99.800143718719482  -226.333740234375         8 8 
654    -53.879132866859436 10.833605945110321 57.935748100280762  -142.50047302246094         8 2 
655    6.3928209468722343 72.085820019245148 -84.928149899467826  -259.078857421875         8 10 
656    -31.545657634735107 -0.84702754020690918 3.4381715399213135  -181.56208801269531         8 10 
657    99.950753211975098 -58.544969502240974 -16.009291261434555  -128.52218627929688         8 9 
658    -50.864370244904421 41.124528765678406 -99.995908579636307  -136.4232177734375         8 7 
659    94.231631636619568 99.999910831451416 -99.979731839872954  -298.77615356445312         8 9 
660    -99.999994228213708 96.941773056983948 -38.205813066801056  -249.71940612792969         8 11 
661    -16.950673673301935 59.062004089355469 -99.858431304905935  -130.82807922363281         8 7 
662    16.16126549243927 -39.152329822536558 -55.90488076210022  -160.14772033691406         8 7 
663    -14.165570557117462 -45.843687532527838 -40.5708342269063  -208.17721557617188         8 7 
664    80.235828638076782 83.7532057762146 99.999962568283081  -289.3345947265625         8 5 
665    1.9325614795088768 -74.783580943709239 -65.677617859095335  -159.37492370605469         8 9 
666    59.185119330883026 97.742927432060242 72.66952645778656  -242.21751403808594         8 7 
667    78.761215329170227 -30.722478628158569 -99.197977690915195  -183.70077514648438         8 10 
668    -99.891328523432293 17.924143377691507 5.0207057595252991  -206.56123352050781         8 12 
669    -85.104266243986785 96.152391672134399 26.016729772090912  -210.88279724121094         8 8 
670    58.09573769569397 51.72478125244379 4.5646283030509949  -221.47483825683594         8 8 
671    -99.678072350099683 -5.6248277891427279 73.545171905308962  -206.02024841308594         8 9 
672    60.90405285358429 -66.060963352350882 50.193412214517593  -170.16975402832031         8 9 
673    -65.071484446525574 -73.916056752204895 -20.82805523276329  -230.793701171875         8 5 
674    -82.074169486761093 -16.383342325687408 48.527203324250877  -175.90663146972656         8 10 
675    -11.197485148906708 -18.948873594403267 -25.032145261764526  -229.3975830078125         8 6 
676    -28.69321221113205 43.744033962488174 9.787625253200531  -159.4737548828125         8 8 
677    99.995775461196899 99.951183199882507 -6.817714512348175  -232.61811828613281         8 11 
678    99.987945437431335 -99.980464055261109 10.7595454454422  -132.95396423339844         8 4 
679    17.597441017627716 -99.976806071936153 99.481835007667542  -103.57363128662109         8 4 
680    9.7742307186126709 48.760795474052429 99.945763349533081  -133.07379150390625         8 4 
681    -84.051350854337215 30.778947626240551 44.449448525905609  -193.82035827636719         8 8 
682    99.987483263015747 79.491656184196472 -57.714966909106806  -229.07200622558594         8 5 
683    64.02055549621582 8.0727015733718872 -16.592332631349564  -238.66342163085938         8 11 
684    -97.982371794059873 71.700334548950195 -99.92146350715484  -226.38113403320312         8 2 
685    -53.243519451469183 -46.146345674991608 -3.3133694529533386  -188.08769226074219         8 6 
686    99.995777368545532 92.878151953220367 99.988222122192383  -269.64260864257812         8 7 
687    91.677714705467224 -82.170141156437069 52.254894018173218  -141.12767028808594         8 5 
688    64.055744409561157 -28.674482204020023 -65.763296553865075  -274.59127807617188         8 9 
689    82.732180595397949 34.501903355121613 -73.343258364454414  -178.25575256347656         8 9 
690    -99.709796303094876 -78.181218296289444 -36.771284479647875  -282.16403198242188         8 9 
691    -83.285731077194214 -16.664119333028793 -27.45977121591568  -255.7327880859375         8 2 
692    99.3480224609375 -53.180097690994444 -37.314736843109131  -136.39321899414062         8 3 
693    -56.345163233578205 -60.845503573767928 22.654496014118195  -202.95989990234375         8 9 
694    -99.990920425625518 69.071853160858154 24.198289327323437  -175.94650268554688         8 1 
695    99.958195686340332 -56.501449957893215 -99.98167622184701  -178.88182067871094         8 7 
696    -5.2174238264560699 -45.169128448367701 -14.858180284500122  -199.22251892089844         8 8 
697    -56.505677013192326 -13.166671246290207 -35.688728004693985  -161.68215942382812         8 6 
698    43.498163819313049 -35.292977094650269 -13.963390976190567  -148.68643188476562         8 3 
699    -34.300280014052987 -51.177048817276955 -39.547092685475945  -189.14501953125         8 7 
700    -89.724518433675257 13.761237222220188 -99.988832975941477  -200.92799377441406         8 4 
701    45.819565176963806 61.581820607185364 61.371981263160706  -200.37750244140625         8 8 
702    -10.608895968645811 -65.773074459284544 -24.356006547808647  -164.85580444335938         8 6 
703    -9.7476750686764717 18.908625453710556 -56.865753647718975  -137.35739135742188         8 8 
704    -35.891081761568785 10.712415814399719 -80.672594964504242  -175.06980895996094         8 4 
705    3.4635516405105591 -85.772608008574025 99.991157054901123  -127.04651641845703         8 6 
706    81.831178784370422 99.99091625213623 68.152948528528214  -234.53938293457031         8 6 
707    -99.599420899874531 -99.817238398827612 -8.6794293522834778  -271.23678588867188         8 8 
708    -37.181179106235504 -9.5659326314926147 38.635176837444305  -193.30242919921875         8 9 
709    -42.881669975817204 -30.090938001871109 15.494731396436691  -156.71278381347656         8 12 
710    -99.990920425625518 12.601807057857513 -80.914389513483968  -242.44039916992188         8 2 
711    -50.378056710585952 -58.525230618193746 -57.897876045230078  -180.91915893554688         8 7 
712    -6.0480919145047665 -99.908161840168759 93.579530119895935  -175.85130310058594         8 5 
713    32.033094048500061 12.433456420898438 35.124893307685852  -88.565689086914062         8 4 
714    21.923108279705048 99.972892761230469 -41.849296464031795  -124.43395233154297         8 10 
715    -9.2376455441117287 -74.473412811756134 61.783686697483063  -167.82791137695312         8 5 
716    26.15616101026535 63.758689533919096 -99.997063179282961  -170.4912109375         8 8 
717    12.4391068816185 96.15553617477417 15.75322151184082  -189.84654235839844         8 1 
718    -99.999800076273274 -99.911721015814692 28.071711215190589  -292.28057861328125         8 6 
719    13.681671380996704 -23.526033364236355 -99.980338238368859  -111.70607757568359         8 6 
720    57.260847210884094 -84.336010612198152 41.877006053924561  -134.37635803222656         8 5 
721    61.651471257209778 46.486322402954102 -80.058388429788465  -203.18553161621094         8 8 
722    98.009070992469788 -80.406617668246668 34.010808110237122  -194.14793395996094         8 8 
723    64.866505324840546 -70.369505900511285 -96.305768227786757  -162.70602416992188         8 7 
724    -83.486683123745024 88.461485803127289 98.987802982330322  -227.89634704589844         8 6 
725    27.740092873573303 57.189189195632935 -25.731905028223991  -177.35789489746094         8 7 
726    -25.396025121212006 -97.137937881052494 50.942685008049011  -219.99905395507812         8 6 
727    99.734453916549683 14.570808410644531 42.122187223285437  -238.81544494628906         8 7 
728    29.904974102973938 -81.604357833974063 1.6081097424030304  -126.39320373535156         8 7 
729    70.134340167045593 -79.08621084690094 21.360508292913437  -123.86862182617188         8 6 
730    79.950355648994446 63.594062089920044 10.617089569568634  -223.75765991210938         8 6 
731    -26.056483791675419 90.30230450630188 -81.464867454022169  -170.15620422363281         8 8 
732    60.19219970703125 82.042601108551025 0.23715761303901672  -238.70614624023438         8 7 
733    99.984314918518066 20.119738876819611 60.546922922134399  -222.73585510253906         8 5 
734    -99.9714023724664 -6.2325911521911621 -52.198821306228638  -258.96408081054688         8 1 
735    38.580128908157349 71.982284784317017 -47.234100945293903  -191.88203430175781         8 12 
736    99.9897620677948 -45.254794622596819 54.877579212188721  -148.53753662109375         8 4 
737    -63.501326463185251 62.136602401733398 20.681901521980762  -88.964576721191406         8 4 
738    -43.235888262512162 61.880052089691162 -99.982773639203515  -216.52073669433594         8 1 
739    80.307833909988403 99.946892261505127 38.678064793348312  -242.5595703125         8 3 
740    -10.150243952870369 -12.548258006572723 -0.73526692390441895  -213.77290344238281         8 9 
741    2.409214973449707 98.080897331237793 71.234611868858337  -192.51188659667969         8 4 
742    -68.20856451196596 63.349283337593079 61.245110511779785  -174.71180725097656         8 4 
743    -47.305368284229189 51.056709408760071 14.51233232114464  -133.38790893554688         8 6 
744    -14.452014679089189 18.564825654029846 78.959881067276001  -193.38481140136719         8 6 
745    12.915287166833878 -51.413768917322159 -37.470136521849781  -218.44305419921875         8 11 
746    -6.1135898679494858 -33.724027872085571 -77.599737823009491  -195.58935546875         8 6 
747    31.429955005645752 81.073134899139404 98.51024603843689  -197.77278137207031         8 7 
748    99.435886740684509 32.869016170501709 99.850615501403809  -248.71044921875         8 4 
749    84.00749409198761 4.3217805027961731 17.528285622596741  -228.55853271484375         8 4 
750    5.2329632639884949 -57.492567334062187 36.154631018638611  -234.57002258300781         8 8 
751    -10.689335912466049 47.490296900272369 81.396434903144836  -234.245849609375         8 12 
752    22.73664128780365 36.811732172966003 8.8138601779937744  -63.124862670898438         8 5 
753    55.88149094581604 -99.8791600631248 -72.057462104779233  -246.7392578125         8 11 
754    -37.659207988530397 -12.19175129008363 -98.940466623753309  -215.4453125         8 5 
755    -77.430178056238219 -89.241913292557001 -34.473132061772048  -275.24319458007812         8 8 
756    -99.947205559108653 31.935065805912018 81.099766969680786  -211.09689331054688         8 8 
757    -99.702288234286243 -30.330453366041183 -84.078528275946155  -276.21517944335938         8 6 
758    71.247577339410782 -49.147992030717432 -2.2789584398269653  -126.8375244140625         8 8 
759    21.141610443592072 -99.884587428939994 -16.525613605976105  -146.4345703125         8 7 
760    47.667986333370209 68.219818830490112 98.983967304229736  -215.52890014648438         8 7 
761    -99.997380496235579 94.215677976608276 -75.221889851219018  -218.37344360351562         8 4 
762    -99.99999674381678 -99.999999838146763 99.999997854232788  -358.6767578125         8 6 
763    -71.787394884973764 -19.869107007980347 -52.789302632212639  -248.89146423339844         8 6 
764    -34.438638972787885 -64.35858499124879 99.761381149291992  -198.90530395507812         8 11 
765    94.372487902641296 -57.257980684778886 -82.515041530132294  -193.85853576660156         8 3 
766    -90.09196325391531 -26.926758013665676 99.99925971031189  -254.72920227050781         8 4 
767    -67.46717768907547 78.91112893819809 -24.542739877477288  -182.96842956542969         8 9 
768    -39.856789022916928 -66.433181069273815 38.51190498098731  -242.64991760253906         8 5 
769    -54.654783204197884 -14.064541757106781 77.132538080215454  -129.81037902832031         8 10 
770    -62.306283697485924 -64.675696954698651 1.9350820183753967  -213.94998168945312         8 8 
771    -46.827741899773173 99.009736180305481 -74.246615744445961  -122.49875640869141         8 11 
772    -23.88034858496394 -80.243787407875061 10.471139013767242  -207.23130798339844         8 10 
773    -99.778286926448345 46.383767753839493 5.5052823572623311  -220.28825378417969         8 9 
774    -11.114628292620182 -99.997121460083193 5.5836736038327217  -168.09489440917969         8 5 
775    -29.815338147418515 81.615201354026794 -99.990619970987609  -119.35737609863281         8 6 
776    -10.186873108148575 59.062004089355469 -60.266703736866475  -179.79853820800781         8 5 
777    7.9650712013244629 34.370777070522308 -75.887008905410767  -124.30023956298828         8 3 
778    -59.422500415952527 -98.713059965717548 18.134345889091492  -202.65093994140625         8 10 
779    -99.990920425625518 -44.67186606277221 -99.999792594844237  -234.23536682128906         8 3 
780    -48.810064747580327 -27.266481649130583 -9.0936902761459351  -159.55906677246094         8 4 
781    -45.779849767684937 31.471380680799484 7.9138843715190887  -127.25231170654297         8 8 
782    21.783099234104156 18.395930111408234 62.113471746444702  -119.09122467041016         8 6 
783    -40.984077495057136 -31.718484942684881 74.087622627615929  -131.92344665527344         8 6 
784    83.527002245187759 19.198073744773865 -29.203769667950837  -175.84907531738281         8 9 
785    0.48255348205566406 -6.5695186257362366 -38.68214849755168  -102.31737518310547         8 6 
786    34.825372695922852 -58.467618495225906 -63.60360150039196  -145.62156677246094         8 5 
787    -33.291594774927944 45.018410712480545 -88.061329361444223  -241.25325012207031         8 5 
788    -99.990363751567202 -21.167281851172447 -99.950545077444986  -272.4188232421875         8 2 
789    53.345213413238525 96.227076411247253 -99.577633875174797  -251.45771789550781         8 6 
790    49.84941640496254 76.949136972427368 74.566510081291199  -205.97865295410156         8 6 
791    63.937034547328949 -93.333306233711482 -46.940463892300613  -210.53251647949219         8 7 
792    -26.645428334828466 22.614350557327271 46.843068897724152  -292.3743896484375         8 11 
793    4.026756763458252 -97.400966100394726 -7.119586169719696  -138.1209716796875         8 4 
794    25.478646278381348 -15.87717560492456 66.686518311500549  -127.66800689697266         8 7 
795    -14.521121084690094 65.251814305782318 -77.643652260303497  -157.68153381347656         8 4 
796    13.576568096876144 -44.184704401879571 -81.202272138558328  -125.83416748046875         8 6 
797    7.4407222867012024 -32.218649100512266 23.28799088858068  -185.74365234375         8 9 
798    -99.999211670789919 -99.990920425625518 73.502127951011062  -245.93739318847656         8 7 
799    -99.992100359351753 17.181534789036959 35.862946510314941  -151.19570922851562         8 4 
800    13.078294992446899 22.360299348831177 -37.823754176497459  -207.62600708007812         8 10 
801    61.198432326316833 -84.321931428276002 99.984884262084961  -206.08200073242188         8 6 
802    -68.526927450206131 -4.8837443888187408 54.39773890376091  -154.60343933105469         8 7 
803    31.604707956314087 83.150362968444824 -74.077942401170731  -159.66627502441406         8 2 
804    -52.603343167064395 -73.131580614798764 -99.356599683407694  -223.20062255859375         8 8 
805    10.926006853580475 -15.741574138402939 -25.03641433276789  -87.265800476074219         8 9 
806    -7.625720202922821 48.57553243637085 -78.268809465342201  -187.12803649902344         8 6 
807    -99.785512836766429 30.88770779967308 57.564048677682877  -211.02510070800781         8 5 
808    -55.217140972614288 -99.969167599920183 80.693073153495789  -215.79104614257812         8 5 
809    99.897345542907715 -32.644363969564438 24.03851280361414  -173.29629516601562         8 5 
810    19.864897489547729 48.57553243637085 -69.316855437180493  -100.51083374023438         8 6 
811    -99.969527287390662 35.039720773696899 -81.39313555881381  -299.11492919921875         8 11 
812    30.481997966766357 -71.088886275887489 -40.872398942708969  -178.94856262207031         8 8 
813    -73.951722213998437 -68.847339234626361 44.364667778834701  -182.26972961425781         8 5 
814    34.458581686019897 -12.248863726854324 82.902818560600281  -138.81436157226562         8 5 
815    99.414729118347168 12.801312521100044 -99.995459498851233  -158.87384033203125         8 8 
816    -99.924381631596034 -69.561381004750729 81.93052875995636  -324.33892822265625         8 9 
817    7.3710861206054688 -27.378908585757017 -9.1450552940368652  -127.63439178466797         8 8 
818    99.832914710044861 19.402294635772705 -82.910935205044709  -159.4940185546875         8 10 
819    -65.574614558368921 83.125848650932312 74.710488319396973  -199.45135498046875         8 3 
820    -76.41930165886879 74.902537882328033 26.451773166656494  -141.09559631347656         8 5 
821    -41.484705542679876 -25.442528188228607 -41.159307047724724  -188.61408996582031         8 9 
822    47.488677501678467 -81.131059490027837 -10.992840051651001  -161.42042541503906         8 10 
823    99.688118696212769 74.338412761688232 -75.617968754765045  -217.35264587402344         8 8 
824    -58.886005260050297 48.573660373687744 34.725976258516312  -94.670188903808594         8 4 
825    -6.5712889153510332 -99.788202065974474 67.2502780854702  -168.58038330078125         8 5 
826    -19.294805890356656 34.574276030063629 -97.213225431158207  -225.26713562011719         8 9 
827    57.673859357833862 15.393868684768677 99.896717071533203  -207.58148193359375         8 4 
828    82.957369565963745 -13.555638194084167 83.519066333770752  -208.97953796386719         8 11 
829    -98.765014113392681 -42.713941588997841 -8.3040371239185333  -265.7349853515625         8 5 
830    -48.393198878158273 99.98176097869873 99.99091625213623  -183.08528137207031         8 1 
831    23.29195237159729 14.293050169944763 82.414340972900391  -169.51593017578125         8 3 
832    -76.163026571613898 44.18258535861969 -59.122794983908534  -264.44427490234375         8 6 
833    83.642760753631592 -99.998411214771707 19.14830020070076  -181.10429382324219         8 6 
834    63.88386744260788 -24.951592534780502 35.685812711715698  -144.50425720214844         8 6 
835    65.274354934692383 87.587812662124634 26.904490113258362  -243.42857360839844         8 9 
836    99.898430705070496 74.195075154304504 -0.26289951801300049  -224.73481750488281         8 9 
837    -81.778082549571991 -99.973654132918455 -99.528458807617426  -300.0799560546875         8 1 
838    10.572806119918823 11.569722607731819 -99.981701197859365  -199.02310180664062         8 6 
839    -14.288544774055481 -3.7352795600891113 72.550600290298462  -250.1544189453125         8 6 
840    -42.397212676471099 62.170983791351318 -40.238761093933135  -189.00135803222656         8 5 
841    -26.68677830696106 -17.916310787200928 -76.38395719230175  -334.795166015625         8 3 
842    -67.77999521791935 21.674420362338424 -1.2343390614551026  -215.68630981445312         8 9 
843    -1.9179106652736664 -67.480898317749961 83.35804295539856  -129.64523315429688         8 9 
844    -5.2905407906509936 91.875350475311279 20.018363118171692  -242.09571838378906         8 2 
845    -4.8258176445960999 -63.106857273727655 -99.990920425625518  -196.17745971679688         8 3 
846    -33.009325787425041 78.84178352355957 -35.119280993938446  -152.24446105957031         8 5 
847    -4.1134233027696609 -41.368608361735824 -99.913163859571796  -202.911865234375         8 8 
848    0.20188391860574484 34.822585582733154 -59.490697483532131  -183.91542053222656         8 9 
849    -97.119730338454247 55.460672974586487 55.602897524833679  -170.38705444335938         8 7 
850    -99.999995180700083 89.158173680305481 83.345601439476013  -176.91290283203125         8 11 
851    82.530868291854858 -82.402337061703406 -99.992155805902385  -177.13999938964844         8 5 
852    -45.953182891011238 -49.155194853905414 71.731384754180908  -175.85371398925781         8 8 
853    31.231495976448059 36.363778328988701 74.41864001750946  -189.39335632324219         8 6 
854    99.290730595588684 -12.833352327346802 99.90928328037262  -252.185302734375         8 9 
855    15.92760956287384 77.787683725357056 -53.021407985594124  -208.97479248046875         8 8 
856    -99.990920425625518 -83.093000948429108 -0.39275985956192017  -257.44525146484375         8 1 
857    37.57169246673584 -70.767152309417725 99.95042085647583  -182.08792114257812         8 0 
858    -99.99823151344026 -80.094481089850888 -18.631012111902237  -262.41424560546875         8 12 
859    99.855244159698486 14.720418094424531 -45.910439550876617  -161.07405090332031         8 4 
860    -3.0400764402002096 99.98808228969574 50.500178337097168  -306.2569580078125         8 4 
861    99.639870405197144 7.174358069896698 99.996355295181274  -226.42138671875         8 5 
862    99.550349116325378 -81.002463577881599 99.973546385765076  -291.79638671875         8 6 
863    -99.990363751567202 -63.93675940297544 -99.950545077444986  -280.56817626953125         8 1 
864    70.570980757474899 30.210638761520386 -87.981323711574078  -184.14097595214844         8 4 
865    72.420116543769836 88.909719944000244 57.026767879724503  -273.31832885742188         8 8 
866    -84.533104740083218 -66.723229435841859 58.820934921503067  -250.35092163085938         8 7 
867    -99.798772996291518 -24.225313752889633 -51.711361971348957  -250.60679626464844         8 8 
868    -40.178846164606512 99.968671798706055 57.975159049034119  -233.471923828125         8 3 
869    -50.488132476806641 -67.757331360247917 59.863182224333286  -210.81941223144531         8 11 
870    -0.85517716128379107 12.958574265241623 -80.421139396727085  -208.42924499511719         8 5 
871    11.431834936141968 -72.526476835832 67.850137114524841  -145.40122985839844         8 7 
872    -37.559379666112363 -52.91731770336628 -72.194992127408113  -155.17184448242188         8 6 
873    99.990749359130859 17.526068896055222 -12.216531222682534  -184.38981628417969         8 6 
874    52.78337025642395 -40.14216735959053 -46.859221560123842  -335.38711547851562         8 5 
875    99.994829416275024 74.666616678237915 99.963366985321045  -253.4376220703125         8 4 
876    5.5464962273836136 99.969282627105713 -33.497034406289458  -224.32658386230469         8 8 
877    81.13568115234375 -62.701905102469027 -93.690599836409092  -247.75531005859375         8 6 
878    -63.263663135087235 99.69127082824707 -99.944319544973041  -310.91485595703125         8 7 
879    99.990792632102966 27.421649187337607 7.2090513706207275  -208.52571105957031         8 3 
880    -81.83732464723289 -99.981649194162756 44.388665460981429  -290.6234130859375         8 4 
881    -11.724045671522617 82.1450514793396 99.989417791366577  -213.4425048828125         8 6 
882    36.33437705039978 78.038542866706848 12.595964670181274  -175.97360229492188         8 5 
883    -42.869729321449995 -99.238726875017164 -46.527417813631473  -187.00025939941406         8 9 
884    -11.813564235344529 93.694185733795166 85.078004069626331  -243.67897033691406         8 11 
885    -33.922796240774915 36.372995376586914 29.074005901813507  -199.82887268066406         8 4 
886    -55.160614676773548 -99.613114451298316 -0.87366002798080444  -198.10675048828125         8 7 
887    -16.756198776885867 -80.666239261627197 -99.945277534425259  -213.54899597167969         8 3 
888    25.626873970031738 -11.402901023626328 99.284436106681824  -151.07762145996094         8 6 
889    -58.643744699656963 -40.91359274770366 -40.624487076420337  -248.17166137695312         8 7 
890    38.173484802246094 94.13107705116272 -36.696461915969849  -206.44602966308594         8 4 
891    -25.785663120448589 -48.99789913604036 12.126790523529053  -210.67445373535156         8 4 
892    -36.246025945292786 36.372995376586914 79.989654064178467  -135.30349731445312         8 3 
893    77.646074414253235 -50.964656926080352 16.95895180106163  -169.12960815429688         8 7 
894    -2.1024561822414398 -99.99107789572291 47.624432088807225  -158.11750793457031         8 7 
895    0.31885117292404175 42.908871173858643 -11.645661741495132  -129.42564392089844         8 3 
896    37.830734014511108 -23.010162994265556 52.108125984668732  -165.12171936035156         8 8 
897    73.480546176433563 99.962279319763184 -99.989118928755502  -307.01663208007812         8 8 
898    -28.395707888528705 -99.972000422319979 -28.712073929607868  -292.39083862304688         8 6 
899    36.437581896781921 -99.884072132265487 98.0556560754776  -212.28826904296875         8 9 
900    99.992310762405396 -19.853105932474136 54.774650692939758  -215.125         8 8 
901    7.7623152136802673 99.99091625213623 99.999999046325684  -216.24125671386719         8 7 
902    -66.420364327728748 38.891615629196167 63.011779069900513  -200.52540588378906         8 5 
903    -20.883448148146272 -29.010193198919296 82.010729074478149  -206.7874755859375         8 8 
904    73.469428539276123 -91.943138092756271 -12.007472845725715  -124.13285064697266         8 5 
905    -76.657056055264547 78.788517147302628 -99.990365192257741  -190.56925964355469         8 5 
906    27.225721120834351 -69.081726704491302 34.079496264457703  -154.031494140625         8 4 
907    99.352997422218323 31.507170528173447 -24.200679875793867  -168.20913696289062         8 4 
908    -93.120618391199969 -72.521744663009713 13.048404186964035  -282.31253051757812         8 7 
909    86.617572903633118 25.649797916412354 -99.495029449462891  -193.20899963378906         8 1 
910    73.90425717830658 78.464654207229614 -99.807501866307575  -323.14962768554688         8 9 
911    0.97810479998588562 -99.70209415233694 -75.829322775847686  -170.50375366210938         8 8 
912    99.985805630683899 98.709561228752136 -25.823837362229824  -248.50157165527344         8 11 
913    -99.825058551505208 -36.689989679376595 51.503660440444946  -269.60031127929688         8 2 
914    -3.5125875771045685 -57.390838556922972 -74.959396967664361  -248.95648193359375         8 10 
915    78.162016630172729 -59.256995348259807 -64.143272697925568  -135.54360961914062         8 6 
916    96.690948128700256 -80.735645242845578 -88.092700392007828  -263.38821411132812         8 2 
917    39.193353065755218 -26.336837604641914 -97.446325429102103  -257.2908935546875         8 5 
918    64.841330885887146 59.062004089355469 -99.999969535456643  -219.29066467285156         8 5 
919    3.4365910291671753 65.160005629062653 -1.3684790134429932  -266.83370971679688         8 5 
920    53.215805411338806 -80.102242555236444 13.850495576858521  -278.35565185546875         8 9 
921    70.666183143854141 -49.498749050195329 56.779042601585388  -148.5633544921875         8 6 
922    80.704214155673981 61.913885712623596 55.156685650348663  -254.475830078125         8 11 
923    46.18390417098999 71.573691725730896 -67.483295908139553  -214.30351257324219         8 9 
924    57.409191131591797 -99.494180176407099 86.277637243270874  -241.51277160644531         8 2 
925    -79.493951255455613 -99.167869427707046 -78.184306275533345  -271.8045654296875         8 7 
926    82.258553385734558 99.985742568969727 -2.6770472526550293  -227.49020385742188         8 1 
927    29.802453517913818 -55.340223520994186 -82.028940729796886  -133.64643859863281         8 3 
928    -99.975567308189056 99.912245869636536 -18.445969671010971  -232.53486633300781         8 9 
929    -68.961054764688015 80.76400351524353 -60.376938499859534  -149.67948913574219         8 4 
930    99.999007701873779 48.816399455070496 -40.388496934351338  -246.03392028808594         8 11 
931    -85.906370068318211 99.99091625213623 69.623329915106297  -292.9896240234375         8 2 
932    -55.531536854803562 -59.117517962040438 -80.866518445312977  -229.71408081054688         8 7 
933    37.745654106140137 47.121575355529785 99.962924361228943  -232.24383544921875         8 9 
934    -23.83854416012764 52.930394530296326 61.875743508338928  -306.72415161132812         8 10 
935    -10.730643030256033 -77.368906802963465 38.05522732436657  -121.80104827880859         8 6 
936    67.884981632232666 63.691341042518616 99.213798880577087  -255.40371704101562         8 10 
937    -99.981975248374511 -99.967896347516216 -50.128871817424624  -272.3621826171875         8 2 
938    99.988898515701294 14.426274645156809 23.233059130609035  -201.40730285644531         8 6 
939    64.073430895805359 95.26807975769043 -45.689717668225057  -267.9644775390625         8 10 
940    -62.06099621206522 87.635448157787323 99.977697491645813  -239.78567504882812         8 8 
941    0.64951613731682301 -99.543198850005865 24.891010463237762  -197.65272521972656         8 4 
942    -25.734686454758048 33.121343970298767 -25.205633357167244  -224.23101806640625         8 7 
943    -99.950409226003103 -60.827543070539832 -8.1759137809276581  -253.7933349609375         8 9 
944    -45.847325265407562 80.430917024612427 -21.754152584820986  -244.39273071289062         8 9 
945    -18.435964211821556 63.897686988115311 33.126565515995026  -207.85450744628906         8 12 
946    -99.512803880497813 77.857517242431641 99.995079398155212  -192.01712036132812         8 4 
947    54.504942893981934 76.64628279209137 49.541062593460083  -298.85446166992188         8 4 
948    -79.267411306500435 5.9185589551925659 98.755510210990906  -156.34889221191406         8 4 
949    -69.198844402038958 99.506946206092834 -81.90902782306739  -293.38656616210938         8 8 
950    83.64802074432373 23.457265798002481 68.336219966411591  -246.0350341796875         8 7 
951    97.886289238929749 -20.455723524093628 -76.097967676818371  -146.50433349609375         8 8 
952    -31.994093841087306 -36.285303681157529 -99.990920425625518  -221.20622253417969         8 3 
953    99.978337168693542 -24.004271845333278 1.4858856882710825  -280.42977905273438         8 8 
954    83.006702274084091 95.565245151519775 -53.748111217688574  -243.98567199707031         8 9 
955    59.789383351802826 33.363612651824951 55.761992014944553  -250.75738525390625         8 9 
956    -47.483914261683822 -99.970151180459652 -19.915949583053589  -195.15231323242188         8 5 
957    -99.998717986459269 90.889155864715576 35.862946510314941  -164.87925720214844         8 3 
958    -17.259554646909237 -75.6262018948687 -78.083815754209354  -191.49755859375         8 7 
959    -99.510969468625262 -52.24032123098732 15.050864696502686  -230.33045959472656         8 5 
960    -57.865887323284369 99.940839886665344 62.769848227500916  -198.76507568359375         8 5 
961    99.947845935821533 54.269142746925354 99.99091625213623  -285.404541015625         8 3 
962    53.740357995033264 -55.778501757975391 -1.4082204195656232  -144.26887512207031         8 7 
963    76.604299306869507 70.710573997348547 76.570343971252441  -266.79641723632812         8 6 
964    -22.395623032003641 -99.969534685020335 79.877355128526688  -214.61433410644531         8 6 
965    -48.172500946719083 -79.935039758682251 -6.0325391804799438  -218.03024291992188         8 5 
966    -66.859750047326088 -40.832240154966712 42.205889940261841  -262.00335693359375         8 9 
967    -37.62043684720993 53.73016557097435 -69.730506230145693  -176.1923828125         8 6 
968    -25.287877361755818 -99.680058800468942 -80.489257426143013  -241.63668823242188         8 7 
969    19.398302376270294 -79.779523208737373 -26.131658099591732  -170.30393981933594         8 10 
970    60.234999656677246 23.641768455505371 -33.776960045099258  -233.82733154296875         8 5 
971    19.632531464099884 -99.997019550968616 3.8192283734679222  -115.13768768310547         8 6 
972    -41.966879367828369 -48.851552222855389 53.383910000324249  -170.56559753417969         8 6 
973    -83.870576903223991 53.678310453891754 24.841919958591461  -190.57958984375         8 7 
974    -7.5657996386289597 -33.724027872085571 64.945728778839111  -167.2894287109375         8 5 
975    -72.755771517753601 99.45807933807373 84.83488929271698  -352.09112548828125         8 6 
976    -23.649323547258973 81.498944759368896 33.880090713500977  -180.71342468261719         8 1 
977    -63.577681884169579 55.536022961139679 99.819335699081421  -163.39332580566406         8 8 
