0    -99.919714610194205 89.28824120759964 17.477977842092514  -119.06105804443359         8 15 
1    17.515178561210632 16.955822229385376 -14.247477412223816  -126.78524017333984         8 15 
2    99.715258955955505 69.988993644714355 -18.240669578313828  -214.75750732421875         8 14 
3    -95.474650248969283 -79.967881073011085 -17.958329826593399  -263.11663818359375         8 14 
4    -34.238729164004326 99.839466452598572 -86.552956075989187  -225.10614013671875         8 13 
5    18.468373388051987 -77.630004653707147 -73.406380770262331  -152.07792663574219         8 14 
6    -51.793528918176889 -28.23165014013648 66.582595750689507  -224.53182983398438         8 13 
7    1.0553002059459686 51.050566136837006 -69.812421390786767  -165.18385314941406         8 12 
8    48.940655589103699 -58.964663689956069 37.848503407090902  -123.58042907714844         8 13 
9    23.442396640777588 99.96864902973175 -43.420449669240043  -130.99868774414062         8 11 
10    -99.974450062632513 79.012594729661942 -41.025160203418636  -199.638916015625         8 14 
11    -18.023676134645939 3.9769171923398972 -65.616631686687469  -221.05075073242188         8 11 
12    13.650305390357971 -11.606214284896851 3.6609989404678345  -68.604904174804688         8 12 
13    26.047737240791321 -36.305648707493674 -2.8186806794255972  -132.96183776855469         8 11 
14    81.141290545463562 1.0825329422950745 59.280886299908161  -218.83322143554688         8 10 
15    77.184251844882965 -34.20682047857531 -99.90532956131392  -208.73353576660156         8 10 
16    99.707733988761902 -47.635288874845628 41.686993202194571  -218.27774047851562         8 13 
17    20.162438094615936 84.757183909416199 -90.668090321513915  -127.35529327392578         8 12 
18    81.799908041954041 10.73984831571579 -10.512316248787101  -163.49691772460938         8 12 
19    32.627570271492004 5.2522690892219543 -12.774302065372467  -112.35670471191406         8 13 
20    69.750205814838409 -10.686006724834442 -28.234634220600128  -128.90904235839844         8 13 
21    -48.61775740981102 -69.18549295165576 -10.167760252952576  -222.58828735351562         8 11 
22    99.870199680328369 8.4412559866905212 -63.985227435827255  -180.53509521484375         8 11 
23    -99.645077994536365 -55.044469373358879 33.00215457752347  -254.16653442382812         8 10 
24    82.25127911567688 -96.064022867940366 -8.354313517560513  -139.23550415039062         8 11 
25    -49.888530105352402 -70.814787024864927 62.007244594395161  -210.07760620117188         8 12 
26    -22.059705138206482 30.209566339850426 99.899698495864868  -222.90541076660156         8 10 
27    28.836194396018982 77.266408920288086 -29.230705812573433  -156.3057861328125         8 13 
28    -99.765953848400386 98.560345411300659 0.22943583130836487  -173.46334838867188         8 14 
29    -0.90734037756919861 -72.945552997291088 -42.374772868584841  -180.87297058105469         8 12 
30    99.861549258232117 29.17701106891036 8.2661586999893188  -210.66654968261719         8 8 
31    -16.808969024568796 79.894045725464821 -53.530835521407425  -161.55230712890625         8 11 
32    -43.746951341629028 -48.817090256139636 52.166197195649147  -175.78732299804688         8 7 
33    -63.995810322463512 -25.227660298347473 -19.023254990577698  -201.78825378417969         8 10 
34    -62.399355240166187 81.969334840774536 55.013208508491516  -203.245361328125         8 10 
35    58.748885631561279 86.0472811460495 29.363650679588318  -245.0196533203125         8 10 
36    -40.169936865262343 -65.588857224211097 5.5389223098754883  -168.55792236328125         8 12 
37    -35.744860839098692 -44.997231340657891 -9.5038251429796219  -194.96357727050781         8 13 
38    62.141226887702942 64.09025776386261 99.981723070144653  -241.68707275390625         8 10 
39    13.031435251235962 27.58632368594408 99.839165091514587  -168.27052307128906         8 10 
40    21.997379660606384 29.428006052970886 -54.303752534091473  -79.0843505859375         8 14 
41    -99.928272775279765 29.50035834312439 99.137242197990417  -228.48246765136719         8 11 
42    15.383501172065735 -37.928657934069633 52.177857637405396  -85.412117004394531         8 10 
43    -33.966891255695373 -99.785326604731381 88.040377259254456  -198.18907165527344         8 9 
44    -68.539305071462877 44.18258535861969 -77.040285541210324  -210.79545593261719         8 10 
45    -31.698765016972175 53.289712749421597 -46.071972586418269  -273.511962890625         8 9 
46    -99.934901291271672 87.369305849075317 38.077086828649044  -210.382080078125         8 9 
47    -48.09653440117836 -34.963547986932099 -25.145275503396988  -199.53109741210938         8 10 
48    -81.673118263483047 -59.676780328751192 -34.312000531324884  -261.17529296875         8 10 
49    19.792109906673431 -77.42229028105254 0.41174431890249252  -122.72679901123047         8 10 
50    16.893654316663742 -61.279307985700143 -99.347658046045126  -168.49169921875         8 12 
51    34.357356190681458 47.767551243305206 99.984015464782715  -234.5609130859375         8 8 
52    -53.290074635879137 -25.810426249634475 47.355689913034439  -138.36482238769531         8 10 
53    99.894628047943115 52.276238441467285 -6.3852963447570801  -217.05203247070312         8 9 
54    64.73732578754425 -56.612972497940063 12.71533340215683  -184.64309692382812         8 11 
55    -67.059600533393677 -52.472578224987956 99.915526986122131  -214.16610717773438         8 13 
56    34.828447699546814 -67.33525243853046 -13.581362843513489  -128.00051879882812         8 10 
57    -14.689833760261536 -18.653981057948169 99.962857723236084  -200.93745422363281         8 11 
58    23.29195237159729 14.293050169944763 85.963278293609619  -176.0804443359375         8 4 
59    -10.000891521573067 -33.724027872085571 -77.301490488927811  -208.60502624511719         8 8 
60    71.367024004459381 36.235014446079731 38.450526118278503  -230.71739196777344         8 12 
61    37.028380393981934 92.150331139564514 31.88106681406498  -194.87257385253906         8 9 
62    -48.664639092981815 38.562833547592163 21.692213475704193  -159.73707580566406         8 8 
63    -33.964730083942413 -66.440613774349913 50.849782951176167  -225.60028076171875         8 10 
64    72.615221381187439 -74.455821373412789 65.107297897338867  -170.96603393554688         8 9 
65    -36.794367626309395 -66.998426348509383 75.324251495301723  -188.04208374023438         8 10 
66    9.3839039206504822 -99.176396887876763 -56.354987443541177  -175.21986389160156         8 11 
67    -77.385592363774776 -23.721181094646454 64.85291762650013  -230.72142028808594         8 7 
68    -4.6689826846122742 12.561515390872955 45.280624508857727  -230.16673278808594         8 9 
69    -39.056230041431263 99.997042179107666 6.3698277307839817  -151.71038818359375         8 12 
70    78.202291131019592 36.125955998897552 -71.769113274694973  -180.98713684082031         8 10 
71    -32.791816484435188 99.22531521320343 -11.586942803114653  -200.06404113769531         8 11 
72    22.352287888526917 -77.409944920055523 65.107297897338867  -141.20249938964844         8 8 
73    -36.80609088256324 -42.11574149068656 99.987244963645935  -167.88697814941406         8 11 
74    27.618194460868835 -99.868641996971746 -57.042298677411054  -159.01699829101562         8 8 
75    -54.286142897268292 -81.109864181140438 11.769235730171204  -160.36457824707031         8 11 
76    -69.740289069712162 40.086711347103119 -29.133458241820335  -180.95857238769531         8 9 
77    18.559959828853607 98.838459610939026 3.1326797902584076  -132.40618896484375         8 11 
78    99.885600924491882 -60.805053618997817 6.1343497633934021  -180.19828796386719         8 12 
79    99.975945472717285 -45.575032999739051 60.41713947057724  -194.88621520996094         8 7 
80    -47.855928614735603 -24.305270008509979 -9.5190179944038391  -165.14108276367188         8 9 
81    -80.141614010557532 47.972928984090686 26.451612206641585  -227.93743896484375         8 11 
82    24.182567566633224 -99.93582520345808 -35.123919957099133  -128.72119140625         8 8 
83    63.885267019271851 24.29299333691597 -70.699761353316717  -183.1470947265625         8 12 
84    -22.224720496684313 76.965588808059692 35.409789100289345  -187.7906494140625         8 5 
85    69.340187221765518 -72.584250807762146 86.896868348121643  -165.47793579101562         8 9 
86    -68.523529827594757 -98.465071160880598 -17.54671835899353  -238.0267333984375         8 10 
87    -8.9539124965667725 -41.063809990038862 -99.939924830085602  -219.0557861328125         8 11 
88    98.379869341850281 -26.663063287734985 74.029687881469727  -200.73307800292969         8 11 
89    99.993834376335144 31.084259197115898 -65.594404026865959  -193.668701171875         8 11 
90    27.681067585945129 -15.087070465087891 99.998666524887085  -163.68861389160156         8 9 
91    -72.582060572019813 60.103201389312744 -99.923127057922784  -136.11636352539062         8 9 
92    4.6017841622233391 -82.078019697859418 27.894915819168091  -121.99114227294922         8 8 
93    31.353076934814453 30.400012850761414 92.553224444389343  -179.3887939453125         8 11 
94    69.429917573928833 69.332786917686462 -55.873379590455443  -195.00569152832031         8 11 
95    72.063843607902527 49.278174310922623 -45.961898938439845  -177.524169921875         8 12 
96    95.772650361061096 -60.007935362322655 -11.382085382938385  -139.10513305664062         8 11 
97    -45.075900465250015 26.794313907623291 7.0839511156082153  -197.67527770996094         8 10 
98    4.7587428689002991 4.9510251879692078 7.65741366147995  -151.98915100097656         8 12 
99    -67.824124441688127 -94.325185867498249 -38.103235015380051  -272.96475219726562         8 10 
100    -99.970249086718468 77.718170762062073 98.863432884216309  -197.04359436035156         8 10 
101    31.235045790672302 -97.421940801781602 33.362355906283483  -177.96804809570312         8 11 
102    59.270649671554565 -99.999325186544709 67.8388918035198  -200.21524047851562         8 12 
103    -86.724017217755318 97.657137632369995 46.231414318084717  -283.49087524414062         8 11 
104    39.535000085830688 18.405615493655205 72.186089754104614  -183.99642944335938         8 10 
105    -75.140398095711134 43.560890778899193 -54.056503967614844  -286.23553466796875         8 10 
106    -99.996811786795945 6.9931848049163818 60.273366838693619  -142.53236389160156         8 13 
107    14.680631935596466 -93.071434811805375 39.518577859271318  -183.48861694335938         8 10 
108    99.899636030197144 99.996892809867859 -60.47924906374412  -237.46574401855469         8 10 
109    79.941166698932648 99.999274015426636 -27.257613956928253  -223.13331604003906         8 9 
110    99.809729099273682 80.426296651363373 81.399466037750244  -238.76942443847656         8 12 
111    96.707703351974487 13.370871007442474 -22.956944897940048  -146.22689819335938         8 12 
112    -99.997575717613515 -66.696445688856159 99.91152036190033  -240.35173034667969         8 11 
113    -27.470300748944283 -48.17520685843192 33.119914120063186  -217.01091003417969         8 10 
114    -55.070155234570848 91.888567328453064 68.133757710456848  -222.50755310058594         8 5 
115    99.432286739349365 65.657461881637573 -99.995631006646448  -228.53276062011719         8 10 
116    -96.927919003821444 47.5855872631073 -64.147118736989796  -242.59770202636719         8 7 
117    53.213346749544144 -99.419959793784074 16.746819771826267  -221.21688842773438         8 6 
118    2.5765116810798645 24.539136171340942 3.4851058125495911  -281.41744995117188         8 6 
119    -99.934901291271672 -28.919156908988953 10.863405460928334  -234.52517700195312         8 6 
120    -24.417875135550275 -49.602331303467508 63.004977415315807  -153.80136108398438         8 10 
121    99.997586965560913 86.053894907236099 99.643172860145569  -257.02474975585938         8 11 
122    55.460002183914185 -58.999490463287657 -55.433654627820943  -111.91279602050781         8 11 
123    -24.727362476289272 -64.549999315539026 24.344366710633039  -200.90608215332031         8 12 
124    -34.107911327620968 -45.181427404284477 14.524723913986236  -217.69427490234375         8 6 
125    7.3942599296569824 -16.942146956920624 -25.113955913766404  -94.155807495117188         8 11 
126    -96.847459204029292 -5.4785916712135077 47.380462527275085  -200.99971008300781         8 11 
127    -34.839520549401641 72.989326775074005 -53.490553504787385  -170.00430297851562         8 10 
128    -80.478707296773791 93.108871221542358 2.335766077041626  -183.28242492675781         8 13 
129    12.065083978697658 93.154275417327881 24.51814541220665  -206.37199401855469         8 6 
130    7.2399270534515381 -99.310736076057538 82.290414214134216  -146.97412109375         8 9 
131    -9.4478506743907928 78.010984987020493 -99.766563575831242  -200.68603515625         8 11 
132    53.011683477088809 -81.729629381879931 -12.548910787794739  -161.70770263671875         8 11 
133    -37.495215063914657 -26.122814655303955 18.095598518848419  -164.65621948242188         8 10 
134    4.1297098994255066 -0.41472995281219482 98.801366329193115  -139.79629516601562         8 9 
135    -44.429818488853925 -93.05026168031327 41.995608976110816  -166.75384521484375         8 7 
136    -35.262086421251297 23.84087347984314 -10.529848742298782  -106.61966705322266         8 10 
137    69.529636859893799 -76.806241780519485 -64.559417694807053  -167.35115051269531         8 7 
138    30.100274085998535 -20.8058140873909 -90.6586669229319  -178.6019287109375         8 8 
139    -61.386865568871144 -76.502754087618086 -45.702557472046465  -232.68922424316406         8 6 
140    -63.243292525410652 54.525504052639008 99.348073720932007  -164.84724426269531         8 10 
141    12.723461091518402 -28.752710610628128 -58.038357302546501  -156.29470825195312         8 9 
142    -60.396764725446701 58.414143264293671 40.70163357257843  -176.04542541503906         8 9 
143    99.511194109916687 62.180598095059395 36.943181803449988  -255.57022094726562         8 9 
144    65.86884593963623 -72.559915869496763 -91.296110356692225  -205.2664794921875         8 7 
145    99.976938366889954 68.047089993953705 99.996525406837463  -262.95791625976562         8 9 
146    -8.4524856247007847 -39.201733504422009 -56.516558345407248  -174.70069885253906         8 9 
147    81.867380261421204 24.865968503057957 99.914776206016541  -274.98190307617188         8 8 
148    -99.797472567297518 -1.8726938366889954 -99.684907030314207  -250.11476135253906         8 4 
149    81.320136189460754 -20.835775226354599 16.388008892536163  -152.22865295410156         8 12 
150    33.223728507757187 67.452491968870163 34.758334636688232  -197.35035705566406         8 11 
151    -53.062355235219002 -93.155522976536304 -8.1962391138076782  -191.05253601074219         8 10 
152    -56.678525187075138 -4.4859026819467545 -7.8097942471504211  -223.87167358398438         8 10 
153    -99.664320317689089 -19.174209758639336 -58.425109341573723  -254.9996337890625         8 11 
154    45.456515908241272 -79.830823265016079 -99.962405602634647  -218.57861328125         8 8 
155    -28.163711613975465 -20.240659892559052 63.330643624067307  -187.24720764160156         8 5 
156    49.54887580871582 23.231152310967445 99.950401782989502  -216.31466674804688         8 9 
157    -2.4024994566570967 -99.877041705651976 28.785761177539825  -214.68019104003906         8 8 
158    -63.167401701211929 -64.78862067422051 77.772651478648186  -215.164794921875         8 9 
159    -43.177026649937034 86.061650514602661 23.742994427680969  -185.77815246582031         8 13 
160    71.733720541000366 -0.047788321971893311 75.307805895805359  -219.24807739257812         8 8 
161    99.703520894050598 -38.748679752228782 -96.519008175004274  -211.66102600097656         8 11 
162    -38.680993884801865 -97.533719134051353 17.586338400840759  -152.63865661621094         8 11 
163    87.099900007247925 79.036511421203613 -7.4339512884616852  -240.78610229492188         8 6 
164    10.339034676551819 71.341693043708801 8.4601878523826599  -149.89015197753906         8 6 
165    36.853740572929382 -62.486863166093826 -99.999318042025465  -134.56494140625         8 7 
166    -85.306667724857107 23.367283463478088 -54.238360887975432  -192.14991760253906         8 9 
167    41.447951674461365 -19.754894316196442 34.238686947966926  -229.83676147460938         8 10 
168    -98.978721984473665 91.289465308189392 -55.312686835133292  -152.80302429199219         8 13 
169    -68.359111686702818 -99.233912102412432 28.691012173891068  -257.33355712890625         8 8 
170    20.822653412818909 12.979546129703522 5.0619360208511353  -170.66883850097656         8 6 
171    -55.419842281467936 -10.297065198421478 -44.25023016706109  -210.79327392578125         8 9 
172    -73.897738725645468 62.690051198005676 -46.789773250822336  -155.96476745605469         8 7 
173    67.928969167172909 -46.38238169066608 -12.574207963887602  -180.25712585449219         8 11 
174    99.999746322631836 -2.2305942177772522 52.646446943283081  -225.70663452148438         8 7 
175    -0.22163254022598267 47.239107728004456 -2.2399134635925293  -279.81695556640625         8 7 
176    54.697092413902283 99.986553192138672 8.0896995663642883  -257.4207763671875         8 5 
177    -99.98299461438728 -22.508470118045807 -99.825013461726485  -284.177734375         8 8 
178    -32.706216875463724 57.920924544334412 75.578087210655212  -272.97348022460938         8 7 
179    -30.483838081359863 57.680782794952393 99.999776601791382  -176.42994689941406         8 12 
180    -46.19913586974144 15.364546239376068 62.072592377662659  -228.62799072265625         8 6 
181    51.98442804813385 -0.56704085320234299 80.989560484886169  -207.18817138671875         8 6 
182    -99.999987973640884 -76.934402536600828 -39.997300803661346  -290.76602172851562         8 11 
183    4.6549510955810547 -72.012672421056777 50.187865952102584  -194.73184204101562         8 9 
184    29.841379642486572 30.837684154510498 -9.0808069407939911  -156.52166748046875         8 10 
185    68.505159378051758 71.700334548950195 -37.992383752018213  -235.09921264648438         8 8 
186    2.7865751581266522 26.477304458618164 -99.73943860392319  -209.07777404785156         8 5 
187    -65.991073548999566 60.434664838016033 -28.539933909196407  -115.67732238769531         8 6 
188    40.294549345970154 24.60531759262085 -22.951237589120865  -185.12477111816406         8 7 
189    10.946353882551193 -99.162651657561952 -97.125713394023478  -175.72525024414062         8 10 
190    -73.981341890990734 -99.950330948602641 58.193674456328154  -248.77017211914062         8 11 
191    -55.997607417404652 97.527503609657288 -9.178310215473175  -199.66368103027344         8 9 
192    -58.663301020860672 36.241714537143707 -63.896741583943367  -194.47396850585938         8 9 
193    -25.626445289002731 -22.414055740460753 -3.6941905617713928  -226.86479187011719         8 10 
194    -29.085169489495456 -87.329739498418348 -57.236558036413044  -209.70974731445312         8 9 
195    -47.764277494745329 -9.0660818815231323 73.670640230178833  -200.40409851074219         8 7 
196    -99.97043850176442 -13.786606073379517 -36.102416567316212  -250.69281005859375         8 10 
197    -58.686009810407995 -25.287875488866121 28.019228309392929  -229.765869140625         8 9 
198    23.386151552200317 56.459325313568115 2.4216337203979492  -130.88763427734375         8 6 
199    -18.700911141932011 63.310777068138123 6.658601388335228  -187.94071960449219         8 6 
200    36.411276817321777 -2.2447260320186615 61.475191056728363  -167.48847961425781         8 9 
201    74.922106981277466 -94.015375926982543 74.482928901910782  -158.13758850097656         8 9 
202    -35.790264575276524 -70.00233583082445 -41.038461241871119  -245.71733093261719         8 12 
203    -70.518870994448662 -6.858569860458374 28.425939813430887  -159.39236450195312         8 11 
204    -16.033512784633785 -77.564249508082867 -9.3742390871047974  -206.28819274902344         8 9 
205    18.800847411155701 -99.984045399127353 7.6762179620563984  -125.56855010986328         8 9 
206    -34.769868714734912 35.741721749305725 77.468353271484375  -158.43325805664062         8 6 
207    99.998344659805298 -19.228425204753876 -57.432246709242463  -142.84855651855469         8 11 
208    20.098578214645386 -99.967806185712107 56.068631529808044  -130.07069396972656         8 7 
209    9.70792874135077 99.999612092971802 -58.559147333176952  -156.52281188964844         8 9 
210    -12.882393986888928 60.782842668239027 -95.442434446420521  -182.99189758300781         8 7 
211    23.01732736825943 64.671598434448242 95.960352182388306  -189.05404663085938         8 11 
212    41.785829186439514 -28.758753269910812 99.986842513084412  -200.60678100585938         8 9 
213    -87.120439123362303 78.980300307273865 60.454087018966675  -189.179443359375         8 8 
214    95.411535978317261 -8.2137166857719421 73.029091753065586  -226.42591857910156         8 8 
215    46.564634203910828 -17.885604619979858 -33.543586373329163  -257.52487182617188         8 10 
216    87.701962471008301 -53.903591546913958 -83.630899713840336  -189.70970153808594         8 7 
217    -99.995633252212841 -55.249693095684052 76.353156805038452  -267.689697265625         8 9 
218    -37.555531468242407 -99.078084706986175 -99.803183914045803  -212.84513854980469         8 9 
219    9.7661002278327942 66.271246314048767 -75.573458692892928  -178.34664916992188         8 5 
220    12.397497862577438 -28.705243498086929 69.453324019908905  -135.60165405273438         8 10 
221    97.88590669631958 99.966022253036499 -25.389704164117575  -251.07295227050781         8 5 
222    -46.282155752182007 47.588798880577087 -0.22013172507286072  -132.16409301757812         8 8 
223    -99.96888429469891 -79.019384749858318 58.27481924649328  -256.25067138671875         8 10 
224    -26.318950306624174 -72.262809825580007 -77.391172375997485  -203.99703979492188         8 9 
225    -81.936618920066394 -7.7630940079689026 -82.489096742123365  -254.3211669921875         8 8 
226    -17.859299680218101 67.464258968830109 -77.643652260303497  -161.65658569335938         8 5 
227    21.199289202690125 99.943796873092651 -78.722494840621948  -168.99433898925781         8 5 
228    -86.391636997461319 9.7868080139160156 10.904908776283264  -237.30760192871094         8 6 
229    19.747475624084473 48.57553243637085 -67.449559533211868  -101.66232299804688         8 7 
230    -38.95576856180196 -18.571123719215393 -59.434155693743378  -160.33004760742188         8 7 
231    83.992792427539825 -99.811796564033557 19.377277851104736  -185.26132202148438         8 9 
232    29.105872631072998 -1.5425680074840784 -64.774091140956443  -118.29994964599609         8 11 
233    -38.377673603594303 -16.658359229564667 90.540645360946655  -211.57704162597656         8 9 
234    -29.738462442532182 77.609297305345535 92.716997265815735  -154.69453430175781         8 8 
235    19.823952913284302 77.996187686920166 -8.3252589106559753  -119.03411865234375         8 10 
236    -51.060279420373263 -49.087605230510235 -99.857312405947596  -212.14326477050781         8 3 
237    -39.617783609821345 2.7476504147052765 -50.648625189438462  -220.26243591308594         8 6 
238    -22.779971390962601 37.672963857650757 0.56834971904754639  -221.19271850585938         8 9 
239    -42.125619743019342 31.573237374424934 -37.569442868232727  -131.35179138183594         8 7 
240    -40.733511581551284 5.614932656288147 -4.318116307258606  -154.93339538574219         8 6 
241    74.216451168060303 59.79006826877594 -86.450908943136369  -213.0101318359375         8 9 
242    20.884197533130646 11.658477246761322 65.169607758522034  -132.80323791503906         8 7 
243    63.577954053878784 -9.261188343167305 -46.029219023650512  -171.39837646484375         8 11 
244    -56.096456359140575 99.9902024269104 41.516817444819026  -220.53594970703125         8 11 
245    32.773048043251038 -42.876944169169292 28.699815273284912  -64.573089599609375         8 9 
246    57.09579986333847 -5.376999706029892 -66.190789077547379  -168.97026062011719         8 11 
247    -99.756540116250108 -8.7272823825478554 99.996229290962219  -228.33489990234375         8 4 
248    85.035998642444611 -35.717309296131134 62.759475529193878  -163.7467041015625         8 9 
249    30.874475359916687 -51.616780201031361 45.71404966711998  -112.34409332275391         8 11 
250    8.1748213768005371 34.14094614982605 -73.484975725412369  -138.8406982421875         8 11 
251    98.5576251745224 34.672527074813843 -11.917579650878906  -234.42167663574219         8 13 
252    50.974683582782745 -99.540179922303651 -56.634510508404674  -217.54660034179688         8 10 
253    -82.972004384559114 -26.081124112010002 20.098278630524874  -290.49465942382812         8 12 
254    37.906699061393738 -49.994538287596924 -62.214417405930135  -214.00373840332031         8 9 
255    -2.2176660597324371 67.942750453948975 -18.618848979473114  -231.32917785644531         8 7 
256    18.466683685779572 -59.947321390473007 -4.74930340051651  -133.20394897460938         8 10 
257    -3.5285477098077536 80.61991024017334 63.354000091552734  -259.39727783203125         8 3 
258    -12.368532255291939 67.482091665267944 50.942196100950241  -230.79737854003906         8 7 
259    -47.470959316939116 -81.267458438873291 87.10691499710083  -168.95976257324219         8 9 
260    35.28803962469101 -35.089865006622858 -51.656113527715206  -114.47510528564453         8 7 
261    10.60580125451088 8.4124032258987427 29.142430067062378  -251.76608276367188         8 10 
262    17.996950447559357 96.207409143447876 -18.814951688051224  -131.41046142578125         8 11 
263    25.083755791187286 -80.860598644241691 -94.790700703859329  -177.56864929199219         8 13 
264    76.445042312145233 -29.312175191938877 -82.584991946816444  -178.60791015625         8 4 
265    -91.512645582202822 62.136602401733398 24.868191143619185  -198.99893188476562         8 6 
266    31.411683559417725 29.290771901607513 31.102901101112366  -181.05195617675781         8 7 
267    -99.989118749630506 1.5490429382771254 2.3712560720741749  -223.17185974121094         8 6 
268    39.42568564414978 15.331343352794647 -74.740672031068243  -164.71054077148438         8 8 
269    -37.473143719136715 19.759650707244873 99.999694108963013  -153.80934143066406         8 7 
270    81.918835401535034 22.524083953350782 68.940058827400208  -249.28477478027344         8 8 
271    -77.752252005040646 -59.382885136044933 15.199444055557251  -223.81986999511719         8 9 
272    17.595662951469421 11.664327815175056 -49.900798067450523  -215.52867126464844         8 10 
273    -33.739438757300377 93.154275417327881 -64.955991864204407  -187.64097595214844         8 5 
274    80.726646542549133 46.97753119468689 -99.986981538713735  -200.14581298828125         8 11 
275    -42.685117368411738 20.632839605212212 -63.862541132140905  -214.84579467773438         8 9 
276    31.401864171028137 16.771111786365509 -38.069247379899025  -127.76954650878906         8 6 
277    -99.953221032948932 -99.854971310996916 9.4305893778800964  -251.59432983398438         8 9 
278    88.530210375785828 60.909410357475281 -65.342672754377162  -186.93782043457031         8 11 
279    -0.47993940114974976 -54.814135322521906 -29.981235190643929  -242.22967529296875         8 9 
280    -49.782495647668839 -99.995841118258951 99.70729923248291  -231.24972534179688         8 5 
281    13.521460592746735 -77.997373740269012 86.483155608177185  -93.991035461425781         8 7 
282    -2.1673975586891174 -42.380800738930702 65.447903513908386  -240.09785461425781         8 8 
283    75.781155586242676 -99.858863616827875 51.355247180908918  -131.25015258789062         8 8 
284    -7.5043916702270508 0.19713526964187622 25.54177314043045  -193.22816467285156         8 8 
285    -41.315460660174722 54.965391725301743 -63.346148807089776  -186.33944702148438         8 8 
286    -62.761684269113857 -65.197080086916685 24.993059873580933  -221.60043334960938         8 11 
287    -9.0830761985853314 -98.2838331076657 -98.033977275714278  -205.07771301269531         8 9 
288    99.851263761520386 67.067974656820297 68.156608734279871  -252.37747192382812         8 12 
289    -22.284242875874043 99.872148036956787 54.206505060195923  -249.73211669921875         8 5 
290    56.558104515075684 91.168758869171143 -99.972967515862791  -283.29879760742188         8 11 
291    89.921648740768433 -99.998765546162986 -99.990100573988457  -173.81361389160156         8 5 
292    33.703715205192566 34.461431622505188 -68.899254605174065  -138.48291015625         8 13 
293    -23.371332854032516 -26.601182617247105 81.831679821014404  -290.0491943359375         8 10 
294    -76.364428386092186 70.062544465065002 99.757806062698364  -170.57241821289062         8 9 
295    -99.97714230848942 56.732892990112305 99.993513464927673  -278.68011474609375         8 1 
296    98.911589384078979 -43.410675744526088 83.655079245567322  -147.05198669433594         8 6 
297    -51.767450382001698 99.140922665596008 -27.227106781676412  -184.97984313964844         8 7 
298    -13.002728432416916 15.623016834259033 17.727073192596436  -156.58265686035156         8 6 
299    -36.516833245754242 86.741945743560791 45.943511426448822  -193.25404357910156         8 13 
300    0.77027434110641479 -40.462160143419169 1.9788986444473267  -165.88499450683594         8 9 
301    -48.301045347005129 74.620771169662476 9.9312775731086731  -134.51676940917969         8 7 
302    -47.679843325749971 -27.79902571439743 -99.857312405947596  -190.51705932617188         8 2 
303    -81.21681294175869 47.841811537742615 51.088147401809692  -207.4986572265625         8 10 
304    -83.458592564566061 67.586394485086203 -14.764047950198737  -150.34013366699219         8 8 
305    -28.519062124192715 -0.97170823812484741 56.288352131843567  -135.08230590820312         8 5 
306    6.0902614593505859 -67.945664451312041 99.762596249580383  -135.69332885742188         8 7 
307    51.98442804813385 -40.671349301934242 80.989560484886169  -246.29176330566406         8 5 
308    -13.578445844352245 84.694895386695862 99.99996280670166  -243.21467590332031         8 11 
309    -85.692202053964138 74.485960900783539 82.350021004676819  -184.12591552734375         8 9 
310    29.79945981502533 -43.175604216754436 -99.863506451463849  -132.36061096191406         8 8 
311    77.352751135826111 -80.046818536959108 -32.388105522841215  -111.30229949951172         8 6 
312    -94.334569303784519 70.621711254119873 41.620494902133942  -131.17221069335938         8 7 
313    -99.934901291271672 -3.5266260504722595 -72.424850612645969  -231.29888916015625         8 4 
314    99.919657111167908 -1.2728987336158752 -82.659998230531755  -112.99066925048828         8 11 
315    -63.845601089298725 -66.697399641387165 46.453040577471256  -187.60719299316406         8 8 
316    7.3351231813430786 -26.95106502994895 -8.9115946292877197  -131.12455749511719         8 9 
317    99.879789352416992 80.090321183204651 26.275436401367188  -230.40841674804688         8 12 
318    47.882642269134521 -63.087945617735386 81.520305633544922  -136.68034362792969         8 11 
319    0.28831613063812256 -1.6561586260795593 -62.181317801587284  -162.38945007324219         8 9 
320    -26.273636764846742 -32.306994174607098 48.237426586449146  -238.56210327148438         8 5 
321    -4.7079282402992249 99.985031366348267 -99.973892984360091  -275.3671875         8 12 
322    0.7897496223449707 -4.4358646273612976 -39.710182759910822  -144.26490783691406         8 9 
323    -59.247813045978546 -5.6468218564987183 95.038289666175842  -129.93180847167969         8 7 
324    -9.472518116235733 -89.415580314700492 -36.569938086089678  -181.90711975097656         8 11 
325    -19.463535059243441 90.618048429489136 -75.674854510463774  -191.82432556152344         8 9 
326    23.13917875289917 -26.963714663404971 -35.303467512130737  -128.06315612792969         8 2 
327    -38.338884881231934 99.993256807327271 72.030631899833679  -212.17103576660156         8 9 
328    -67.319115303456783 -7.7566661238670349 -22.108795095235109  -178.98545837402344         8 10 
329    -10.057116441428661 19.042487636208534 -52.309616684913635  -235.17402648925781         8 9 
330    -99.999855161480795 80.813391029834747 -22.126307174563408  -146.10658264160156         8 10 
331    62.822702646255493 93.35606586933136 -60.758257185574621  -224.51994323730469         8 12 
332    88.171607851982117 3.8662590384483337 -49.733246952295303  -196.23466491699219         8 12 
333    -99.851720464372193 -51.426396925937979 -25.451535251864698  -217.78700256347656         8 7 
334    55.501088619232178 49.03433158993721 90.207271456718445  -251.03091430664062         8 7 
335    -84.15106618963182 86.847530603408813 99.999933481216431  -257.06097412109375         8 6 
336    -18.702164747752249 82.078390002250671 -0.69320279359817505  -213.42521667480469         8 5 
337    -77.255170047283173 32.909792900085449 73.464259743690491  -225.36146545410156         8 5 
338    22.24086856842041 38.411807060241699 7.9350757598876953  -89.038551330566406         8 7 
339    79.002957463264465 -74.071393045596778 18.380936063360423  -177.97306823730469         8 7 
340    -88.824736580252647 -67.125687581903094 66.454292941838503  -274.288818359375         8 9 
341    -28.911820571956923 77.899785488843918 -99.909090953908162  -177.62028503417969         8 9 
342    -99.99357900549019 12.335191339254379 -17.210603284227545  -162.29023742675781         8 12 
343    20.808962643146515 24.423384070396423 -87.324506404635031  -115.93897247314453         8 9 
344    99.983306050300598 73.253831267356873 -81.372851377744311  -243.62786865234375         8 8 
345    -78.862321006134152 60.525105237960815 67.843390822410583  -256.23095703125         8 8 
346    -69.287757473997772 -34.281052323058248 -1.3736590147018433  -230.8878173828125         8 4 
347    53.773099601268768 -8.103859543800354 40.583696912974119  -183.72611999511719         8 10 
348    -59.363581169396639 61.647220969200134 17.451574712991714  -101.03072357177734         8 6 
349    -51.384976169618312 -42.094211012125015 -79.516055775573477  -213.56689453125         8 3 
350    26.888935156166553 72.105309158563614 -77.734290051797871  -208.57125854492188         8 7 
351    6.6643913984298706 -55.778501757975391 12.221044912934303  -124.86720275878906         8 9 
352    18.744915261864662 82.574583530426025 -59.272991163656116  -196.8092041015625         8 10 
353    -99.990920425625518 68.029189109802246 68.774449825286865  -188.64419555664062         8 0 
354    -49.90411426872015 -48.986235264645074 70.441016137599945  -201.26246643066406         8 9 
355    -38.305039405822754 65.250001311302185 56.210375189781189  -162.60031127929688         8 8 
356    -54.113420449197292 -54.44717963039875 -21.62045630812645  -247.49813842773438         8 9 
357    -75.106707535043824 -1.1244224917898009 -99.954368502949364  -172.75759887695312         8 5 
358    -5.2573837526142597 -21.543730379111366 -99.94246462477895  -158.341796875         8 9 
359    -44.960105419158936 -3.2688345909118652 -22.334037736058235  -254.13059997558594         8 8 
360    36.626831293106079 99.592087268829346 -19.970601797103882  -214.072509765625         8 4 
361    -11.792382422834635 -71.205026777461171 59.545770101249218  -176.67768859863281         8 10 
362    13.34063321352005 72.774787306785583 30.250155329704285  -206.67469787597656         8 6 
363    -61.809896349906921 16.950213432312012 98.664603710174561  -210.79010009765625         8 6 
364    -79.427581384778023 71.700334548950195 13.488962233066559  -167.73170471191406         8 7 
365    89.576960802078247 -99.542458405252546 -24.617588783651854  -131.46347045898438         8 8 
366    -25.862688133696793 -45.223827466368675 -57.152056949722464  -192.24958801269531         8 8 
367    -44.664160094223917 -30.627309858798981 -43.315593633800745  -191.87393188476562         8 9 
368    -78.216998279094696 -2.9393029510974884 -49.052875366527587  -207.98089599609375         8 9 
369    77.48504900932312 33.641610980033875 -8.9602556228637695  -214.804931640625         8 12 
370    99.767514109611511 74.052328258752823 -35.995535209774971  -220.85125732421875         8 10 
371    -14.753318247385323 -27.029789194464684 -21.47326666576555  -299.636962890625         8 10 
372    -9.9158048741519451 -98.756787087768316 75.81397533416748  -202.27294921875         8 7 
373    -77.709682285785675 -12.851850479841232 99.958322048187256  -148.54350280761719         8 7 
374    -6.0986202359199524 18.652060210704803 99.920662999153137  -301.44607543945312         8 10 
375    -11.242107719182968 -20.883413225412369 -38.929874282679521  -271.70989990234375         8 8 
376    51.370565593242645 55.221715450286865 -48.75689040008001  -218.22900390625         8 10 
377    -35.60532905250875 -98.673557486792561 -5.6096030361950397  -191.83644104003906         8 11 
378    -29.054840728640556 -57.974975883960724 -23.108029827475548  -172.74116516113281         8 7 
379    -49.042409673333168 23.364493727684021 78.482707500457764  -152.5904541015625         8 8 
380    75.910919189453125 23.87547492980957 -32.186958130332641  -213.75077819824219         8 11 
381    89.744166553020477 -77.918650279076076 69.902383029460907  -146.73390197753906         8 7 
382    -99.947856881927692 29.505392961204052 -64.140192690783721  -193.56338500976562         8 9 
383    -99.377978080883622 -25.799143850803375 -80.393367603421211  -273.28073120117188         8 2 
384    23.606404662132263 -21.195250277174637 -14.141812087036669  -150.96243286132812         8 10 
385    61.745830655097961 65.842910051345825 71.190641313791275  -243.90460205078125         8 12 
386    99.990566253662109 85.055136799812317 48.211721688508987  -254.29556274414062         8 10 
387    -82.381892010569572 12.471791088581085 32.229740539914928  -187.50840759277344         8 10 
388    -78.616117324214429 95.432708859443665 22.356595873832703  -202.79562377929688         8 12 
389    73.425061941146851 -53.14700205167901 -66.721554636955261  -162.45783996582031         8 5 
390    87.91966438293457 -35.950907301157713 -33.266621891409159  -135.15492248535156         8 5 
391    81.271600842475891 54.995431423187256 -26.25472617149353  -237.33303833007812         8 7 
392    75.105287194252014 48.540360569953918 57.421884179115295  -251.58184814453125         8 9 
393    -76.880957186222076 -67.480333197572691 -59.045342688374092  -267.54339599609375         8 7 
394    82.17083215713501 -24.913029655814171 -48.572735637426376  -115.53341674804688         8 6 
395    -27.480253547430038 13.384530484676361 -38.108294919133186  -87.802787780761719         8 7 
396    -7.0886355936527252 -58.999490463287657 24.469376616179943  -128.22825622558594         8 8 
397    72.603431895375252 99.999975204467773 78.915733993053436  -256.66787719726562         8 7 
398    3.0467180609703064 -99.761955458379816 -77.028220527070516  -172.75248718261719         8 9 
399    82.585206985473633 37.906920418143272 12.689127249643207  -194.31805419921875         8 11 
400    56.604623019695282 50.936990439891815 -18.485179270617664  -204.90090942382812         8 6 
401    7.4357132911682129 -6.5720620246138424 -99.902784309678282  -161.89706420898438         8 13 
402    86.01456880569458 19.105139672756195 -84.940662324166624  -151.18013000488281         8 4 
403    82.17083215713501 -23.057614028453827 47.217947721481323  -165.87767028808594         8 5 
404    16.94444328546524 99.570108413696289 59.161271892488003  -176.02204895019531         8 8 
405    57.433526396751404 -99.99996716186719 89.625723719596863  -230.9879150390625         8 11 
406    72.227080583572388 4.0946398973464966 -59.648275636136532  -139.21122741699219         8 12 
407    56.157711520791054 -39.220424846804235 49.221530258655548  -172.50141906738281         8 11 
408    -21.592105880379677 22.449684143066406 37.74660062789917  -360.35272216796875         8 9 
409    67.770252823829651 99.054885983467102 99.972271919250488  -286.27444458007812         8 7 
410    45.100038528442383 48.541516065597534 -76.492102977819741  -195.54788208007812         8 6 
411    -98.756020408589393 71.700334548950195 -99.479677229337085  -229.1107177734375         8 6 
412    89.350024938583374 41.982937894761562 -54.391688648114581  -199.00227355957031         8 9 
413    75.879175782203674 99.98537015914917 -78.688839304694156  -224.49504089355469         8 8 
414    11.900288224220276 -9.9858694784343243 23.122040867805481  -94.451263427734375         8 8 
415    50.705404877662659 -3.84869384765625 -6.4117952585220337  -205.66465759277344         8 10 
416    -99.868602032278432 -36.963436820219385 30.471428427379578  -264.35171508789062         8 11 
417    90.55310070514679 -57.605511923204176 73.728408098220825  -170.36703491210938         8 8 
418    -26.080432899296284 -0.030056536197662354 -18.672017470002174  -138.53822326660156         8 8 
419    27.911994099617004 -99.90113698533969 81.193562209606171  -109.08206939697266         8 8 
420    81.426071643829346 57.326312065124512 -7.7136754393577576  -233.21041870117188         8 6 
421    32.82439985871315 49.783365964889526 -14.309224314987659  -201.08320617675781         8 9 
422    -7.0937998592853546 -41.091898590326309 46.064753986895084  -156.42214965820312         8 7 
423    -78.473502992652357 75.081334233283997 -32.965672733495012  -174.45944213867188         8 8 
424    70.615210823714733 -32.382620421238244 -27.965630382765085  -206.02999877929688         8 10 
425    -84.420446559786797 -44.579162828624249 79.983173608779907  -287.14712524414062         8 10 
426    84.149231791496277 -79.899304943729646 99.04939866065979  -225.68617248535156         8 8 
427    -47.679843325749971 -76.939584314823151 -99.857312405947596  -249.06639099121094         8 1 
428    -43.916317786788568 62.444616317749023 -30.582312028622255  -162.50192260742188         8 6 
429    -16.539064895361662 11.146217942237854 78.500771999359131  -228.09381103515625         8 9 
430    68.569979071617126 70.712914735078812 -99.929964313650999  -254.07382202148438         8 8 
431    51.98442804813385 33.88383287191391 79.067008376121521  -256.37942504882812         8 5 
432    84.521734356880188 -40.487900629639626 26.79430302977562  -166.05278015136719         8 7 
433    19.953851640224457 -29.082352548837662 22.322988867759705  -121.18262481689453         8 13 
434    -53.222236931324005 -99.990920425625518 76.888294041156769  -229.80253601074219         8 4 
435    20.898374915122986 -45.140195794403553 -20.087111264467239  -101.84075164794922         8 9 
436    79.880318343639374 -61.606746247038245 -31.58412908797618  -203.5703125         8 6 
437    -62.072126977145672 -74.253681652543719 99.992522835731506  -170.54762268066406         8 8 
438    20.356269359588623 -1.8355522304773331 -82.646945044398308  -145.68394470214844         8 6 
439    41.024446189403534 -99.985882239701823 68.817141514271498  -219.69190979003906         8 11 
440    -99.999780591565795 -99.999956487327651 31.61885514203459  -295.63510131835938         8 10 
441    37.593711256980896 11.11554042994976 -99.963237041988378  -129.67779541015625         8 7 
442    82.096250116825104 -98.53471415117383 -81.686104807174388  -173.54289245605469         8 6 
443    -8.1989886313676834 59.113068878650665 99.994705677032471  -171.13026428222656         8 12 
444    -99.990750422584824 32.349956029793248 20.286819815635681  -214.45184326171875         8 6 
445    -10.199812024831772 -19.844369858503342 42.612492561340332  -193.2880859375         8 9 
446    -85.863377989153378 50.826991200447083 81.619758248329163  -230.60182189941406         8 9 
447    -65.48206796660088 42.159068470820785 8.7504195765359327  -192.77323913574219         8 8 
448    -48.11485571776484 -99.750794452033006 -46.784902129889815  -221.29364013671875         8 12 
449    34.500622749328613 -58.485096260905266 99.745792627334595  -113.06307220458984         8 5 
450    3.0358193516731262 19.46576464176178 62.47697913646698  -147.62135314941406         8 8 
451    -6.1853234767913818 -15.109500348567963 -5.9784106761217117  -211.11763000488281         8 7 
452    46.246442914009094 -50.349047780036926 15.663975834846497  -129.32769775390625         8 5 
453    -88.1856517882552 73.80957442522049 -79.19868956040591  -190.56278991699219         8 5 
454    -99.681810266338289 62.136602401733398 -29.710936650694883  -244.81027221679688         8 4 
455    -56.867816832382232 7.1134687159210443 -53.687201578170061  -147.36064147949219         8 7 
456    -78.156316883862019 77.092435419559479 34.089574754238129  -150.43763732910156         8 8 
457    25.69801664352417 98.250951647758484 97.820546388626099  -193.2890625         8 6 
458    -0.75178113579750061 -99.997925786879733 99.978960752487183  -174.17535400390625         8 7 
459    -60.420441454276443 24.861192226409912 54.478353977203369  -238.6502685546875         8 8 
460    63.562322318553925 99.961745738983154 -13.658969214651734  -279.72515869140625         8 6 
461    99.993435621261597 55.827436357736588 53.958571910858154  -250.06048583984375         8 11 
462    67.533410549163818 -47.196522790938616 69.227802753448486  -275.21124267578125         8 6 
463    -68.747166901826859 17.645639955997467 68.84808087348938  -183.09170532226562         8 4 
464    -55.180551327619469 -18.31481721997261 11.409857273101807  -231.50157165527344         8 7 
465    -99.999237003118537 45.720597267150879 36.6415243614465  -233.18812561035156         8 9 
466    8.8810446262359619 -24.202980101108551 99.799221396446228  -142.947509765625         8 11 
467    80.776678204536438 99.985742568969727 18.151836812496185  -245.34785461425781         8 3 
468    47.488677501678467 -60.002399885241175 -32.398957252502441  -82.361526489257812         8 11 
469    -79.85309610015247 98.384546995162964 -75.40966384857893  -268.130859375         8 12 
470    28.367477178573608 -22.898532275110483 -65.19656533934176  -103.271484375         8 10 
471    28.826036274433136 -99.453350280178711 -99.696868492257636  -191.07867431640625         8 9 
472    -98.670918516931124 -0.081590376794338226 24.71979832649231  -223.36848449707031         8 10 
473    -39.039412021636963 33.070923357270658 57.598882794380188  -207.66021728515625         8 7 
474    37.9981290102005 9.0446970462799072 97.722153544425964  -150.56468200683594         8 8 
475    7.1911685466766357 -13.037135720252991 81.03126335144043  -132.03799438476562         8 7 
476    93.982306480407715 -99.279545846045949 -43.430497098248452  -144.67210388183594         8 7 
477    91.951507568359375 -99.918913771398365 74.812930345535278  -145.79866027832031         8 7 
478    23.13917875289917 -3.989895224571228 -35.303467512130737  -244.6981201171875         8 1 
479    -12.850198857253417 79.601346582174301 -33.470813974126941  -167.28225708007812         8 8 
480    4.362596333026886 -81.690076884525197 -99.994431962135423  -164.49542236328125         8 10 
481    -99.943995174849988 -60.826427290216088 -8.1740464270114899  -253.80598449707031         8 10 
482    -98.76619279384613 -58.466513089253567 -44.827341213822365  -258.84127807617188         8 8 
483    97.704466700553894 -20.988974779844284 -76.408689927309752  -151.82640075683594         8 10 
484    42.429946303367615 36.326672155410051 18.285312745720148  -252.78292846679688         8 8 
485    -17.115548942470923 -98.698460401850753 -12.300960971042514  -240.40695190429688         8 10 
486    -99.650750264484032 -78.349498948082328 2.5255704522132874  -259.14947509765625         8 9 
487    -80.81695801008027 81.665210053324699 -99.990565520391101  -217.48255920410156         8 5 
488    -74.62113237939775 -51.897515997290611 38.818021392449737  -229.95698547363281         8 7 
489    -25.506032815577782 -86.633587092161179 10.552280485630035  -215.39299011230469         8 11 
490    22.198942422866821 -99.843720771023072 -81.686029673019476  -175.19085693359375         8 6 
491    79.366158485412598 99.524962902069092 -4.195429265499115  -238.36163330078125         8 2 
492    98.592345237731934 54.996298909187317 12.622368276119232  -253.89942932128906         8 11 
493    -84.197678038479296 -44.930209502577782 24.489798810333014  -248.70872497558594         8 12 
494    -82.312554926378652 -57.633419919118751 -99.965326813238107  -232.31684875488281         8 6 
495    99.996416330337524 -19.884494036901742 -11.781964361667633  -222.291015625         8 8 
496    32.089745581150055 70.0052170753479 69.475988447666168  -225.19705200195312         8 11 
497    -79.69287240318954 -99.748429955565371 80.138253390789032  -275.55813598632812         8 8 
498    -99.9714023724664 -20.791344106197357 62.346323937177658  -215.33688354492188         8 2 
499    52.13160252571106 4.3134601712226868 26.379550576210022  -156.8154296875         8 7 
500    52.730553507804871 -43.507583633065224 99.984884262084961  -156.56349182128906         8 7 
501    -98.778182429296066 19.46576464176178 80.700673699378967  -236.2301025390625         8 7 
502    -32.196556627750397 17.587841868400574 23.706911206245422  -161.0318603515625         8 6 
503    22.471757829189301 -99.956209053008934 -13.515022460371256  -167.34283447265625         8 8 
504    18.093777298927307 18.213613927364349 -68.784412272274494  -144.14248657226562         8 10 
505    -51.613671869039536 22.374951541423798 -81.689129963517189  -216.51448059082031         8 6 
506    98.646714925765991 -28.147636294364929 28.9658581353724  -195.37481689453125         8 9 
507    99.98467755317688 99.819584608078003 13.204086720943451  -224.00897216796875         8 5 
508    -70.908054709434509 -99.999512671587127 99.999742746353149  -309.6171875         8 3 
509    -95.788049853974371 -7.0288879530307895 -18.687463077905704  -214.09896850585938         8 6 
510    46.734270185232162 -99.991912555345607 43.635538153350353  -230.01254272460938         8 9 
511    1.6979925632476807 -91.264583464217139 -6.1332726180553436  -133.84310913085938         8 6 
512    -80.001510679721832 5.0843199491500854 93.86500358581543  -152.25363159179688         8 5 
513    -81.335819408297539 -97.078043862711638 -3.5753961205482483  -256.65966796875         8 10 
514    99.049127817153931 97.719860076904297 32.404486924409866  -250.89115905761719         8 3 
515    -30.023676607757807 -47.634547305613523 82.390974283218384  -159.03598022460938         8 10 
516    -59.31821957975626 62.136602401733398 -62.241391723742709  -166.62214660644531         8 4 
517    9.2146540284156799 -10.289330720901489 56.025938749313354  -128.56405639648438         8 9 
518    31.820422649383545 11.26776647567749 42.332529187202454  -103.59104156494141         8 6 
519    -52.946551337838173 -25.594665139913559 99.599209427833557  -139.75643920898438         8 9 
520    82.17083215713501 2.2354628443717957 7.6264164447784424  -216.84934997558594         8 4 
521    45.279473781585693 99.996492624282837 99.974652528762817  -252.44024658203125         8 5 
522    61.457137107849121 -19.644734352827072 59.315361022949219  -172.63212585449219         8 6 
523    4.9920194214209914 -47.653029337525368 99.914836406707764  -308.11483764648438         8 8 
524    61.630385518074036 -76.911103957797025 40.183142848312855  -153.22434997558594         8 9 
525    99.994503498077393 15.599714607000351 81.189482927322388  -203.03057861328125         8 5 
526    44.675995707511902 -26.436931755393744 2.4661643505096436  -171.67942810058594         8 8 
527    -99.798772996291518 48.939829975366592 8.8277184739417862  -218.95719909667969         8 10 
528    -45.476043074583686 -99.999384907985188 -66.944105186703382  -219.5032958984375         8 11 
529    55.04512882232666 2.5983427762985229 -34.740428149700165  -122.83904266357422         8 11 
530    47.488677501678467 31.789052426815033 -48.631706070154905  -208.08854675292969         8 5 
531    22.108330070972443 -58.999490463287657 74.030822277069092  -109.71432495117188         8 6 
532    -19.222299348562956 -56.524042225908488 4.4832439422607422  -195.10336303710938         8 11 
533    -46.343962197424844 44.380587220191956 99.034493088722229  -117.28347015380859         8 4 
534    -71.047473425045609 -24.787019908428192 84.12201464176178  -196.15272521972656         8 10 
535    -99.998520287769395 -48.65052057130157 -99.996087524588418  -241.4769287109375         8 6 
536    -28.760987179304124 -99.95384126526551 66.006085395812988  -220.99288940429688         8 7 
537    -61.699392855167389 60.77361923456192 -2.8589636385440826  -154.17420959472656         8 9 
538    81.369591593742371 96.939277648925781 -61.644320771098137  -246.54518127441406         8 6 
539    21.34141606092453 99.722824931144714 79.381977677345276  -164.63034057617188         8 7 
540    99.757297277450562 -84.244048579105083 -57.470963299798314  -212.60113525390625         8 5 
541    54.629090309143066 59.526551723480225 -93.787824334178367  -191.394287109375         8 5 
542    -99.799526720191352 48.39702183008194 -13.598767560280976  -241.30513000488281         8 9 
543    71.895931482315063 -99.958775706825691 -99.981092289246249  -234.78340148925781         8 8 
544    -57.638547191207181 -22.207343578338623 -66.703524390002713  -226.42195129394531         8 2 
545    99.999818325042725 -38.651646170765162 -9.4498803429305553  -142.34963989257812         8 9 
546    -99.997722418954694 96.237217426300049 99.996132850646973  -244.35383605957031         8 14 
547    -75.965126100927591 29.877482295036316 99.273037910461426  -223.96304321289062         8 3 
548    27.363484859466553 55.086685061454773 20.737450838088989  -183.05557250976562         8 6 
549    -35.757144353352487 4.8078405261039734 -70.992493750527501  -194.49467468261719         8 6 
550    4.1542841792106628 -73.725233809775091 -10.495979681611061  -163.77952575683594         8 5 
551    -36.145165055990219 11.219804584980011 41.255558013916016  -128.37635803222656         8 11 
552    47.488677501678467 -83.634688414633274 79.748531430959702  -207.56291198730469         8 10 
553    -12.57885879278183 21.948258310556412 -9.2222633957862854  -347.42062377929688         8 6 
554    -50.136282782943454 36.372995376586914 39.60984069108963  -137.53782653808594         8 5 
555    -8.6565713584423065 -27.958673667162657 11.008062660694122  -246.29354858398438         8 10 
556    -98.552847546699923 -73.009439006447792 39.311090841889381  -250.39825439453125         8 5 
557    -98.670051246881485 10.756948530673981 99.998959064483643  -167.01408386230469         8 4 
558    31.781738638877869 90.008397102355957 53.965103387832642  -195.42703247070312         8 9 
559    29.78187894821167 -40.903666719794273 67.809484243392944  -128.21171569824219         8 10 
560    85.206198573112488 33.907646213425323 53.474153697490692  -204.38856506347656         8 4 
561    83.985610127449036 84.264483988285065 -74.2423519291915  -231.42839050292969         8 8 
562    -99.968582663917914 -25.068862572312355 -14.472417527518624  -250.30453491210938         8 8 
563    70.422627329826355 -99.471939237680957 -34.241526980486135  -216.21061706542969         8 8 
564    -12.876347742043436 -99.982698330132294 12.823661118745804  -188.25697326660156         8 8 
565    99.506990671157837 -11.6330626308918 5.7797639966011047  -209.71397399902344         8 9 
566    -99.17076582216032 23.781632460653782 -31.268995232880116  -196.76516723632812         8 13 
567    -72.930896300822496 -80.982877728762219 58.14789230003953  -212.83250427246094         8 8 
568    13.621244311332703 -23.740127384662628 -99.977007742701971  -114.98267364501953         8 8 
569    35.364843010902405 99.932366251945496 -99.999998328987729  -227.43630981445312         8 5 
570    32.970847606658936 -3.2878950983285904 17.867724061012268  -199.232421875         8 9 
571    -99.790052052782556 -99.964466257209551 -52.021542682137806  -278.6912841796875         8 9 
572    -47.383906312985346 98.97993278503418 -99.982480124563153  -225.78497314453125         8 8 
573    -52.286001279950142 48.032894492149353 80.688734889030457  -167.04930114746094         8 9 
574    94.580083012580872 -15.603792130947113 -38.021628707647324  -197.75369262695312         8 4 
575    -99.938648942784141 -69.147401165697374 -99.961859498826016  -288.11431884765625         8 5 
576    43.584805607795715 13.855117440223694 -54.658219367265701  -119.56973266601562         8 13 
577    51.249057412147522 67.078976452350616 41.674967467784882  -220.05586242675781         8 10 
578    85.027242302894592 -2.5625509545207024 -98.006180998054333  -191.05169677734375         8 8 
579    -89.238668916252209 13.536625107430154 -99.961818826777744  -202.07511901855469         8 6 
580    -78.216998279094696 -12.028309345245361 -65.228670090436935  -246.74008178710938         8 8 
581    -51.36310663819313 -99.934431951062095 57.366798996925354  -203.9859619140625         8 8 
582    43.446645855903625 -99.84349016167107 -26.96844694018364  -252.81887817382812         8 9 
583    -73.003273099660873 20.034790992736816 -75.914241403341293  -252.38462829589844         8 9 
584    67.43108195066452 -16.764941990375519 -99.990920425625518  -189.22981262207031         8 3 
585    -73.897738725645468 99.628645539283752 -18.631586784031242  -278.206298828125         8 6 
586    -56.842531986534595 -79.628503097448984 -81.782943271100521  -233.96998596191406         8 8 
587    -21.808481931686401 8.5093459486961365 99.984975576400757  -207.25572204589844         8 7 
588    -31.360666513326578 85.156464576721191 -31.119338482618332  -158.83711242675781         8 3 
589    -71.507588461371398 -47.829395773471333 60.293358534574509  -327.66036987304688         8 7 
590    82.10967344045639 99.994030475616455 61.723517708480358  -244.645263671875         8 9 
591    54.525876998901367 93.871444463729858 -39.047407796839252  -244.64170837402344         8 6 
592    53.732546806335449 -71.814860180020332 99.511633992195129  -128.62434387207031         8 12 
593    -60.086679186671972 19.826687276363373 -99.990898915188154  -299.40054321289062         8 7 
594    92.586249589920044 -99.98222231480031 36.484813690185547  -126.43308258056641         8 6 
595    -5.9564031064510345 -3.877849817276001 68.48329496383667  -255.10176086425781         8 9 
596    35.694245338439941 81.675090074539185 -99.997825490861032  -142.10935974121094         8 9 
597    30.449253678321838 -53.273972988128662 -81.848146550357342  -142.78024291992188         8 5 
598    82.17083215713501 63.488527297973633 9.7731175422668457  -236.29296875         8 3 
599    51.143188714981079 -63.954919382098069 -79.510996484030329  -181.90107727050781         8 8 
600    32.811031997203827 67.622468709945679 -58.863698527216911  -318.47439575195312         8 9 
601    -97.295811430551112 31.100469887256622 50.416159987449646  -415.00741577148438         8 8 
602    -99.999968349313676 -99.99997674096771 54.282627612352371  -276.54681396484375         8 10 
603    41.732621788978577 -83.220892869401723 12.456707239151001  -358.53982543945312         8 10 
604    -69.344429805874825 37.391877174377441 -99.205237443691885  -214.74371337890625         8 5 
605    34.284526586532593 99.421922206878662 -60.276421668939292  -171.24565124511719         8 9 
606    -66.108812406659126 86.861941576004028 -68.388407996622846  -206.38626098632812         8 6 
607    75.924361765384674 -53.808914855463627 36.192231714725494  -165.65028381347656         8 10 
608    97.767734527587891 -33.750037476420403 99.999524354934692  -229.04351806640625         8 8 
609    -63.959266949445009 -99.836352220001572 -58.570955644652713  -254.07888793945312         8 10 
610    -99.994860640088035 -99.99998078228387 -99.999897136070516  -308.92919921875         8 6 
611    -58.322182016447186 99.229645490646362 -57.58846845664084  -299.69268798828125         8 6 
612    25.390599608421326 -56.568898647092283 17.26039322768338  -155.75389099121094         8 8 
613    59.322421312332153 46.909461855888367 1.3404809236526489  -233.76840209960938         8 6 
614    -56.336642294190824 69.941295325756073 92.282842040061951  -144.86041259765625         8 5 
615    99.887983918190002 31.445932745933533 -99.431746624655062  -218.18583679199219         8 10 
616    99.928393483161926 99.961745738983154 -79.425059745174167  -250.03567504882812         8 4 
617    27.202741086483002 -34.528262965381145 86.284399032592773  -112.127685546875         8 3 
618    7.6207494139671326 99.999998569488525 99.999991178512573  -226.75718688964844         8 9 
619    -42.719752945005894 75.381964664906263 -70.368911436293274  -113.14808654785156         8 6 
620    -34.971203602384776 15.001952886581421 -99.990920425625518  -135.9814453125         8 6 
621    54.273757576942444 -4.6117260213941336 99.998476266860962  -200.81378173828125         8 10 
622    -11.542154997587204 31.593731462955475 61.97734272480011  -200.92031860351562         8 10 
623    98.690155744552612 -99.749879800343479 -69.406343221664429  -216.97039794921875         8 7 
624    99.984701752662659 99.995853424072266 -6.8712351322174072  -234.89173889160156         8 6 
625    -13.873286131769419 57.384340226650238 -60.463973221601918  -204.34980773925781         8 6 
626    44.83725044131279 29.977542057167739 -98.228152068512941  -180.51936340332031         8 10 
627    50.448273479938507 77.689746499061584 -46.949174777138978  -198.60069274902344         8 12 
628    -80.701253840699792 -49.487979663816077 -54.51081898069242  -233.1734619140625         8 6 
629    18.565608620643616 -99.976806071936153 99.452705860137939  -104.7625732421875         8 5 
630    47.488677501678467 97.666452527046204 -74.129896047913761  -270.46096801757812         8 4 
631    -53.934426360299739 48.91031227260828 -48.449133781949058  -126.646240234375         8 7 
632    -50.12294502997247 98.458950042724609 -75.409649089200173  -129.93792724609375         8 12 
633    83.671040892601013 46.519346609711647 81.626470804214478  -240.50743103027344         8 10 
634    99.999920845031738 13.050232291221619 -99.951992710673949  -172.05075073242188         8 7 
635    25.764918327331543 -17.059761968441308 73.452482342720032  -138.08316040039062         8 9 
636    39.409969449043274 -99.979266416346945 -71.233766475274933  -220.09463500976562         8 9 
637    -99.990920425625518 19.616289309560671 34.375308752059937  -164.91404724121094         8 5 
638    -3.3610149323940277 57.734799385070801 63.126151561737061  -224.23477172851562         8 6 
639    99.987581729888916 -99.256824100622907 5.9355400800704956  -148.45164489746094         8 11 
640    -18.190463431179523 -45.461179084304604 -35.190103547647595  -283.93325805664062         8 11 
641    -42.397212676471099 44.889877676963806 -25.451161472126842  -141.83174133300781         8 6 
642    -77.784537110477686 -58.537971173573169 -5.865523871259029  -320.0909423828125         8 10 
643    14.077309608459473 36.146553039550781 47.000681757926941  -165.82559204101562         8 6 
644    38.769114017486572 93.879389762878418 72.572638034820557  -223.76416015625         8 5 
645    20.338848769664764 99.99091625213623 39.442130476236343  -171.08470153808594         8 5 
646    -50.864386495086364 41.124472141265869 -99.995585043316169  -136.42378234863281         8 8 
647    30.109968483448029 48.57553243637085 80.610730290412903  -220.91853332519531         8 5 
648    79.36726176738739 -19.26525142788887 98.779821395874023  -199.79916381835938         8 4 
649    -99.951809980397229 -99.678311084164307 -8.8918656706809998  -271.756591796875         8 9 
650    99.74713933467865 -79.852735226795758 -25.457471799774794  -244.21469116210938         8 7 
651    59.519157350063324 16.431804537773132 -13.591424237936735  -228.13525390625         8 14 
652    99.999553918838501 82.992942094802856 6.24419105052948  -229.88185119628906         8 8 
653    -67.737361036241055 -73.559611613862216 -25.387701764702797  -259.88592529296875         8 8 
654    -42.4770288169384 -8.9109113216400146 21.130083717405796  -245.23200988769531         8 10 
655    -50.356695428490639 -66.972103713778779 -62.064594930736348  -199.9476318359375         8 6 
656    -57.833371847867966 99.957849025726318 8.9736045002937317  -229.75740051269531         8 7 
657    -46.814693462103605 -98.767103172373027 -25.625303093343973  -235.2265625         8 5 
658    63.964931309223175 -25.112416088581085 37.384992480278015  -273.82412719726562         8 11 
659    49.673088431358337 99.355440616607666 56.39775162935257  -249.30429077148438         8 8 
660    99.999904870986938 21.519730860367417 -46.239798188209534  -197.6964111328125         8 6 
661    -6.6793515086174011 42.262938499450684 -98.611670601909282  -193.5107421875         8 13 
662    78.494456365704536 -49.893830104265362 98.621021389961243  -204.90762329101562         8 7 
663    -68.170590614899993 9.7338230907917023 -37.952303349971771  -186.69029235839844         8 8 
664    -99.924852233380079 -33.918562140315771 80.727647423744202  -245.70735168457031         8 3 
665    99.999969959259033 7.6396595537662506 99.92099142074585  -229.48243713378906         8 8 
666    -2.8936936855316162 19.329478532075882 -77.202040787786245  -213.91641235351562         8 7 
667    -99.974841522634961 93.226921796798706 64.498069047927856  -202.106689453125         8 2 
668    -83.625937559874728 99.904531717300415 -99.982773639203515  -370.00717163085938         8 3 
669    -58.424859464168549 24.330671191215515 -8.6670434474945068  -207.57012939453125         8 7 
670    99.990569353103638 26.813343323767185 99.634254813194275  -251.91175842285156         8 10 
671    -50.155154973268509 55.701075732707977 -81.389268405851908  -150.23820495605469         8 8 
672    -99.933898970182781 89.195196747779846 83.377295136451721  -177.01687622070312         8 12 
673    -1.8021513819694519 -71.632717223648797 7.0707464218139648  -150.8753662109375         8 5 
674    -70.80407344806008 -2.6264136880636215 54.981526374816895  -189.98219299316406         8 9 
675    86.713768839836121 99.970770359039307 -99.977464927360415  -291.03158569335938         8 7 
676    99.085919618606567 -18.49462915211916 -99.367991097853519  -332.01089477539062         8 8 
677    -13.093723759055138 34.750856220722198 -26.713277101516724  -266.7069091796875         8 10 
678    -21.359027457423508 99.991258144378662 79.779921174049377  -281.99139404296875         8 9 
679    99.999940156936646 78.990132331848145 -57.732748887881826  -229.28022766113281         8 7 
680    -99.018268357496709 7.0020735263824463 -38.586433126358315  -224.21871948242188         8 7 
681    -10.082541584968567 1.6654258258640766 -99.981237602129113  -131.94468688964844         8 7 
682    -10.783186703920364 68.420536518096924 83.682660818099976  -156.7177734375         8 6 
683    99.999822378158569 99.999374389648438 64.990791618824005  -257.1651611328125         8 9 
684    -99.99964601429069 -55.310627656284396 52.318818062543869  -172.65046691894531         8 9 
685    53.749982714653015 12.74334192276001 47.890160202980042  -227.49954223632812         8 5 
686    -51.763356648385525 -57.804347678087652 -39.317934909548057  -219.37289428710938         8 9 
687    22.007048308849335 -85.3001479357481 19.322900831699371  -215.44700622558594         8 5 
688    -7.9907734910957515 99.904642462730408 38.59880542755127  -277.27517700195312         8 5 
689    -83.317961990833282 -18.630200457835599 -10.357079987763427  -232.85279846191406         8 5 
690    -55.445818480540765 -99.758706906810403 11.409857273101807  -228.03886413574219         8 6 
691    -21.106539370492101 72.660446226596832 -17.894744351506233  -188.00407409667969         8 9 
692    -18.953201916068792 49.388287678360939 57.6770442686975  -307.03292846679688         8 6 
693    -98.430312137817964 -48.249070564284921 99.949600696563721  -229.55781555175781         8 11 
694    -37.560493525117636 97.719860076904297 -47.832553863525391  -126.15898895263672         8 3 
695    -99.706197735155001 -55.173131152037286 -81.077704208903015  -255.79646301269531         8 6 
696    13.776918232440948 16.859618842601776 -32.969729959964752  -288.34954833984375         8 9 
697    -40.848636627197266 75.36293888092041 -8.9106349050998688  -249.43258666992188         8 5 
698    -52.988431945443153 -0.3459630012512207 -99.997005303618167  -261.72195434570312         8 8 
699    97.608468413352966 -78.075398078032094 -76.440886307781369  -205.63400268554688         8 6 
700    -19.475014226250096 22.527242028154433 -93.67014754874981  -257.78610229492188         8 9 
701    -25.772986058145761 9.8567802906036377 5.7937878742814064  -264.71807861328125         8 6 
702    -12.823045864701271 -53.687040239572525 78.15139365196228  -263.29263305664062         8 8 
703    -38.909354686737061 -63.471959670074284 99.954687833786011  -214.65879821777344         8 11 
704    21.897168755531311 -61.315060518682003 -65.502964273779071  -151.50749206542969         8 7 
705    -99.131250321705011 -99.453280459158123 -28.738682985305786  -291.64431762695312         8 8 
706    52.55703204870224 -67.087237859144807 1.6948497295379639  -261.54232788085938         8 10 
707    -76.560928523540497 -32.669760804623365 99.998666524887085  -242.36302185058594         8 5 
708    -99.999997560736958 -99.999998675595023 99.999991416931152  -358.6767578125         8 9 
709    99.897668957710266 40.815814137458801 -83.513808656790104  -212.77066040039062         8 8 
710    99.850826501846313 25.256447034422308 45.659408465027809  -255.26068115234375         8 10 
711    76.007400155067444 -18.662974222097546 75.404520750045776  -257.64849853515625         8 12 
712    -99.998186119857479 73.681542783975601 -62.471963382064132  -288.97628784179688         8 13 
713    -24.127707540988922 -7.4484227895736694 32.265680372714996  -349.51107788085938         8 8 
714    -71.25130870193243 -74.493313264687458 -99.980273211912404  -235.15618896484375         8 5 
715    36.525342583656311 -99.074753165357976 98.442462205886841  -217.66665649414062         8 10 
716    -1.6240526214241982 71.478144779801369 -45.395171194162685  -161.14576721191406         8 8 
717    -99.934779409541079 31.251847743988037 -1.5942389369010925  -278.40579223632812         8 3 
718    59.700971007347107 -38.217709567339625 11.692136466503143  -207.25355529785156         8 10 
719    -99.999958499427819 -99.999622918525404 74.051022827625275  -250.02279663085938         8 12 
720    7.6409168839454651 87.195459365844727 -73.218025523219751  -160.0966796875         8 4 
721    99.991220593452454 -41.987001195549965 -48.332344710826874  -148.86691284179688         8 8 
722    -53.243519451469183 -46.662153072655201 -1.6771476268768311  -188.77101135253906         8 7 
723    -50.101143890293315 72.737394437193871 -99.99590564385835  -204.52040100097656         8 7 
724    -75.061779624782503 -81.259883841579722 37.907041407190263  -260.14569091796875         8 12 
725    43.565803289413452 -98.164450537413359 -5.8961245715618134  -188.33271789550781         8 5 
726    99.995815277099609 18.550704948575003 22.912338323891163  -206.42369079589844         8 8 
727    -15.817075714468956 93.154275417327881 -20.911275252699852  -256.076904296875         8 5 
728    99.996500492095947 -7.4061820507049561 26.114012122154236  -249.3626708984375         8 5 
729    71.587035417556763 82.535497546195984 6.9530906081199646  -250.69650268554688         8 10 
730    -23.313263293006457 -86.240186860966105 31.252206116914749  -266.013671875         8 10 
731    -99.913524479789118 42.578204989433289 -38.262290380895138  -235.96443176269531         8 6 
732    -46.593880991964397 99.99256706237793 98.635387897491455  -191.72572326660156         8 8 
733    5.5464962273836136 99.386404752731323 -33.497034406289458  -226.357421875         8 9 
734    99.948541164398193 -42.983920089900494 9.1958795189857483  -114.62119293212891         8 8 
735    99.530412077903748 -38.676086902618408 -69.99480248431064  -155.88618469238281         8 11 
736    -18.627048165537417 -79.412436654558405 99.567228198051453  -157.37452697753906         8 6 
737    -11.235714972019196 -61.02981902514 -52.696902294461324  -186.86817932128906         8 6 
738    -99.999813444170968 50.129540503025055 55.120143480598927  -210.47146606445312         8 8 
739    -26.458444841206074 -99.669657280435786 -30.222444102168083  -298.50057983398438         8 8 
740    44.60914671421051 -74.06236757338047 -59.360544487911454  -198.0733642578125         8 7 
741    -76.880957186222076 -99.432730728934985 -76.263036739685958  -276.03982543945312         8 6 
742    0.34641722589731216 99.992023944854736 81.879160344600677  -235.29557800292969         8 8 
743    77.953216075897217 75.932950019836426 74.26748251914978  -271.0577392578125         8 5 
744    93.231512665748596 -62.745941183544346 56.403832793235779  -194.28785705566406         8 7 
745    -26.153861963422969 99.983895897865295 18.947451889514923  -176.31259155273438         8 5 
746    26.386514186859131 55.492263436317444 -43.565865596756339  -170.22865295410156         8 7 
747    -99.999876110966611 96.941772103309631 -38.205772974528372  -249.71981811523438         8 12 
748    -61.637479146476835 79.07933534681797 -42.714749574661255  -154.54080200195312         8 9 
749    -5.4264972787350416 80.226068615913391 17.74217963218689  -221.59762573242188         8 4 
750    -4.2503040134906769 -58.971279889345169 -99.917690363387166  -216.66697692871094         8 7 
751    93.327346086502075 -82.543187408283586 50.033552646636963  -150.6162109375         8 7 
752    -67.941424608230591 -4.8437150120735168 75.828818202018738  -189.68930053710938         8 7 
753    86.464256167411804 -67.874693701771321 -54.179369449615479  -150.97540283203125         8 4 
754    64.348071932792664 -68.522374600065888 -19.344301253557205  -175.76261901855469         8 7 
755    82.830524444580078 -44.578443214297295 -1.0240436792373657  -211.98434448242188         8 2 
756    16.66438764333725 99.980408430099487 -99.983081730897538  -123.29395294189453         8 4 
757    99.99091625213623 32.164623133838177 73.584190517663956  -235.47392272949219         8 4 
758    53.419872879981995 71.700334548950195 -17.068257540464401  -285.89443969726562         8 7 
759    82.222129821777344 -99.204631173284724 -58.125417846213509  -187.14500427246094         8 9 
760    35.906451880931854 62.862750887870789 -99.999878927822891  -224.38594055175781         8 9 
761    -70.686633255332708 28.042694330215454 36.588270962238312  -289.92526245117188         8 3 
762    13.615729749202728 34.880420804023743 -21.128712952136993  -94.703506469726562         8 12 
763    -73.068880232283846 98.216303706169128 -37.048998565762304  -334.25802612304688         8 7 
764    84.760106563568115 8.9740137457847595 24.43994665145874  -262.6842041015625         8 9 
765    42.751270413398743 14.44920152425766 3.392649233341217  -156.08927917480469         8 5 
766    75.448969483375549 71.700334548950195 54.606366157531738  -286.04962158203125         8 7 
767    3.7268879264593124 53.513296723365784 36.62250143289566  -225.172607421875         8 10 
768    -53.832336433813907 -45.561883175745606 32.708628472872078  -268.42227172851562         8 5 
769    11.100084602832794 -23.992286331951618 -79.916616082191467  -114.54805755615234         8 6 
770    47.34596574306488 -22.193010523915291 -72.537179767475322  -171.66410827636719         8 10 
771    -99.969264375977218 12.879853129386902 -80.910430729156388  -243.12287902832031         8 3 
772    -59.273882561683422 0.17495796084403992 15.836151123046875  -169.44281005859375         8 6 
773    -97.981909231701309 -43.961726365188952 -56.038093638564078  -251.01579284667969         8 7 
774    12.556379199028015 46.820302844047546 94.515504360198975  -135.15667724609375         8 6 
775    43.317553758621216 -6.1192787289619446 -95.393648943936114  -188.22898864746094         8 8 
776    12.335299253463745 -24.101522158831358 39.588440697640181  -111.31929779052734         8 9 
777    -99.999861091231367 90.037072777748108 -99.98702461892276  -238.47552490234375         8 6 
778    -10.696659231558442 -6.5486226156353951 -80.983237124979496  -208.13475036621094         8 7 
779    70.129461109638214 -75.202616908121854 -2.0390572483884171  -160.34750366210938         8 6 
780    4.9220247864723206 54.147287368774414 -32.501166805624962  -147.33761596679688         8 10 
781    99.989056587219238 85.637168824672699 -99.953914174067904  -265.03814697265625         8 7 
782    -15.973861426115036 -81.494578655809164 -99.933430640296024  -214.18939208984375         8 6 
783    99.997005939483643 99.999987363815308 83.139759510755539  -245.0189208984375         8 10 
784    -69.269218772649765 15.95984219078673 8.0137633406557143  -230.71919250488281         8 10 
785    99.547296762466431 -51.244584813044639 -31.34879629407078  -196.39190673828125         8 8 
786    67.588648080825806 -99.667478155779463 32.635494289919734  -331.80056762695312         8 5 
787    -9.152627557516098 99.519564509391785 -54.426951568988443  -225.91818237304688         8 6 
788    24.686919808387756 60.390714287757874 55.061071779578924  -181.81207275390625         8 9 
789    82.524899661540985 -80.633850009836863 -99.93841799593315  -179.7542724609375         8 7 
790    68.516628742218018 -23.147992253303528 -2.7835208177566528  -154.32499694824219         8 7 
791    99.933862566947937 5.5180092193186283 -2.3186254501342773  -206.83961486816406         8 7 
792    -0.84310377016663551 99.99091625213623 3.3394659161567688  -161.25267028808594         8 4 
793    -54.582829393446445 -59.786285900066105 -78.282001465559006  -244.52163696289062         8 5 
794    -99.743838102350935 -80.521581144565076 86.922159373760223  -298.03189086914062         8 6 
795    34.835387706756592 80.409063339233398 99.969545602798462  -211.06825256347656         8 8 
796    -99.999162161458983 -79.879436250776905 -68.481718393684787  -276.69723510742188         8 5 
797    -33.333553563803434 34.944645807147026 -56.402415320277214  -122.54163360595703         8 6 
798    69.635577142238617 -98.134503211826086 5.072102028876543  -131.33009338378906         8 5 
799    99.226315855979919 -11.790321558713913 99.962677597999573  -254.62260437011719         8 11 
800    88.367342352867126 99.99091625213623 98.720029592514038  -280.19320678710938         8 4 
801    -27.418239128775895 -53.789355730637908 -75.228340649431345  -200.67178344726562         8 8 
802    69.147919297218323 16.897844672203064 86.283176422119141  -262.31820678710938         8 9 
803    -56.248923648148775 -99.639423994584405 -82.494792140685604  -223.41767883300781         8 6 
804    -63.022884905338287 -99.696189877090092 -99.817489137290977  -255.46775817871094         8 4 
805    44.541454195976257 -82.193525140974089 58.623446106910706  -127.02496337890625         8 7 
806    -68.197644360363483 -33.724027872085571 -97.179940395915764  -263.03848266601562         8 7 
807    -34.994932213532593 -34.050971776247025 -87.839333671487111  -217.59785461425781         8 7 
808    -98.152922189794481 -33.547047877684236 49.21837872825563  -272.63873291015625         8 5 
809    -0.83076037466526031 -99.99278169962605 50.505114500410855  -168.60888671875         8 9 
810    74.934502363204956 86.555564165115356 40.484988644719124  -284.34152221679688         8 9 
811    96.80047070980072 -80.735645242845578 21.632293164730072  -197.92781066894531         8 6 
812    52.757768034934998 -53.526523528190864 -99.880209904869844  -169.52815246582031         8 7 
813    -11.943958988413215 -56.999545448765275 98.592936873435974  -119.59490966796875         8 7 
814    99.99353551864624 50.458292484283447 -36.555483251810074  -261.40997314453125         8 7 
815    99.981456995010376 -57.057678642689552 -99.645734724006616  -184.91001892089844         8 10 
816    99.5193030834198 -71.705227710306644 87.985632717609406  -296.89315795898438         8 9 
817    52.627931863069534 -30.836695852020057 -99.981429471041338  -325.01409912109375         8 8 
818    18.178636968135834 -85.632207356393337 -25.278880104422569  -168.4361572265625         8 9 
819    14.314939081668854 37.700904726982117 28.120613217353821  -175.77328491210938         8 6 
820    -99.99454680020078 52.538161750882864 -99.982069213986847  -277.21890258789062         8 9 
821    99.357954740524292 -56.596705622971058 -62.849397013895214  -213.71621704101562         8 8 
822    -81.736989606678264 -91.08954593539238 -99.964120521326549  -295.42172241210938         8 1 
823    -99.908478505676612 -99.997430110672326 -77.850644342746818  -301.76556396484375         8 4 
824    49.019851207733154 -97.54556851554662 -99.552452160217612  -276.87875366210938         8 8 
825    45.416324496269226 64.142548680305481 -0.10512514412403107  -205.69921875         8 8 
826    -55.328244782984257 -5.8484417945146561 42.184551149606705  -224.91801452636719         8 8 
827    -10.441291153430939 -36.612397432327271 97.315125107765198  -378.43252563476562         8 6 
828    -66.855729676783085 98.710344791412354 99.98626708984375  -325.5333251953125         8 3 
829    3.0104806423187256 32.713867664337158 79.079346656799316  -294.05026245117188         8 8 
830    26.115385413169861 78.045734643936157 14.176297187805176  -187.2119140625         8 5 
831    -36.457143395207822 64.651721835136414 32.886407501995564  -201.23907470703125         8 8 
832    81.643095731735229 64.079980969429016 99.999422073364258  -272.32122802734375         8 4 
833    15.710505783557892 39.293981790542603 65.169607758522034  -134.42831420898438         8 6 
834    38.769114017486572 43.325066566467285 52.541866406798363  -261.47430419921875         8 4 
835    67.578122973442078 7.2437808772083372 -99.216120985802263  -184.4859619140625         8 7 
836    69.300194025039673 -44.381381794810295 -51.078360453248024  -306.32382202148438         8 7 
837    -99.992600339991782 31.768479852005839 -99.991492925705813  -299.00177001953125         8 8 
838    -99.157524815760553 -34.172402121059498 -31.31060179322958  -257.98800659179688         8 6 
839    -99.848249180479357 34.710390746593475 71.176446437835693  -211.41055297851562         8 10 
840    -56.538614919525571 -18.539790879935026 -85.315098885446787  -181.05018615722656         8 6 
841    -30.222962553532852 43.94771716510877 -99.808145704329945  -293.31442260742188         8 5 
842    -99.993244166641944 -52.24032123098732 11.801173686981201  -238.009521484375         8 7 
843    99.992903709411621 -78.972237175259579 -5.4135437607765198  -230.10969543457031         8 10 
844    -78.987067937850952 -77.589020422659814 1.7459384799003601  -258.74908447265625         8 7 
845    -99.889459554105997 79.771518707275391 -1.1105604320473503  -212.79057312011719         8 1 
846    91.758959174156189 -99.968615733225306 99.948251247406006  -230.2994384765625         8 5 
847    -14.068173311650753 -99.916584074053389 -66.022917710975889  -192.56932067871094         8 8 
848    13.754279613494873 73.104230999946594 76.797245264053345  -187.89588928222656         8 5 
849    77.040219664573669 63.544806599617004 31.253437727689743  -278.81289672851562         8 11 
850    9.5154281258583069 79.54638946056366 95.918108224868774  -253.54975891113281         8 9 
851    -18.542315149214119 36.469971299171448 -80.626182600855827  -248.72019958496094         8 7 
852    -72.11150761693716 -28.088894367218018 -57.425018052104861  -279.73211669921875         8 8 
853    13.771152913570404 40.937656819820404 -99.698513096896932  -148.5367431640625         8 7 
854    -83.231765943755249 -37.109248951077461 -76.240094897027859  -300.5946044921875         8 8 
855    81.036005139350891 45.879832655191422 99.996110677719116  -252.65463256835938         8 10 
856    -99.432008942074958 -4.1018966278061271 79.722754597663879  -250.65406799316406         8 9 
857    -99.949090490875733 99.445899486541748 -19.302836530524473  -257.5052490234375         8 5 
858    38.173484802246094 -74.219827841036022 40.945895552635193  -138.09567260742188         8 6 
859    40.129821419715881 -49.293333411216736 -16.611403346061707  -213.95021057128906         8 6 
860    51.70058012008667 72.452618956565857 -70.202397382379559  -257.67108154296875         8 3 
861    -99.98206532449457 98.347322821617126 -74.402367059878046  -236.13966369628906         8 6 
862    -52.325919466355117 71.579728007316589 68.774449825286865  -158.60972595214844         8 4 
863    36.638249397277832 99.480478405952454 8.1896044611930847  -177.46823120117188         8 5 
864    73.876145362854004 -0.48293924331665039 99.931869029998779  -250.08479309082031         8 7 
865    -26.899767920534941 -59.244283884763718 -99.303772114624735  -170.96003723144531         8 8 
866    -35.191030815243721 -8.2464867975504603 -98.940466623753309  -230.22016906738281         8 6 
867    34.612953662872314 -48.432781957089901 -38.557011619210243  -90.163414001464844         8 7 
868    99.998722791671753 -54.539283584659586 99.064860820770264  -177.53672790527344         8 8 
869    7.2005965709686279 60.066805966198444 -99.982029317856359  -179.30145263671875         8 10 
870    -8.4321384131908417 -80.384337921161205 -75.677868980014807  -195.11068725585938         8 8 
871    -26.94943016814068 99.81429386138916 99.980041980743408  -256.66165161132812         8 5 
