0    0.028750749304890633 0.44472748041152954  -1.2805061340332031         3.0142447948455811 0.0420989990234375 0.66018915176391602 
1    0.031640518456697464 0.61114662885665894  -1.2663850784301758         -2.9980025291442871 -0.47564816474914551 -0.17314791679382324 
2    0.058830857276916504 0.55582064390182495  -1.0491997003555298         -2.5787687301635742 -0.99508476257324219 -0.034029483795166016 
3    0.061426516622304916 0.56076943874359131  -1.0367965698242188         -2.5787687301635742 -0.99508476257324219 -0.067560434341430664 
4    0.076895609498023987 0.28145694732666016  -0.88992041349411011         -2.2608270645141602 -0.45312714576721191 -0.30199933052062988 
5    0.080668769776821136 0.38625726103782654  -1.2704282999038696         -2.2934560775756836 -1.2665733098983765 0.76401376724243164 
6    0.091827616095542908 0.2206929624080658  -1.3733596801757812         -2.7493009567260742 0.32808613777160645 -0.033835649490356445 
7    0.086892277002334595 0.65012532472610474  -1.6296803951263428         -3.051145076751709 -1.149299144744873 0.93928408622741699 
8    0.08725777268409729 0.655517578125  -0.85985755920410156         2.319998025894165 0.26678133010864258 0.88678956031799316 
9    0.099398128688335419 0.41429656744003296  -0.86710602045059204         2.4971120357513428 1.0361349582672119 0.4314877986907959 
10    0.11854691058397293 0.38008040189743042  -1.8561118841171265         -2.9735846519470215 -0.55186033248901367 1.5696370601654053 
11    0.13113738596439362 0.2906506359577179  -1.5793790817260742         -2.4963808059692383 -0.88902783393859863 1.3548004627227783 
12    0.13130371272563934 0.65314716100692749  -1.1226274967193604         -2.980243444442749 -0.2680974006652832 -1.2310882806777954 
13    0.13833951950073242 0.21472029387950897  -1.2516070604324341         -2.2036757469177246 -0.8450462818145752 0.85575151443481445 
14    0.16160367429256439 0.47722944617271423  -1.5973716974258423         -2.9593148231506348 0.79441976547241211 -2.0386333465576172 
15    0.15752354264259338 0.55430620908737183  -1.2504287958145142         1.869917631149292 1.9785845279693604 -0.7266390323638916 
16    0.15926127135753632 0.71139216423034668  -1.0733004808425903         1.7323811054229736 1.5712740421295166 -0.62070751190185547 
17    0.16735914349555969 0.22310440242290497  -1.2452148199081421         3.0714967250823975 1.0804193019866943 0.074901342391967773 
18    0.17177155613899231 0.72618776559829712  -1.7868553400039673         2.8614346981048584 0.19938349723815918 -1.4784022569656372 
19    0.1720794141292572 0.75295811891555786  -1.4846521615982056         2.1777331829071045 1.1767556667327881 -1.3505266904830933 
20    0.18647080659866333 0.42127916216850281  -2.0766034126281738         -2.8231697082519531 -1.2277761697769165 2.1573860645294189 
21    0.18129098415374756 0.45235854387283325  -0.43643218278884888         -1.979283332824707 -0.94938778877258301 -1.2161117792129517 
22    0.18547122180461884 0.51221048831939697  -0.8759077787399292         -2.4767398834228516 -0.36111664772033691 -1.7280700206756592 
23    0.18013480305671692 0.62180393934249878  -0.67949658632278442         -2.4483566284179688 -1.1017041206359863 -0.92790842056274414 
24    0.19169166684150696 0.22799569368362427  -0.77603107690811157         -1.9734998941421509 -0.089297056198120117 -1.2489845752716064 
25    0.19002503156661987 0.28904083371162415  -1.4198230504989624         -1.8245394229888916 -1.7467789649963379 1.2254874706268311 
26    0.18695366382598877 0.51697981357574463  -0.86873161792755127         -2.481201171875 -0.38020920753479004 -1.7231096029281616 
27    0.18865744769573212 0.63828665018081665  -0.34120520949363708         1.5893027782440186 1.2640411853790283 0.75992751121520996 
28    0.18877282738685608 0.66337865591049194  -0.99443942308425903         1.4790737628936768 1.8732297420501709 -0.40557217597961426 
29    0.19755326211452484 0.25070905685424805  -1.8958419561386108         -3.0388262271881104 1.5656483173370361 -1.2591652870178223 
30    0.20175725221633911 0.35582295060157776  -1.4597361087799072         -1.7003965377807617 -2.1044344902038574 1.1743195056915283 
31    0.20264971256256104 0.55913656949996948  -0.33146083354949951         1.6557633876800537 1.4149196147918701 0.86385512351989746 
32    0.20484687387943268 0.75640439987182617  -1.1647927761077881         -2.8487715721130371 -1.4468483924865723 0.0042352676391601562 
33    0.20616711676120758 0.84223675727844238  -1.3111288547515869         2.4310781955718994 -0.76935744285583496 1.0625350475311279 
34    0.20761510729789734 0.21100658178329468  -1.4417711496353149         -2.023421049118042 -1.2300653457641602 1.3535435199737549 
35    0.21019910275936127 0.29450502991676331  -0.33734545111656189         -1.4276032447814941 -1.2633693218231201 -0.64414525032043457 
36    0.21060231328010559 0.37664675712585449  -1.7804789543151855         2.5836522579193115 2.2029745578765869 -1.3692371845245361 
37    0.20767629146575928 0.44942232966423035  -0.69664919376373291         -1.4651985168457031 -1.9039682149887085 -0.2564547061920166 
38    0.21290868520736694 0.683246910572052  -1.1819334030151367         1.4279277324676514 2.0200588703155518 -0.73026537895202637 
39    0.21942256391048431 0.34857660531997681  -2.0412814617156982         -2.8231697082519531 -0.71536445617675781 2.1573860645294189 
40    0.2232183963060379 0.42631420493125916  -0.68425405025482178         -1.3208584785461426 -1.9465619325637817 -0.28712654113769531 
41    0.22350130975246429 0.6163371205329895  -1.6878421306610107         1.8030264377593994 2.2848522663116455 -1.5121163129806519 
42    0.22024063766002655 0.65958100557327271  -1.5486441850662231         1.6837089061737061 2.1520435810089111 -1.3421609401702881 
43    0.23302638530731201 0.27724269032478333  -1.7579354047775269         -2.1080565452575684 -1.5542317628860474 1.8670275211334229 
44    0.23717130720615387 0.31594714522361755  -0.26777470111846924         -1.5451873540878296 -0.89270830154418945 -1.2769832611083984 
45    0.24592192471027374 0.58804762363433838  -2.1775107383728027         2.4657385349273682 1.9918777942657471 -2.372124195098877 
46    0.23766128718852997 0.63527888059616089  -0.91691088676452637         2.0903475284576416 0.10256552696228027 2.0018885135650635 
47    0.24022932350635529 0.6485525369644165  -1.2411507368087769         -3.0940494537353516 -0.088114500045776367 -1.9851813316345215 
48    0.23813596367835999 0.77658075094223022  -0.56244194507598877         1.6988403797149658 0.35808014869689941 1.3028790950775146 
49    0.24427320063114166 0.81633001565933228  -1.79752516746521         2.8866574764251709 -1.499214768409729 1.029918909072876 
50    0.2451169341802597 0.92624807357788086  -1.0859683752059937         2.2277028560638428 -0.27576422691345215 0.19721269607543945 
51    0.25191894173622131 0.14753961563110352  -1.7298972606658936         -2.9365072250366211 1.2541759014129639 -0.29795217514038086 
52    0.25405475497245789 0.27242580056190491  -0.3962157666683197         -1.1575675010681152 -1.4842265844345093 -0.52943539619445801 
53    0.24820010364055634 0.42802336812019348  -1.0827617645263672         -2.3457279205322266 -0.0042428970336914062 -2.2537646293640137 
54    0.25662967562675476 0.46282237768173218  -2.3024356365203857         -2.6052546501159668 -2.214613676071167 2.4625389575958252 
55    0.25726959109306335 0.63877135515213013  -0.74785798788070679         -2.6651568412780762 -0.84499788284301758 -1.5759735107421875 
56    0.25308907032012939 0.66180545091629028  -1.9971128702163696         2.8024537563323975 -1.6709527969360352 2.2802603244781494 
57    0.25191912055015564 0.79219704866409302  -1.7230560779571533         2.6104199886322021 0.22473669052124023 -1.5976390838623047 
58    0.25195926427841187 0.80842185020446777  -1.8796337842941284         2.9780037403106689 -1.6125776767730713 0.98853373527526855 
59    0.26668471097946167 0.10813961923122406  -1.0178619623184204         -1.6880205869674683 -1.0048210620880127 0.73014426231384277 
60    0.26344478130340576 0.26227566599845886  -1.8963629007339478         -2.6893784999847412 -0.34302902221679688 1.9556615352630615 
61    0.26067155599594116 0.34597143530845642  -1.3663026094436646         -1.2002902030944824 -2.3989658355712891 0.90645861625671387 
62    0.26547843217849731 0.39153406023979187  -2.3341524600982666         -3.1207385063171387 2.1622383594512939 -2.372612476348877 
63    0.2668825089931488 0.49163317680358887  -1.9908343553543091         2.1172621250152588 2.7124326229095459 -1.7767783403396606 
64    0.26077407598495483 0.68491637706756592  -1.9782207012176514         2.2232596874237061 1.6668097972869873 -2.2236437797546387 
65    0.26724520325660706 0.72673118114471436  -1.5925966501235962         1.5649139881134033 2.0863597393035889 -1.5224535465240479 
66    0.26272085309028625 0.87541383504867554  -1.6182608604431152         2.7784187793731689 -1.157703161239624 0.40456867218017578 
67    0.27462604641914368 0.14800426363945007  -1.7863374948501587         -2.9868249893188477 1.3248260021209717 -0.18543219566345215 
68    0.27430927753448486 0.22903464734554291  -1.8774013519287109         -2.9343118667602539 0.35895872116088867 1.4920065402984619 
69    0.27019807696342468 0.32816284894943237  -0.71102792024612427         -0.93512797355651855 -1.9716058969497681 -0.24121665954589844 
70    0.26888522505760193 0.61417132616043091  -1.6704561710357666         2.5707323551177979 -0.97335004806518555 2.5697128772735596 
71    0.26874452829360962 0.702472984790802  -1.7204000949859619         -2.7237303256988525 -2.2700667381286621 1.1314117908477783 
72    0.27363911271095276 0.81382656097412109  -1.6767839193344116         2.5239026546478271 0.22820806503295898 -1.5734460353851318 
73    0.27988055348396301 0.15818995237350464  -0.88935846090316772         -1.8433685302734375 0.21703958511352539 -1.4258242845535278 
74    0.28159874677658081 0.45358839631080627  -1.7094146013259888         1.8192336559295654 2.7960884571075439 -1.2184925079345703 
75    0.28777411580085754 0.83106803894042969  -0.58969050645828247         1.5964925289154053 0.22473597526550293 1.3024303913116455 
76    0.29744517803192139 0.098144665360450745  -1.1036880016326904         -1.6902104616165161 -0.9981391429901123 0.91908621788024902 
77    0.2883664071559906 0.14176546037197113  -1.7250412702560425         -2.9205167293548584 0.97990775108337402 0.4371647834777832 
78    0.29787304997444153 0.31828498840332031  -0.66548621654510498         2.6580770015716553 1.1944348812103271 1.3047759532928467 
79    0.29689902067184448 0.43547436594963074  -1.4748467206954956         -0.95958662033081055 -2.8163158893585205 0.79583239555358887 
80    0.29284822940826416 0.47505977749824524  -1.1543474197387695         1.0922195911407471 2.6711814403533936 -0.14967584609985352 
81    0.29043543338775635 0.54853534698486328  -1.1682999134063721         -1.2751513719558716 -2.6501061916351318 0.21091341972351074 
82    0.29586631059646606 0.5717473030090332  -2.2328848838806152         2.1172621250152588 2.7124326229095459 -2.2936892509460449 
83    0.29542073607444763 0.66396021842956543  -1.6750606298446655         -2.4105184078216553 -2.5522425174713135 1.0698392391204834 
84    0.29031786322593689 0.72169798612594604  -1.9309380054473877         2.1010854244232178 1.5964548587799072 -2.2239878177642822 
85    0.3062317967414856 0.1431117057800293  -0.59918570518493652         -1.573875904083252 -0.16958189010620117 -1.2412890195846558 
86    0.30623719096183777 0.43126130104064941  -2.4815905094146729         -2.6201252937316895 -2.2201642990112305 2.8326957225799561 
87    0.30709144473075867 0.47627076506614685  -1.3507703542709351         -2.713141918182373 0.12306904792785645 -2.7706866264343262 
88    0.30776253342628479 0.54041755199432373  -2.5245504379272461         2.9053995609283447 1.6692802906036377 -2.9599547386169434 
89    0.31733185052871704 0.46085995435714722  -0.46895343065261841         -0.99174976348876953 -1.995814323425293 -1.0105443000793457 
90    0.31256452202796936 0.67485165596008301  -0.56900042295455933         0.73890304565429688 1.8883364200592041 0.63095664978027344 
91    0.31531423330307007 0.68460118770599365  -2.138242244720459         -2.9854598045349121 -2.5155422687530518 1.7671024799346924 
92    0.30981412529945374 0.69797199964523315  -1.3063867092132568         0.84635066986083984 2.4376757144927979 -0.76228952407836914 
93    0.32371926307678223 0.095635376870632172  -1.1783922910690308         -1.6880205869674683 -1.0048210620880127 1.0822961330413818 
94    0.3272937536239624 0.2784176766872406  -2.3083860874176025         -3.0493142604827881 2.3491265773773193 -1.8066437244415283 
95    0.32754066586494446 0.48531234264373779  -2.6696298122406006         2.8212831020355225 3.0450804233551025 -2.7266409397125244 
96    0.32679533958435059 0.49645417928695679  -0.34384378790855408         -1.9198752641677856 -1.1868782043457031 -1.9126328229904175 
97    0.32246741652488708 0.52080231904983521  -1.5122284889221191         -0.95732307434082031 -3.0352809429168701 0.65931963920593262 
98    0.32496184110641479 0.56005173921585083  -0.33922687172889709         -2.1412224769592285 -1.3103289604187012 -1.7187849283218384 
99    0.32725527882575989 0.65440988540649414  -2.2325036525726318         2.3973281383514404 1.4271309375762939 -2.7484962940216064 
100    0.31848222017288208 0.69900745153427124  -2.0188288688659668         -2.9170866012573242 -2.4952623844146729 1.5607988834381104 
101    0.32138404250144958 0.84879791736602783  -1.8463219404220581         2.8542449474334717 -1.6572586297988892 0.87202906608581543 
102    0.33153492212295532 0.36042779684066772  -1.6816784143447876         2.1521198749542236 2.8109943866729736 -1.0398919582366943 
103    0.33611312508583069 0.46771931648254395  -2.4857583045959473         -3.032820463180542 0.059980630874633789 3.0557615756988525 
104    0.3286919891834259 0.48512649536132812  -2.6187653541564941         -2.6198215484619141 -3.0670361518859863 2.698293924331665 
105    0.33273518085479736 0.5033525824546814  -0.14999543130397797         -1.4285188913345337 -1.7337427139282227 -1.4040075540542603 
106    0.33393815159797668 0.51056861877441406  -2.606748104095459         3.0785095691680908 -1.2863041162490845 -3.139911413192749 
107    0.32867339253425598 0.53120481967926025  -1.5284203290939331         -0.95783686637878418 -3.0734348297119141 0.65933942794799805 
108    0.33346518874168396 0.55800813436508179  -2.7495191097259521         -3.129145622253418 -2.974780797958374 2.7791154384613037 
109    0.33609074354171753 0.68594199419021606  -0.51364070177078247         0.65851473808288574 1.809497594833374 0.79395008087158203 
110    0.33726274967193604 0.69496464729309082  -2.0738852024078369         -2.9351420402526855 -2.5918588638305664 1.6258180141448975 
111    0.33129429817199707 0.73514896631240845  -1.9866408109664917         2.8496778011322021 -0.25662398338317871 -1.9474684000015259 
112    0.33042627573013306 0.77622091770172119  -1.8370320796966553         2.4992387294769287 0.27382016181945801 -2.0004642009735107 
113    0.34221687912940979 0.16881757974624634  -0.81658768653869629         -1.5960772037506104 0.10389614105224609 -1.6589090824127197 
114    0.34647881984710693 0.50034254789352417  -1.1432950496673584         -0.16304922103881836 -2.7717850208282471 -0.58541393280029297 
115    0.3425019383430481 0.55451726913452148  -1.7023180723190308         0.66928982734680176 3.1415927410125732 -1.0025269985198975 
116    0.34679719805717468 0.56373381614685059  -2.2503490447998047         1.9746134281158447 -3.1352641582489014 -2.3706278800964355 
117    0.34362423419952393 0.64857441186904907  -0.64151811599731445         -2.6937708854675293 -1.1441230773925781 -1.6933401823043823 
118    0.35076799988746643 0.45459237694740295  -2.6104648113250732         -2.6589226722717285 2.805250883102417 2.949354887008667 
119    0.35705119371414185 0.46787917613983154  -0.96668225526809692         -2.6656761169433594 -0.72688031196594238 -2.8735373020172119 
120    0.35547646880149841 0.47402951121330261  -0.77294409275054932         -2.9213626384735107 -1.3310974836349487 -3.0160524845123291 
121    0.3585166335105896 0.53098767995834351  -0.84656530618667603         2.4281303882598877 0.75907325744628906 2.6593005657196045 
122    0.35311433672904968 0.56002622842788696  -1.8150118589401245         1.2611525058746338 -3.0934126377105713 -1.6923571825027466 
123    0.35467866063117981 0.76540976762771606  -1.900670051574707         2.7118761539459229 -0.23072361946105957 -1.8838900327682495 
124    0.36505499482154846 0.10445155203342438  -0.2155633419752121         -1.1713460683822632 -0.74549031257629395 -0.68806815147399902 
125    0.36288928985595703 0.40453985333442688  -0.77532750368118286         2.8052456378936768 0.9427950382232666 2.1958210468292236 
126    0.35913461446762085 0.41813448071479797  -1.3537728786468506         -0.058282375335693359 3.1029689311981201 0.6551508903503418 
127    0.36794459819793701 0.58539986610412598  -0.68037670850753784         2.5586636066436768 1.452017068862915 3.0845096111297607 
128    0.36198782920837402 0.60907328128814697  -0.74863898754119873         -1.4335403442382812 -2.4424490928649902 -0.61185407638549805 
129    0.36929431557655334 0.16449274122714996  -1.481773853302002         -1.3881452083587646 -1.7231978178024292 1.5742242336273193 
130    0.37626707553863525 0.16738812625408173  -0.11158286035060883         -0.8977358341217041 -1.0985445976257324 -0.83756256103515625 
131    0.37783354520797729 0.21743246912956238  -1.3469611406326294         -0.79105639457702637 -2.2642076015472412 1.0290725231170654 
132    0.37459036707878113 0.30697846412658691  -2.1048767566680908         -1.5467277765274048 -2.5569734573364258 2.3267142772674561 
133    0.37592554092407227 0.47984057664871216  -0.65530335903167725         -2.9202868938446045 -1.5151048898696899 -2.8896324634552002 
134    0.37256979942321777 0.56238341331481934  -2.4216806888580322         2.3927891254425049 -2.6517632007598877 -2.8322238922119141 
135    0.37175649404525757 0.76524448394775391  -1.8615725040435791         1.6199753284454346 1.9187028408050537 -2.1711692810058594 
136    0.38229799270629883 0.14650432765483856  -1.4040993452072144         -1.9917370080947876 1.0787112712860107 -1.7985216379165649 
137    0.38668686151504517 0.16108827292919159  -1.2802416086196899         -1.8297855854034424 0.84034180641174316 -1.9189403057098389 
138    0.38851308822631836 0.31260010600090027  -2.142977237701416         -2.1963441371917725 -1.0419473648071289 2.8155028820037842 
139    0.38751465082168579 0.32849580049514771  -2.2562229633331299         -2.1278204917907715 -1.57926344871521 2.9089944362640381 
140    0.38328126072883606 0.40333148837089539  -2.7177531719207764         3.0419542789459229 -3.0120534896850586 -2.3828737735748291 
141    0.38206106424331665 0.41399514675140381  -0.20917502045631409         -2.662837028503418 -2.4422645568847656 -2.9530563354492188 
142    0.38568556308746338 0.42108088731765747  -0.76505780220031738         -2.0556645393371582 -0.83037233352661133 -2.6709861755371094 
143    0.38059604167938232 0.49111661314964294  -0.63614356517791748         2.4745829105377197 1.1142337322235107 2.4525430202484131 
144    0.38783416152000427 0.56803733110427856  -0.39131522178649902         -1.4079642295837402 -2.1433711051940918 -1.2432610988616943 
145    0.38190001249313354 0.70168101787567139  -0.98970222473144531         -2.2481608390808105 -2.3281822204589844 -0.18984007835388184 
146    0.37975618243217468 0.70270192623138428  -1.0080963373184204         -2.2539441585540771 -2.3346936702728271 -0.1569674015045166 
147    0.39317983388900757 0.34571155905723572  -0.99117136001586914         0.030677080154418945 -2.3251023292541504 -0.63866496086120605 
148    0.39666694402694702 0.37060749530792236  -2.2012050151824951         -2.2918086051940918 0.18387889862060547 3.0941784381866455 
149    0.39725598692893982 0.3950696587562561  -0.89149659872055054         -2.1071131229400635 -0.73134112358093262 -2.8878612518310547 
150    0.39317783713340759 0.41272783279418945  -0.26090264320373535         1.7845861911773682 1.9741322994232178 1.3508045673370361 
151    0.39141440391540527 0.42275866866111755  -0.33832728862762451         1.5576765537261963 2.090928316116333 1.2749154567718506 
152    0.39621633291244507 0.4915865957736969  -2.2033443450927734         2.1917641162872314 -2.6861863136291504 -2.2473282814025879 
153    0.38968667387962341 0.57566678524017334  -0.15695813298225403         2.811873197555542 2.487079381942749 2.8276422023773193 
154    0.39756685495376587 0.58773058652877808  -0.76731717586517334         -0.96714425086975098 -2.5682711601257324 -0.9151909351348877 
155    0.3897300660610199 0.62595093250274658  -2.6731874942779541         2.3086802959442139 -2.9112679958343506 3.1222708225250244 
156    0.39689293503761292 0.70046824216842651  -1.9851516485214233         1.1775023937225342 2.7162697315216064 -2.0478439331054688 
157    0.38923054933547974 0.7124287486076355  -1.461911678314209         0.40258073806762695 2.6654846668243408 -0.8694617748260498 
158    0.39624744653701782 0.88310360908508301  -0.2837626039981842         1.1573812961578369 0.51625466346740723 1.0693323612213135 
159    0.4054950475692749 0.12630158662796021  -1.1087816953659058         -1.7066586017608643 0.65124297142028809 -1.694974422454834 
160    0.40374943614006042 0.17110295593738556  -1.6585533618927002         -1.6986590623855591 -1.3024860620498657 2.0009815692901611 
161    0.3996337354183197 0.18743403255939484  -1.7316640615463257         -2.3186051845550537 -0.14547872543334961 1.9226548671722412 
162    0.40687701106071472 0.27350994944572449  -1.6342941522598267         -0.6277458667755127 -2.6678528785705566 1.3350851535797119 
163    0.40207943320274353 0.28800791501998901  -1.9651683568954468         2.896806001663208 2.7377102375030518 -1.349216103553772 
164    0.40504553914070129 0.33509182929992676  -1.4139076471328735         0.30939865112304688 -2.792618989944458 0.092264652252197266 
165    0.40120163559913635 0.38444569706916809  -0.94376426935195923         -2.0352470874786377 -0.60535287857055664 -2.8934056758880615 
166    0.40304261445999146 0.38932278752326965  -0.89022433757781982         -2.0702333450317383 -0.74199461936950684 -2.9038066864013672 
167    0.39956450462341309 0.43529152870178223  -1.7760641574859619         -1.270633339881897 2.8383042812347412 2.0216929912567139 
168    0.40763014554977417 0.45452883839607239  -2.5306389331817627         2.8588845729827881 -2.5740706920623779 -2.442326545715332 
169    0.40649598836898804 0.50579476356506348  -1.9190256595611572         1.6796228885650635 -2.6792721748352051 -2.0236334800720215 
170    0.40340796113014221 0.51957899332046509  -2.5109100341796875         3.0879991054534912 -1.579400897026062 -2.7144966125488281 
171    0.4041348397731781 0.54401504993438721  -0.13778498768806458         -1.9837493896484375 -1.6505388021469116 -1.863611102104187 
172    0.40790250897407532 0.56522804498672485  -1.4010754823684692         0.57595729827880859 -2.8121986389160156 -1.5912549495697021 
173    0.40404590964317322 0.62179064750671387  -1.0863628387451172         -0.73651909828186035 -2.9447286128997803 -0.55466604232788086 
174    0.4068029522895813 0.63580238819122314  -1.2302433252334595         -0.48938655853271484 -3.1171829700469971 -0.52588176727294922 
175    0.40827780961990356 0.71410876512527466  -0.83454298973083496         1.3576295375823975 0.25308895111083984 2.2950141429901123 
176    0.39958888292312622 0.74572241306304932  -0.87542217969894409         -3.1179847717285156 -1.1693357229232788 -1.3686033487319946 
177    0.40077057480812073 0.89806628227233887  -0.38046184182167053         0.93217587471008301 1.1536095142364502 0.25892472267150879 
178    0.40800222754478455 0.90634387731552124  -0.26003628969192505         1.1551668643951416 0.52293658256530762 0.90612292289733887 
179    0.41285678744316101 0.09178229421377182  -0.91047585010528564         -1.6096304655075073 0.41741394996643066 -1.4015066623687744 
180    0.4152519702911377 0.14998006820678711  -1.5780155658721924         -1.7011566162109375 -1.1436785459518433 1.8900606632232666 
181    0.41720831394195557 0.32710447907447815  -2.2067139148712158         -1.3007230758666992 -2.9219093322753906 2.354325532913208 
182    0.41216719150543213 0.50885266065597534  -2.4681811332702637         -2.8146388530731201 2.2568461894989014 2.5713074207305908 
183    0.40966957807540894 0.60934543609619141  -2.2215826511383057         1.9687955379486084 -2.6494152545928955 -2.8330047130584717 
184    0.41853106021881104 0.66696125268936157  -2.1742560863494873         2.0977003574371338 0.87290596961975098 -3.0033671855926514 
185    0.41518378257751465 0.70691210031509399  -2.0089995861053467         1.1395156383514404 2.7130134105682373 -2.1117343902587891 
186    0.41602799296379089 0.80181246995925903  -1.3189432621002197         0.66928982734680176 2.2275454998016357 -1.0025269985198975 
187    0.41730797290802002 0.86280477046966553  -0.82780718803405762         0.7100825309753418 1.7086122035980225 -0.3190162181854248 
188    0.42582285404205322 0.29481419920921326  -1.3359603881835938         -1.6706972122192383 0.48888516426086426 -2.7201566696166992 
189    0.42800262570381165 0.34633955359458923  -2.4128308296203613         -2.000767707824707 -1.9927030801773071 3.1216471195220947 
190    0.42006611824035645 0.38765484094619751  -0.046410124748945236         -2.6708152294158936 -2.7690041065216064 -2.6702935695648193 
191    0.42278873920440674 0.39216786623001099  -0.70421344041824341         -2.0352470874786377 -1.1684492826461792 -2.8934056758880615 
192    0.4233374297618866 0.46822217106819153  -0.63117623329162598         2.9796993732452393 1.4663231372833252 2.4968626499176025 
193    0.42306962609291077 0.52679038047790527  -0.20949395000934601         -2.0854835510253906 -1.6278204917907715 -2.0576572418212891 
194    0.42291095852851868 0.53646165132522583  -0.34379786252975464         -1.2463080883026123 -2.0833849906921387 -1.5850777626037598 
195    0.42909067869186401 0.66382169723510742  -0.74510854482650757         -1.9905416965484619 -2.3888144493103027 -0.6471560001373291 
196    0.43633577227592468 0.24286645650863647  -0.91122287511825562         2.8764717578887939 1.8255560398101807 0.64568281173706055 
197    0.43137654662132263 0.29944157600402832  -0.70434576272964478         2.5241258144378662 1.9925191402435303 0.83687639236450195 
198    0.43150141835212708 0.34617194533348083  -1.7281759977340698         0.91761994361877441 -3.0824704170227051 0.11720919609069824 
199    0.43019634485244751 0.41354191303253174  -2.1999292373657227         -2.3996107578277588 1.4654428958892822 2.7847802639007568 
200    0.43495965003967285 0.46199145913124084  -2.1022107601165771         2.1447346210479736 -2.572350025177002 -2.0022821426391602 
201    0.43677672743797302 0.51057338714599609  -0.43313506245613098         -1.012686014175415 -2.0443394184112549 -1.7429780960083008 
202    0.43880698084831238 0.53365492820739746  -0.21377064287662506         -2.2075450420379639 -1.6981837749481201 -2.0580015182495117 
203    0.43842419981956482 0.55570739507675171  -0.31743606925010681         -1.4079642295837402 -2.1433711051940918 -1.5569714307785034 
204    0.43634709715843201 0.64847326278686523  -0.53087586164474487         1.988814115524292 1.9755623340606689 3.1082875728607178 
205    0.43753403425216675 0.71967339515686035  -2.0478482246398926         1.1861569881439209 2.6088817119598389 -2.2682294845581055 
206    0.42948085069656372 0.72874855995178223  -1.7200571298599243         1.8534362316131592 -1.2967296838760376 2.7013733386993408 
207    0.44053342938423157 0.040828388184309006  -0.36434584856033325         -1.1708323955535889 -0.64464497566223145 -0.28347063064575195 
208    0.44092828035354614 0.26916623115539551  -2.0927236080169678         -3.0803301334381104 1.2184579372406006 1.4873340129852295 
209    0.44143134355545044 0.3095039427280426  -1.762952446937561         -0.27979612350463867 -2.9438679218292236 1.3314735889434814 
210    0.43960830569267273 0.55328786373138428  -0.32035353779792786         2.4633452892303467 1.8743870258331299 2.6179373264312744 
211    0.44257688522338867 0.6056397557258606  -1.4196977615356445         0.5305626392364502 -2.8590197563171387 -1.8372715711593628 
212    0.44211283326148987 0.63599598407745361  -2.1340813636779785         1.9160263538360596 -2.0498828887939453 -3.0161716938018799 
213    0.44902554154396057 0.94080251455307007  -1.3730337619781494         2.3192250728607178 -0.71429634094238281 -0.45523524284362793 
214    0.45829305052757263 0.14699263870716095  -1.567638635635376         -1.96718430519104 -0.41571927070617676 1.8504927158355713 
215    0.45432713627815247 0.17259399592876434  -0.35872769355773926         -0.510498046875 -1.356629490852356 -0.72830486297607422 
216    0.45828238129615784 0.24848730862140656  -1.6686373949050903         -0.55858206748962402 -2.5990622043609619 1.4882462024688721 
217    0.45365729928016663 0.27513611316680908  -1.7300879955291748         2.8117644786834717 2.7298176288604736 -0.89859366416931152 
218    0.45207715034484863 0.34677046537399292  -1.7189538478851318         1.2405598163604736 -2.9359259605407715 -0.38471841812133789 
219    0.45509397983551025 0.35822251439094543  -0.89581155776977539         -1.5918459892272949 -0.66497468948364258 -2.850860595703125 
220    0.45658203959465027 0.36520513892173767  -0.21141479909420013         -2.6653895378112793 -2.9236361980438232 -2.4057784080505371 
221    0.45443037152290344 0.40342617034912109  -1.934089183807373         -1.581618070602417 2.3903391361236572 2.6406123638153076 
222    0.45774054527282715 0.47164055705070496  -0.86935144662857056         -0.11295437812805176 -2.0859920978546143 -1.793242335319519 
223    0.45067483186721802 0.54994809627532959  -2.0997591018676758         2.1557776927947998 -2.0090866088867188 -2.5402493476867676 
224    0.45185837149620056 0.57583123445510864  -0.49070978164672852         1.5351288318634033 1.3913462162017822 2.496715784072876 
225    0.4522278904914856 0.63391733169555664  -2.0681354999542236         1.6459014415740967 -2.6194133758544922 -2.8537471294403076 
226    0.46851179003715515 0.069376736879348755  -1.3054149150848389         -2.0495836734771729 0.10000467300415039 1.0753176212310791 
227    0.46571558713912964 0.11096271872520447  -1.4566158056259155         -2.1080565452575684 0.02406764030456543 1.4355685710906982 
228    0.46557489037513733 0.16640423238277435  -1.6255283355712891         -2.0092754364013672 -0.34302902221679688 1.9556615352630615 
229    0.46245342493057251 0.30321574211120605  -2.0445096492767334         -1.885108470916748 -0.7837674617767334 2.8964455127716064 
230    0.46062400937080383 0.40985387563705444  -0.26063254475593567         2.2745726108551025 1.9246060848236084 1.6371777057647705 
231    0.46711558103561401 0.51186466217041016  -0.57362210750579834         0.76049113273620605 1.9892418384552002 1.9650523662567139 
232    0.46577098965644836 0.58141255378723145  -0.5651891827583313         0.77580070495605469 1.5126392841339111 2.1592452526092529 
233    0.46276953816413879 0.69317209720611572  -2.3037087917327881         1.422135591506958 2.6552178859710693 -2.7301244735717773 
234    0.46096351742744446 0.7362627387046814  -2.3017363548278809         2.4751107692718506 -2.5721807479858398 2.1273772716522217 
235    0.46136859059333801 0.76608669757843018  -2.2960608005523682         2.9831960201263428 -2.5182504653930664 1.2444469928741455 
236    0.47538277506828308 0.18701350688934326  -1.3213686943054199         -0.48356389999389648 -2.2235403060913086 1.0100109577178955 
237    0.47533303499221802 0.27853330969810486  -2.0977790355682373         -1.5968958139419556 -1.7229971885681152 2.7887747287750244 
238    0.47412389516830444 0.32022511959075928  -0.66400891542434692         2.9117238521575928 1.669661283493042 1.3812720775604248 
239    0.47395989298820496 0.40353545546531677  -2.1007399559020996         -2.4080047607421875 1.2920114994049072 2.5390012264251709 
240    0.47337815165519714 0.42088648676872253  -0.28180217742919922         2.4069516658782959 1.9026229381561279 1.7466261386871338 
241    0.4781532883644104 0.46220153570175171  -0.84157687425613403         -0.16353702545166016 -1.9442043304443359 -1.9533429145812988 
242    0.47474676370620728 0.52580535411834717  -0.59744495153427124         0.71820783615112305 1.9042394161224365 2.0536715984344482 
243    0.47647929191589355 0.55023670196533203  -2.0592131614685059         2.1963698863983154 -1.8235135078430176 -2.4521355628967285 
244    0.47620642185211182 0.60808843374252319  -0.67977142333984375         -3.1249294281005859 -1.5008405447006226 -1.9948396682739258 
245    0.47061750292778015 0.70957028865814209  -1.9804805517196655         2.6505730152130127 -0.79689431190490723 -2.028933048248291 
246    0.47701194882392883 0.76267081499099731  -1.1787042617797852         -2.9011266231536865 -2.1818830966949463 -0.11992192268371582 
247    0.48238846659660339 0.18726716935634613  -1.8775867223739624         -2.1328706741333008 1.9344379901885986 -1.9584484100341797 
248    0.48126238584518433 0.25249043107032776  -1.7238798141479492         -0.50947475433349609 -2.6346731185913086 1.5879223346710205 
249    0.48440343141555786 0.30265733599662781  -1.6705682277679443         0.29769682884216309 -2.9229483604431152 0.87350678443908691 
250    0.48387590050697327 0.31166726350784302  -0.73623859882354736         2.5773866176605225 2.1361982822418213 0.84245181083679199 
251    0.48767474293708801 0.3783586323261261  -0.16180317103862762         -2.5016868114471436 -2.7701072692871094 -2.38336181640625 
252    0.48823568224906921 0.39188924431800842  -1.989497184753418         -2.0886898040771484 1.2378733158111572 2.6587331295013428 
253    0.48791578412055969 0.50317502021789551  -0.72689610719680786         -0.52484774589538574 -2.1182646751403809 -2.009645938873291 
254    0.48909828066825867 0.59224432706832886  -0.75261837244033813         -0.81364917755126953 -2.6334362030029297 -1.4681291580200195 
255    0.48098692297935486 0.66797918081283569  -1.1897639036178589         1.5262343883514404 0.068237543106079102 2.9825518131256104 
256    0.48946821689605713 0.68695652484893799  -1.5295368432998657         1.5285098552703857 -0.73727631568908691 2.9796702861785889 
257    0.48483091592788696 0.70562618970870972  -2.2213425636291504         1.2487475872039795 2.6017463207244873 -2.6389265060424805 
258    0.48390120267868042 0.72265678644180298  -2.108527660369873         3.072195291519165 -1.4390902519226074 -1.3612282276153564 
259    0.4872400164604187 0.75404471158981323  -1.3662955760955811         1.425220251083374 -0.73871517181396484 2.5542418956756592 
260    0.4820522665977478 0.77455103397369385  -2.0626003742218018         3.0975830554962158 -1.6244049072265625 -0.8195488452911377 
261    0.48587483167648315 0.92306876182556152  -1.3195861577987671         2.0210750102996826 -0.083089351654052734 -1.1559196710586548 
262    0.49436655640602112 0.14993737637996674  -0.24779924750328064         -0.73797488212585449 -0.70598316192626953 -1.2469099760055542 
263    0.49426344037055969 0.30226394534111023  -2.1059510707855225         -1.6104490756988525 -1.4094759225845337 2.9540426731109619 
264    0.49480658769607544 0.31651273369789124  -1.7588791847229004         0.43000602722167969 -3.0228910446166992 0.93505454063415527 
265    0.49297749996185303 0.4793548583984375  -0.69403541088104248         0.64060091972351074 2.2261502742767334 1.9645140171051025 
266    0.49282926321029663 0.66383016109466553  -1.1002439260482788         -0.80139803886413574 -3.1179108619689941 -0.76686739921569824 
267    0.49127715826034546 0.90211009979248047  -0.81712990999221802         1.3349053859710693 -0.31431293487548828 1.4924952983856201 
268    0.49816840887069702 0.97837132215499878  -0.67949765920639038         1.2262599468231201 0.72305774688720703 -0.39931988716125488 
269    0.50595772266387939 0.089241407811641693  -1.3000653982162476         -1.6253976821899414 -0.62986612319946289 1.4919965267181396 
270    0.50355058908462524 0.35092076659202576  -0.69621199369430542         2.1502382755279541 2.4549014568328857 0.84944033622741699 
271    0.50918328762054443 0.38292637467384338  -0.83614844083786011         0.037481307983398438 -1.5868264436721802 -1.8551203012466431 
272    0.50543302297592163 0.39419615268707275  -0.97450512647628784         0.31119632720947266 -1.8028404712677002 -1.7058259248733521 
273    0.50910085439682007 0.56976205110549927  -0.33297815918922424         -1.7579455375671387 -2.344409704208374 -1.5602805614471436 
274    0.50837528705596924 0.57161831855773926  -0.95395815372467041         -0.15203237533569336 1.7527811527252197 1.9725205898284912 
275    0.50008666515350342 0.58724749088287354  -0.41373082995414734         1.6773393154144287 1.9312479496002197 2.6539566516876221 
276    0.50708752870559692 0.63652116060256958  -0.79898732900619507         -1.4609414339065552 -2.7801642417907715 -0.86857366561889648 
277    0.50484281778335571 0.83982646465301514  -1.2341721057891846         0.50830674171447754 2.0481421947479248 -0.97477221488952637 
278    0.51741814613342285 0.13677302002906799  -0.25916182994842529         -0.73440074920654297 -0.62543058395385742 -1.2215206623077393 
279    0.51223450899124146 0.19450782239437103  -1.6535259485244751         -2.1253757476806641 0.14538860321044922 1.9145524501800537 
280    0.51820075511932373 0.23181143403053284  -1.1436502933502197         0.18712806701660156 -2.2712595462799072 0.12110209465026855 
281    0.51740568876266479 0.27408868074417114  -2.4123249053955078         -2.9767050743103027 2.7779419422149658 -1.2612473964691162 
282    0.51212239265441895 0.31372955441474915  -2.5383474826812744         -2.8454899787902832 3.0195567607879639 -1.70052170753479 
283    0.51929938793182373 0.32670986652374268  -2.0262212753295898         -1.4947688579559326 -0.86603355407714844 3.0832350254058838 
284    0.5185742974281311 0.36134466528892517  -0.87505596876144409         -1.1416624784469604 -0.83573651313781738 -2.8259692192077637 
285    0.51533889770507812 0.53951436281204224  -1.4668357372283936         0.88904690742492676 -2.0640993118286133 -2.3599333763122559 
286    0.51864039897918701 0.57636946439743042  -0.10013245791196823         2.3522264957427979 2.5022337436676025 2.2591745853424072 
287    0.51733952760696411 0.66396844387054443  -0.68634217977523804         1.4711387157440186 2.0610964298248291 3.1294801235198975 
288    0.51547038555145264 0.75211441516876221  -1.8388148546218872         1.6491124629974365 -1.6942152976989746 2.5912964344024658 
289    0.52824807167053223 0.19210311770439148  -1.6353861093521118         -1.7759404182434082 -0.46753239631652832 2.1571729183197021 
290    0.52892971038818359 0.29811945557594299  -1.9451664686203003         -1.4818156957626343 1.7408654689788818 -2.9097630977630615 
291    0.52412170171737671 0.33784213662147522  -1.1012603044509888         1.8105361461639404 2.9600088596343994 0.27185869216918945 
292    0.52827799320220947 0.35940355062484741  -0.32292625308036804         -2.184025764465332 -2.9449901580810547 -2.3775157928466797 
293    0.5279574990272522 0.39326155185699463  -0.34545379877090454         -2.675276517868042 -2.7843241691589355 -2.0030927658081055 
294    0.52195656299591064 0.40253353118896484  -2.2034640312194824         2.4891960620880127 -2.6838135719299316 -1.4309573173522949 
295    0.52288973331451416 0.57502537965774536  -0.91581082344055176         -0.036182165145874023 1.6109950542449951 2.1062309741973877 
296    0.52084577083587646 0.71609723567962646  -0.68919074535369873         -0.03056788444519043 1.5316369533538818 1.304668664932251 
297    0.53186637163162231 0.16229240596294403  -1.9077632427215576         -2.7218859195709229 1.9511182308197021 -0.40261936187744141 
298    0.53395473957061768 0.32518026232719421  -1.756645679473877         1.2344968318939209 -2.9242806434631348 0.11142659187316895 
299    0.5386192798614502 0.36594659090042114  -0.84499365091323853         -1.1705923080444336 -1.1348614692687988 -2.9449620246887207 
300    0.53512829542160034 0.42563015222549438  -0.21049338579177856         -1.9745457172393799 -2.466454029083252 -2.3543028831481934 
301    0.53439563512802124 0.61075109243392944  -0.72482597827911377         1.1480691432952881 1.4654195308685303 2.819570779800415 
302    0.53729516267776489 0.63673686981201172  -1.7916259765625         1.3355305194854736 -1.4730594158172607 -2.9891278743743896 
303    0.5379064679145813 0.66852140426635742  -2.4619033336639404         1.4506795406341553 -2.7981178760528564 3.0323770046234131 
304    0.53428947925567627 0.67310422658920288  -0.87566477060317993         0.75275206565856934 0.54471492767333984 2.4975411891937256 
305    0.53321021795272827 0.80442875623703003  -1.1856061220169067         0.081921100616455078 2.2043321132659912 -0.57355833053588867 
306    0.53700274229049683 0.86165952682495117  -1.1325962543487549         0.51104521751403809 1.8772971630096436 -0.8968813419342041 
307    0.54331445693969727 0.21777066588401794  -1.7198331356048584         -1.5586196184158325 -0.86283230781555176 2.3874857425689697 
308    0.54497277736663818 0.34323158860206604  -0.73719006776809692         -1.3123139142990112 -2.3420162200927734 -3.1118075847625732 
309    0.5472031831741333 0.38250604271888733  -1.9164118766784668         -2.2753331661224365 1.2507622241973877 2.171339750289917 
310    0.54637759923934937 0.54206997156143188  -1.634907603263855         -1.5606824159622192 2.0447409152984619 1.7516138553619385 
311    0.5461806058883667 0.6462128758430481  -0.57996660470962524         1.6250097751617432 2.9138095378875732 2.786973237991333 
312    0.54138857126235962 0.69007414579391479  -2.4187641143798828         2.2061417102813721 -2.9273505210876465 2.2011010646820068 
313    0.5469059944152832 0.70077860355377197  -2.1872439384460449         0.94560647010803223 2.6017463207244873 -2.6389265060424805 
314    0.54824817180633545 0.74020850658416748  -1.0299227237701416         0.92185616493225098 -0.100616455078125 2.4079296588897705 
315    0.54398363828659058 0.83555883169174194  -1.5543234348297119         1.0552089214324951 1.6617090702056885 -1.8966546058654785 
316    0.55844497680664062 0.22128911316394806  -1.6973466873168945         -1.5350058078765869 -0.7883150577545166 2.3804118633270264 
317    0.55372381210327148 0.34884569048881531  -1.500799298286438         1.2423632144927979 -2.4281144142150879 -0.7703249454498291 
318    0.55378216505050659 0.44648334383964539  -1.3120121955871582         0.93349909782409668 -1.7881184816360474 -1.9074413776397705 
319    0.55066126585006714 0.47154873609542847  -1.0614243745803833         0.053232431411743164 2.2029373645782471 2.3945262432098389 
320    0.56015342473983765 0.56938481330871582  -0.87788999080657959         -0.56823492050170898 -2.6698234081268311 -2.0134949684143066 
321    0.55166918039321899 0.61169129610061646  -2.0474376678466797         2.6307728290557861 -1.54897141456604 -1.8593717813491821 
322    0.56009602546691895 0.63195145130157471  -1.7476708889007568         1.4716012477874756 -0.72815704345703125 -2.8087477684020996 
323    0.55921316146850586 0.76061290502548218  -1.9544036388397217         2.8399350643157959 -1.6466598510742188 -0.84955406188964844 
324    0.55247676372528076 0.83001881837844849  -1.8336303234100342         2.1626851558685303 -2.0051949024200439 1.5283939838409424 
325    0.56172752380371094 0.18591873347759247  -1.9660195112228394         -2.6273622512817383 2.1534931659698486 -0.73804569244384766 
326    0.56886345148086548 0.35142526030540466  -0.48913326859474182         -1.9368865489959717 -3.117180347442627 -2.3486771583557129 
327    0.56175851821899414 0.38821583986282349  -0.72546482086181641         -1.1292815208435059 -1.894153356552124 -2.9008088111877441 
328    0.56892585754394531 0.41954386234283447  -1.2840516567230225         0.96825575828552246 -1.8028404712677002 -1.7058259248733521 
329    0.56113064289093018 0.43342086672782898  -1.7486951351165771         -1.7649616003036499 1.4143331050872803 2.3106000423431396 
330    0.56642180681228638 0.65777039527893066  -1.9955706596374512         2.6748998165130615 -1.5011017322540283 -1.6133551597595215 
331    0.56551647186279297 0.6618073582649231  -2.4677109718322754         2.0691807270050049 -3.0808260440826416 2.2348449230194092 
332    0.56108307838439941 0.72352111339569092  -1.3820172548294067         1.1070268154144287 -0.69904875755310059 2.6835939884185791 
333    0.56552469730377197 0.77826917171478271  -1.4835734367370605         0.11912870407104492 2.409959077835083 -1.1785131692886353 
334    0.56315869092941284 0.82627111673355103  -1.585294246673584         1.143118143081665 1.48091721534729 -2.0381507873535156 
335    0.573616623878479 0.039151497185230255  -0.90340536832809448         -1.2846972942352295 -0.63415622711181641 0.87230277061462402 
336    0.57629311084747314 0.35182058811187744  -1.9214332103729248         -1.0953238010406494 -0.75168323516845703 3.1415927410125732 
337    0.58031100034713745 0.36924582719802856  -1.207150936126709         0.13992929458618164 3.0541121959686279 2.0307414531707764 
338    0.57450896501541138 0.38194116950035095  -1.4506332874298096         -0.36494135856628418 2.8658115863800049 2.5315258502960205 
339    0.57718586921691895 0.41998928785324097  -0.55215311050415039         -2.7479238510131836 -2.8023390769958496 -1.6047862768173218 
340    0.5765843391418457 0.44129565358161926  -0.65322613716125488         -1.0948679447174072 -2.3208763599395752 -2.5982918739318848 
341    0.57609516382217407 0.63924103975296021  -1.0910961627960205         -0.42184662818908691 -3.0934126377105713 -1.6923571825027466 
342    0.57641816139221191 0.64946514368057251  -2.0352058410644531         -1.763857364654541 3.1125881671905518 -0.22256922721862793 
343    0.58056235313415527 0.72852098941802979  -0.9176713228225708         0.6593017578125 0.14686179161071777 2.2984964847564697 
344    0.57658833265304565 0.80422240495681763  -0.92562311887741089         -0.10156583786010742 1.9263026714324951 0.034123659133911133 
345    0.57196033000946045 0.87807202339172363  -1.0285844802856445         0.50386881828308105 1.7133605480194092 -0.80548667907714844 
346    0.57109987735748291 0.97707861661911011  -0.89501875638961792         1.53883957862854 0.13376784324645996 -0.62112331390380859 
347    0.58666598796844482 0.077859126031398773  -0.40622708201408386         -0.59320688247680664 -1.0869834423065186 -0.091943740844726562 
348    0.58681958913803101 0.35088765621185303  -2.083076000213623         -1.0440058708190918 -1.5393675565719604 3.106311559677124 
349    0.58162593841552734 0.35875949263572693  -1.8124164342880249         -2.1894445419311523 1.152634859085083 2.0123498439788818 
350    0.58182382583618164 0.37630140781402588  -0.87293815612792969         -0.9709925651550293 -1.5026675462722778 -3.0304536819458008 
351    0.58556234836578369 0.38584724068641663  -1.7122396230697632         -1.7594934701919556 0.98043370246887207 2.3604772090911865 
352    0.58558756113052368 0.44081872701644897  -0.6709861159324646         -1.0948679447174072 -2.4217216968536377 -2.5982918739318848 
353    0.58316230773925781 0.46208661794662476  -0.69962590932846069         -3.1025874614715576 -2.5906221866607666 -1.4302494525909424 
354    0.58211410045623779 0.57906419038772583  -0.95273959636688232         0.41006875038146973 1.2014486789703369 2.7070729732513428 
355    0.58632421493530273 0.62596964836120605  -0.81646287441253662         1.0637276172637939 2.4058940410614014 3.0188257694244385 
356    0.59930896759033203 0.28398174047470093  -2.1215660572052002         -1.6683862209320068 2.4422328472137451 -2.3665833473205566 
357    0.5940898060798645 0.36243224143981934  -1.2391370534896851         0.13992929458618164 3.1415927410125732 2.0307414531707764 
358    0.59441894292831421 0.37373211979866028  -2.285963773727417         2.5632622241973877 -3.0214259624481201 -0.58090400695800781 
359    0.59453630447387695 0.39217022061347961  -0.96095794439315796         -0.76724910736083984 -1.1833351850509644 -2.9816906452178955 
360    0.59798061847686768 0.53693127632141113  -0.74474620819091797         -3.0724623203277588 -2.3959074020385742 -1.2670052051544189 
361    0.59425818920135498 0.55251282453536987  -1.2566732168197632         -0.87807345390319824 1.5199863910675049 1.9923350811004639 
362    0.59270703792572021 0.67258816957473755  -1.0810940265655518         -2.9923660755157471 -2.4055798053741455 -0.46263647079467773 
363    0.59283345937728882 0.73763954639434814  -2.1092896461486816         2.9611608982086182 -2.145892858505249 -0.2702031135559082 
364    0.59752774238586426 0.97718489170074463  -0.81883502006530762         1.4340851306915283 0.17523479461669922 -0.54762721061706543 
365    0.60599499940872192 0.38773611187934875  -0.9801974892616272         2.5021908283233643 2.772083044052124 0.57100272178649902 
366    0.60308980941772461 0.51745152473449707  -2.0520236492156982         2.5302698612213135 -2.1322546005249023 -1.4271082878112793 
367    0.60195422172546387 0.56637036800384521  -1.0386086702346802         0.23986005783081055 1.1090705394744873 2.745103120803833 
368    0.60705298185348511 0.58701497316360474  -1.5129305124282837         0.70988345146179199 -1.5274010896682739 -2.9673194885253906 
369    0.60338664054870605 0.61806273460388184  -1.5395438671112061         -1.4564473628997803 2.2598044872283936 0.95664048194885254 
370    0.60453921556472778 0.64385074377059937  -2.425877571105957         2.470961332321167 -3.0746316909790039 1.5466153621673584 
371    0.60566377639770508 0.68660074472427368  -1.833112359046936         1.1650388240814209 0.9471428394317627 -2.8279464244842529 
372    0.60445088148117065 0.69871765375137329  -1.6474308967590332         1.7497212886810303 -0.35425662994384766 -2.2843954563140869 
373    0.60619246959686279 0.97975033521652222  -0.66372573375701904         1.2262599468231201 0.39086484909057617 -0.39931988716125488 
374    0.61308008432388306 0.15351951122283936  -0.78508812189102173         -0.88166165351867676 0.20153498649597168 -1.7161624431610107 
375    0.61343330144882202 0.17763219773769379  -0.85012131929397583         0.040228843688964844 -1.7770528793334961 0.012095451354980469 
376    0.61427503824234009 0.19202131032943726  -1.4643632173538208         -1.6599388122558594 -0.13019442558288574 1.914654016494751 
377    0.61323589086532593 0.24053823947906494  -1.9689619541168213         -2.7537295818328857 2.0273301601409912 0.18611812591552734 
378    0.62070012092590332 0.54224276542663574  -1.0220611095428467         0.41703605651855469 1.9488356113433838 2.8978507518768311 
379    0.61280441284179688 0.58831799030303955  -1.4640281200408936         0.34364509582519531 -2.7089405059814453 -2.8125228881835938 
380    0.61299383640289307 0.67781484127044678  -1.1221314668655396         0.58884191513061523 -0.026762008666992188 2.600970983505249 
381    0.6177593469619751 0.79548609256744385  -0.6127464771270752         0.49666333198547363 0.3484799861907959 1.716052770614624 
382    0.61389303207397461 0.90829938650131226  -1.120768666267395         1.1096580028533936 0.97508454322814941 -1.3322799205780029 
383    0.62335604429244995 0.21406735479831696  -1.8362804651260376         -1.8285175561904907 2.0822432041168213 -1.797488808631897 
384    0.63075882196426392 0.28216645121574402  -1.1275240182876587         0.70247173309326172 -2.0456581115722656 -0.43340373039245605 
385    0.62515449523925781 0.39384695887565613  -1.5925984382629395         -0.69856977462768555 1.8812782764434814 3.1255114078521729 
386    0.62578129768371582 0.41578671336174011  -1.6084940433502197         -1.6904094219207764 1.1525380611419678 2.0934522151947021 
387    0.62800735235214233 0.42232483625411987  -0.98427122831344604         -0.69810152053833008 -2.5431742668151855 -2.964637279510498 
388    0.63038605451583862 0.44085854291915894  -0.74797207117080688         1.7842299938201904 2.9795572757720947 1.1794068813323975 
389    0.62374347448348999 0.53916007280349731  -1.5128008127212524         1.4162371158599854 -1.2511754035949707 -2.145075798034668 
390    0.62622720003128052 0.6214754581451416  -1.9960788488388062         -1.3200814723968506 3.081218957901001 -0.96358537673950195 
391    0.63022571802139282 0.6698036789894104  -0.8274574875831604         -0.11992692947387695 0.92103981971740723 1.9066698551177979 
392    0.63096922636032104 0.70429360866546631  -1.9570198059082031         0.54270648956298828 2.3335392475128174 -2.4127676486968994 
393    0.62226706743240356 0.75184524059295654  -1.6563541889190674         2.2869040966033936 -1.1305902004241943 -1.3156067132949829 
394    0.6312788724899292 0.84330224990844727  -1.6529444456100464         2.0484068393707275 -1.8381873369216919 1.0878622531890869 
395    0.6329842209815979 0.39600864052772522  -1.3282408714294434         -0.56330990791320801 0.025842428207397461 -3.0397772789001465 
396    0.63457691669464111 0.47236025333404541  -1.3576030731201172         -0.46373605728149414 0.91111254692077637 2.8459451198577881 
397    0.64074313640594482 0.57317656278610229  -1.1347171068191528         0.44476127624511719 1.0052835941314697 3.0826661586761475 
398    0.63883090019226074 0.593616783618927  -1.1392611265182495         0.14849424362182617 0.43501734733581543 2.6957213878631592 
399    0.63477486371994019 0.6206965446472168  -1.1135752201080322         0.2648165225982666 0.30808138847351074 2.6484014987945557 
400    0.63676291704177856 0.77990049123764038  -1.4297977685928345         0.051277399063110352 2.2397301197052002 -1.222502589225769 
401    0.64040613174438477 0.80328696966171265  -1.7238003015518188         2.4447038173675537 -1.7372920513153076 -0.15114688873291016 
402    0.65005290508270264 0.25581562519073486  -1.8234245777130127         -1.4390213489532471 1.9890658855438232 -2.2045161724090576 
403    0.65102165937423706 0.30913984775543213  -1.8588920831680298         -1.0823707580566406 1.8552515506744385 -2.6264386177062988 
404    0.64500707387924194 0.34286507964134216  -2.0666532516479492         -0.18063473701477051 -2.7127780914306641 2.3494679927825928 
405    0.64839524030685425 0.43893438577651978  -1.4877915382385254         -0.48288249969482422 0.48386168479919434 3.0434997081756592 
406    0.64448577165603638 0.49999505281448364  -1.2267093658447266         0.013040781021118164 1.7225821018218994 3.0078518390655518 
407    0.64638954401016235 0.55074578523635864  -1.4313465356826782         0.19823217391967773 -2.6546685695648193 -2.9931845664978027 
408    0.64352136850357056 0.59706699848175049  -1.1817448139190674         0.21790027618408203 0.28008556365966797 2.7552735805511475 
409    0.64764440059661865 0.60184049606323242  -1.9484016895294189         -1.9781277179718018 2.7843225002288818 0.13381838798522949 
410    0.64303368330001831 0.67062431573867798  -1.5624104738235474         1.5516989231109619 -0.38553452491760254 -2.2753114700317383 
411    0.65757447481155396 0.19210800528526306  -1.2841718196868896         -0.15808701515197754 -2.001420259475708 1.1276271343231201 
412    0.65164506435394287 0.34283360838890076  -1.6486520767211914         1.2543728351593018 -2.6383254528045654 0.23883843421936035 
413    0.65732026100158691 0.38292700052261353  -1.5862023830413818         -0.96250152587890625 -0.1043851375579834 2.7483088970184326 
414    0.65619403123855591 0.45374533534049988  -1.4034343957901001         -1.002197265625 0.7408757209777832 2.4353864192962646 
415    0.65677410364151001 0.5408480167388916  -1.2228426933288574         -3.0538370609283447 -2.8723134994506836 -0.37380194664001465 
416    0.65340781211853027 0.62472003698348999  -0.95832520723342896         -0.39821147918701172 1.003493070602417 1.9333341121673584 
417    0.65954232215881348 0.66290688514709473  -1.53730309009552         1.7375929355621338 -0.77091002464294434 -1.948820948600769 
418    0.65726363658905029 0.68774080276489258  -1.6465688943862915         0.8809664249420166 -1.357170581817627 2.6676523685455322 
419    0.65616971254348755 0.83231699466705322  -1.644169807434082         2.1707508563995361 -1.8226226568222046 0.62633752822875977 
420    0.65934807062149048 0.87823265790939331  -0.58915656805038452         0.81278252601623535 -0.085323572158813477 1.3420078754425049 
421    0.66453468799591064 0.1529192328453064  -1.3508057594299316         -1.4386967420578003 1.3375637531280518 -1.6095168590545654 
422    0.66524380445480347 0.22901737689971924  -1.5981079339981079         -0.65894556045532227 -1.7441102266311646 2.0557076930999756 
423    0.67010712623596191 0.29964736104011536  -2.0468971729278564         -2.4688587188720703 2.4859702587127686 -0.6557464599609375 
424    0.66768032312393188 0.37324899435043335  -1.859345555305481         1.0442569255828857 -2.8681697845458984 1.1071856021881104 
425    0.66705018281936646 0.50241857767105103  -1.5486757755279541         0.0066580772399902344 -0.29018115997314453 3.1334025859832764 
426    0.67079627513885498 0.5145714282989502  -2.4290063381195068         0.2724602222442627 -2.990748405456543 2.9494435787200928 
427    0.66877579689025879 0.54502642154693604  -2.3135695457458496         2.3931601047515869 -3.0830552577972412 0.91799187660217285 
428    0.66305553913116455 0.77845239639282227  -1.4043833017349243         0.047703266143798828 2.159686803817749 -1.2478916645050049 
429    0.66246569156646729 0.86845821142196655  -1.4320765733718872         2.0971782207489014 -1.3963831663131714 0.076415061950683594 
430    0.67306363582611084 0.24129123985767365  -0.94656831026077271         0.44192886352539062 -1.8203272819519043 -0.24918818473815918 
431    0.67298024892807007 0.33488413691520691  -1.9491872787475586         -0.16104292869567871 -2.4904336929321289 2.2836167812347412 
432    0.6757206916809082 0.40368017554283142  -2.0121243000030518         0.71903824806213379 -2.9313013553619385 1.7618234157562256 
433    0.67202919721603394 0.46549493074417114  -2.3370611667633057         -0.086789846420288086 -2.7017686367034912 3.01590895652771 
434    0.67934691905975342 0.75088578462600708  -1.8627499341964722         2.2767302989959717 -2.2196016311645508 0.70051431655883789 
435    0.68150854110717773 0.79566514492034912  -1.6862704753875732         1.8549268245697021 -1.9678069353103638 1.29848313331604 
436    0.69047999382019043 0.25848236680030823  -1.5196166038513184         -0.99198436737060547 -0.93631863594055176 2.2590816020965576 
437    0.68841856718063354 0.47653287649154663  -2.2079770565032959         0.064299821853637695 -2.5095572471618652 2.8967978954315186 
438    0.68717324733734131 0.60036695003509521  -1.7489418983459473         0.48690247535705566 -1.4085419178009033 2.8663499355316162 
439    0.6902536153793335 0.64947426319122314  -1.4509578943252563         1.6001193523406982 -0.7450096607208252 -1.8852425813674927 
440    0.684856116771698 0.86784613132476807  -1.1480274200439453         1.01157546043396 0.89645218849182129 -1.4792784452438354 
441    0.70166712999343872 0.22037161886692047  -1.3101233243942261         -1.6588712930679321 0.42726898193359375 1.4960505962371826 
442    0.70022010803222656 0.31230834126472473  -0.93408173322677612         0.67082405090332031 -1.5524915456771851 -0.90874385833740234 
443    0.69695216417312622 0.51648098230361938  -1.8195890188217163         0.098168134689331055 1.3839199542999268 -2.9547915458679199 
444    0.69483906030654907 0.54422169923782349  -2.1291465759277344         -0.58095121383666992 2.8787853717803955 -2.2307808399200439 
445    0.69299477338790894 0.63857901096343994  -1.5993553400039673         0.57730364799499512 -1.2031213045120239 2.7092235088348389 
446    0.70573323965072632 0.32587647438049316  -1.8475604057312012         -2.3852815628051758 2.1287481784820557 0.15157151222229004 
447    0.70832943916320801 0.53428834676742554  -2.0871751308441162         -0.60456490516662598 2.7839362621307373 -2.225717306137085 
448    0.70683532953262329 0.59517252445220947  -2.0075268745422363         2.4295279979705811 -2.4873642921447754 0.03327488899230957 
449    0.70711338520050049 0.70784032344818115  -1.8800780773162842         1.8702871799468994 -2.3549456596374512 1.3440744876861572 
450    0.71057957410812378 0.74577051401138306  -1.3258354663848877         -0.29658317565917969 2.1538383960723877 -0.91713881492614746 
451    0.7106395959854126 0.89200997352600098  -0.56466162204742432         0.85981488227844238 -0.20278000831604004 1.0953037738800049 
452    0.71587055921554565 0.13978083431720734  -0.50768393278121948         -0.65326619148254395 0.010533332824707031 -1.2320644855499268 
453    0.72160708904266357 0.19969910383224487  -1.2621555328369141         -1.7661229372024536 0.74710559844970703 1.0497944355010986 
454    0.71618497371673584 0.44125479459762573  -1.8330512046813965         1.6840250492095947 -2.6715540885925293 0.45071578025817871 
455    0.71535223722457886 0.54149371385574341  -1.4504755735397339         0.50105643272399902 0.32125973701477051 -2.6618227958679199 
456    0.72101789712905884 0.66666841506958008  -0.90026384592056274         -0.012862920761108398 0.26232719421386719 2.0195515155792236 
457    0.71939808130264282 0.912727952003479  -0.82523924112319946         1.0952866077423096 0.42534065246582031 -0.8913426399230957 
458    0.72654640674591064 0.75434374809265137  -1.6664317846298218         2.0319607257843018 -1.9947512149810791 0.59797549247741699 
459    0.72906410694122314 0.79344719648361206  -1.2258198261260986         1.1879837512969971 0.36794519424438477 -1.723536491394043 
460    0.73332881927490234 0.25843283534049988  -1.3305885791778564         -1.0661060810089111 -0.49304556846618652 1.9990565776824951 
461    0.7422029972076416 0.68918901681900024  -1.7638372182846069         2.0056688785552979 -2.2202310562133789 0.67141962051391602 
462    0.75061941146850586 0.31985571980476379  -1.6091272830963135         -0.038606882095336914 -2.0347576141357422 1.9066736698150635 
463    0.74493604898452759 0.37901392579078674  -1.1041101217269897         1.0091955661773682 -1.6277176141738892 -0.82962870597839355 
464    0.74784404039382935 0.45876878499984741  -1.8569270372390747         0.13395094871520996 -2.0416145324707031 2.5055015087127686 
465    0.74245661497116089 0.5081794261932373  -1.3955140113830566         0.32249855995178223 0.47121191024780273 -2.5606741905212402 
466    0.74973940849304199 0.69636321067810059  -1.7104309797286987         1.9786999225616455 -2.1384406089782715 0.59240055084228516 
467    0.75517880916595459 0.31559360027313232  -1.4096566438674927         -0.7578887939453125 -0.82209205627441406 2.1998260021209717 
468    0.75789439678192139 0.65063780546188354  -1.7864576578140259         1.5856993198394775 -2.3190600872039795 1.3438985347747803 
469    0.75470423698425293 0.74197787046432495  -1.5907442569732666         1.5703389644622803 -1.9319214820861816 1.2983071804046631 
470    0.76387989521026611 0.35597118735313416  -0.80532360076904297         0.47896313667297363 -0.84092593193054199 -1.4505786895751953 
471    0.76849246025085449 0.39581620693206787  -0.91414374113082886         0.71860265731811523 -1.0111346244812012 -1.3777167797088623 
472    0.76887714862823486 0.60182464122772217  -1.4321026802062988         0.52683711051940918 0.79940629005432129 -2.3656423091888428 
473    0.76354455947875977 0.63663572072982788  -0.85128861665725708         -0.28435492515563965 0.45419716835021973 1.7737138271331787 
474    0.762950599193573 0.8068242073059082  -1.1376854181289673         0.64752078056335449 1.1111118793487549 -1.5004501342773438 
475    0.77703315019607544 0.49962100386619568  -1.7686032056808472         -0.43465185165405273 2.0653555393218994 -2.2486782073974609 
476    0.79222995042800903 0.24701744318008423  -0.4947296679019928         -0.08227849006652832 -0.37929749488830566 -1.248257040977478 
477    0.79257750511169434 0.45917856693267822  -1.1677461862564087         0.22521877288818359 0.3327491283416748 -2.1964287757873535 
478    0.78696674108505249 0.49474489688873291  -1.2838442325592041         -1.4411181211471558 1.6065909862518311 0.75411891937255859 
479    0.78297704458236694 0.58305841684341431  -1.1251559257507324         -0.096152544021606445 -0.29433178901672363 2.1853954792022705 
480    0.79164868593215942 0.65361994504928589  -1.4175021648406982         0.40511822700500488 1.2169473171234131 -2.1125960350036621 
481    0.79220032691955566 0.66394710540771484  -1.4352961778640747         1.8079798221588135 -1.6934338808059692 -0.21734356880187988 
482    0.79041129350662231 0.68683207035064697  -1.5445725917816162         1.7434360980987549 -1.9580398797988892 0.57091355323791504 
483    0.78518378734588623 0.77983558177947998  -1.1264795064926147         1.591475248336792 -0.8416130542755127 -0.75217294692993164 
484    0.79794204235076904 0.40312504768371582  -0.94368398189544678         0.24754834175109863 -0.087543487548828125 -1.9007077217102051 
485    0.79919946193695068 0.40977701544761658  -1.0486109256744385         1.0148966312408447 -1.5009534358978271 -0.69136500358581543 
486    0.7931562066078186 0.65625053644180298  -1.3546017408370972         0.5766298770904541 -1.220584511756897 2.0935499668121338 
487    0.79965466260910034 0.74093586206436157  -0.54720693826675415         0.0949859619140625 0.27259421348571777 1.3343555927276611 
488    0.79412162303924561 0.86642056703567505  -0.80126011371612549         1.1244575977325439 -0.72995567321777344 0.75397658348083496 
489    0.81091195344924927 0.14381380379199982  -0.72425234317779541         -1.0079708099365234 -0.14491128921508789 0.76586389541625977 
490    0.80815649032592773 0.37112078070640564  -0.99997812509536743         0.8745419979095459 -1.5737855434417725 -0.41343450546264648 
491    0.80890220403671265 0.61805641651153564  -1.3461446762084961         1.6564276218414307 -1.6040812730789185 -0.39960336685180664 
492    0.80405217409133911 0.800362229347229  -0.98291784524917603         0.49266409873962402 1.0791556835174561 -1.2363647222518921 
493    0.81986033916473389 0.61771410703659058  -1.4917914867401123         1.5454132556915283 -1.9893146753311157 0.58039760589599609 
494    0.83070558309555054 0.33044210076332092  -0.60603970289230347         0.30254697799682617 -0.62685132026672363 -1.1646203994750977 
495    0.82480645179748535 0.36262628436088562  -0.76459825038909912         0.63233494758605957 -1.0950057506561279 -0.85820674896240234 
496    0.82742452621459961 0.36927926540374756  -0.75645959377288818         0.62338876724243164 -1.0305113792419434 -0.92709469795227051 
497    0.82559949159622192 0.61441361904144287  -1.2486680746078491         0.43196535110473633 0.81964921951293945 -2.0016534328460693 
498    0.82341790199279785 0.82740414142608643  -0.76798558235168457         0.65342044830322266 0.69337725639343262 -0.95537710189819336 
499    0.8429378867149353 0.18062481284141541  -0.059130877256393433         -0.3240361213684082 -0.40551161766052246 -0.46848201751708984 
500    0.83875805139541626 0.24932608008384705  -0.37012696266174316         -0.063991069793701172 -0.40297627449035645 -0.96169352531433105 
501    0.83605623245239258 0.3399864137172699  -1.2523545026779175         -0.23902988433837891 -1.2488472461700439 1.7646396160125732 
502    0.84042775630950928 0.36491274833679199  -1.2763566970825195         -0.1738579273223877 -1.2738910913467407 1.8105552196502686 
503    0.8366885781288147 0.38640850782394409  -1.0300296545028687         0.87187504768371582 -1.6308435201644897 -0.10267257690429688 
504    0.84272587299346924 0.43547120690345764  -1.0556321144104004         0.053900480270385742 0.51166272163391113 -1.9211821556091309 
505    0.85299807786941528 0.67234259843826294  -0.96789562702178955         1.2181985378265381 -0.68567371368408203 -0.95731902122497559 
506    0.86279785633087158 0.50565165281295776  -1.3598722219467163         -0.75365400314331055 1.8442842960357666 -1.2601414918899536 
507    0.86534899473190308 0.40382543206214905  -0.99423253536224365         -1.2097485065460205 1.0446493625640869 0.71526646614074707 
508    0.86977493762969971 0.8182949423789978  -0.58130687475204468         0.96117520332336426 -0.21556997299194336 -0.32151913642883301 
509    0.87430286407470703 0.25274616479873657  -0.68817335367202759         -0.0082819461822509766 -1.1247959136962891 0.52715611457824707 
510    0.88350379467010498 0.51645922660827637  -0.7553442120552063         -0.65296125411987305 0.50326895713806152 1.1760737895965576 
511    0.87956392765045166 0.69421517848968506  -0.49151125550270081         -0.28615736961364746 0.91237139701843262 0.41195821762084961 
512    0.87522041797637939 0.79773610830307007  -0.035669010132551193         0.30347323417663574 0.3876349925994873 0.32523536682128906 
513    0.89162945747375488 0.45449584722518921  -1.1806856393814087         -0.95581269264221191 1.6374199390411377 -0.76799869537353516 
514    0.89872801303863525 0.26443490386009216  -0.59470760822296143         -0.066306114196777344 -0.94948101043701172 0.49537539482116699 
515    0.89418524503707886 0.45868581533432007  -1.1676280498504639         -0.92946386337280273 1.6207997798919678 -0.7755882740020752 
516    0.89452165365219116 0.47877436876296997  -1.136845588684082         -0.94414281845092773 1.6162793636322021 -0.61211895942687988 
517    0.89664065837860107 0.49043381214141846  -1.1536539793014526         -0.81995368003845215 1.6174952983856201 -0.8394780158996582 
518    0.90279442071914673 0.65319967269897461  -0.9547199010848999         0.63366246223449707 -1.0394127368927002 1.2121584415435791 
519    0.89410477876663208 0.74451124668121338  -0.45306509733200073         0.40046977996826172 -0.20894598960876465 0.89898371696472168 
520    0.91850894689559937 0.26597189903259277  -0.65193074941635132         -0.85406947135925293 0.70458436012268066 -0.37559199333190918 
521    0.91607058048248291 0.38077995181083679  -0.70825135707855225         -0.77999472618103027 0.30591726303100586 0.93466353416442871 
522    0.92378389835357666 0.49999651312828064  -0.67793220281600952         0.35501313209533691 0.039097309112548828 -1.2147918939590454 
523    0.93753176927566528 0.46965372562408447  -0.55184680223464966         0.5536046028137207 -0.63288235664367676 -0.6005251407623291 
524    0.93833428621292114 0.69305700063705444  -0.5069807767868042         0.55840897560119629 0.11464786529541016 -0.66793155670166016 
525    0.97041863203048706 0.65258502960205078  -0.32349923253059387         0.50398612022399902 -0.21001434326171875 -0.15064716339111328 
526    0.98750710487365723 0.50576406717300415  -0.35920232534408569         -0.29439878463745117 0.53089523315429688 -0.14592170715332031 
