0 600 -0.035669
1 800 -0.035669
2 1000 -0.035669
3 1200 -0.035669
4 1400 -0.035669
5 1600 -0.035669
6 1800 -0.035669
7 2000 -0.035669
8 2200 -0.035669
9 2400 -0.035669
10 2600 -0.035669
11 2800 -0.035669
12 3000 -0.035669
13 3200 -0.035669
14 3400 -0.035669
15 3600 -0.035669
16 3800 -0.035669
17 4000 -0.035669
18 4200 -0.035669
19 4400 -0.0259986
20 4600 -0.0259986
21 4800 -0.0259986
22 5000 -0.0259986
23 5200 -0.0259986
24 5400 -0.0259986
25 5600 -0.0259986
26 5800 -0.0259986
27 6000 -0.0259986
28 6200 -0.0259986
29 6400 -0.0259986
30 6600 -0.0259986
31 6800 -0.0259986
32 7000 -0.0259986
33 7200 -0.0259986
34 7400 -0.0259986
35 7600 -0.0259986
36 7800 -0.0259986
37 8000 -0.0259986
38 8200 -0.0259986
39 8400 -0.0259986
40 8600 -0.0259986
41 8800 -0.0259986
42 9000 -0.0259986
43 9200 -0.0259986
44 9400 -0.0259986
45 9600 -0.0259986
46 9800 -0.0259986
47 10000 -0.0259986
48 10200 -0.0259986
49 10400 -0.0259986
50 10600 -0.0259986
51 10800 -0.0259986
52 11000 -0.0259986
53 11200 -0.0259986
54 11400 -0.0259986
55 11600 -0.0259986
56 11800 -0.0259986
57 12000 -0.0259986
58 12200 -0.0259986
59 12400 -0.0259986
60 12600 -0.0134532
61 12800 -0.0134532
62 13000 -0.0101803
63 13200 -0.0101803
64 13400 -0.0101803
65 13600 -0.0101803
66 13800 -0.0101803
67 14000 -0.0101803
68 14200 -0.0101803
69 14400 -0.0101803
70 14600 -0.0101803
71 14800 -0.0101803
72 15000 -0.0101803
73 15200 -0.0101803
74 15400 -0.0101803
75 15600 -0.0101803
76 15800 -0.0101803
77 16000 -0.00630582
78 16200 -0.00630582
79 16400 -0.00630582
80 16600 -0.00630582
81 16800 -0.00630582
82 17000 -0.00630582
83 17200 -0.00630582
84 17400 -0.00630582
85 17600 -0.00630582
86 17800 -0.00630582
87 18000 -0.00630582
88 18200 -0.00630582
89 18400 -0.00630582
90 18600 -0.00630582
91 18800 -0.00630582
92 19000 -0.00630582
93 19200 -0.00630582
94 19400 -0.00630582
95 19600 -0.00630582
96 19800 -0.00630582
97 20000 -0.00630582
98 20200 -0.00630582
99 20400 -0.00630582
100 20600 -0.00630582
101 20800 -0.00630582
102 21000 -0.00630582
103 21200 -0.00630582
104 21400 -0.00630582
105 21600 -0.00630582
106 21800 -0.00630582
107 22000 -0.00630582
108 22200 -0.00630582
109 22400 -0.00630582
110 22600 -0.00630582
111 22800 -0.00630582
112 23000 -0.00630582
113 23200 -0.00630582
114 23400 -0.00630582
115 23600 -0.00630582
116 23800 -0.00630582
117 24000 -0.00630582
118 24200 -0.00630582
119 24400 -0.00630582
120 24600 -0.00630582
121 24800 -0.00630582
122 25000 -0.00630582
123 25200 -0.00630582
124 25400 -0.00630582
125 25600 -0.00630582
126 25800 -0.00630582
127 26000 -0.00630582
128 26200 -0.00630582
129 26400 -0.00630582
130 26600 -0.00630582
131 26800 -0.00630582
132 27000 -0.00630582
133 27200 -0.00630582
134 27400 -0.00630582
135 27600 -0.00630582
136 27800 -0.00630582
137 28000 -0.00630582
138 28200 -0.00630582
139 28400 -0.00630582
140 28600 -0.00630582
141 28800 -0.00630582
142 29000 -0.00630582
143 29200 -0.00630582
144 29400 -0.00630582
145 29600 -0.00630582
146 29800 -0.00630582
147 30000 -0.00630582
148 30200 -0.00316273
149 30400 -0.00316273
150 30600 -0.00316273
151 30800 -0.00316273
152 31000 -0.00316273
153 31200 -0.00316273
154 31400 -0.00316273
155 31600 -0.00316273
156 31800 -0.00316273
157 32000 -0.00316273
158 32200 -0.00316273
159 32400 -0.00316273
160 32600 -0.00316273
161 32800 -0.00316273
162 33000 -0.00316273
163 33200 -0.00316273
164 33400 -0.00316273
165 33600 -0.00316273
166 33800 -0.00316273
167 34000 -0.00316273
168 34200 -0.00316273
169 34400 -0.00316273
170 34600 -0.00316273
171 34800 -0.00316273
172 35000 -0.00316273
173 35200 -0.00316273
174 35400 -0.00316273
175 35600 -0.00316273
176 35800 -0.00316273
177 36000 -0.00316273
178 36200 -0.00316273
179 36400 -0.00316273
180 36600 -0.00316273
181 36800 -0.00316273
182 37000 -0.00316273
183 37200 -0.00316273
184 37400 -0.00316273
185 37600 -0.00316273
186 37800 -0.00316273
187 38000 -0.00316273
188 38200 -0.00316273
189 38400 -0.00316273
190 38600 -0.00316273
191 38800 -0.00316273
192 39000 -0.00316273
193 39200 -0.00316273
194 39400 -0.00316273
195 39600 -0.00316273
196 39800 -0.00316273
197 40000 -0.00316273
198 40200 -0.00316273
199 40400 -0.00316273
200 40600 -0.00316273
201 40800 -0.00316273
202 41000 -0.00316273
203 41200 -0.00316273
204 41400 -0.00316273
205 41600 -0.00316273
206 41800 -0.00316273
207 42000 -0.00316273
208 42200 -0.00316273
209 42400 -0.00316273
210 42600 -0.00316273
211 42800 -0.00316273
212 43000 -0.00316273
213 43200 -0.00316273
214 43400 -0.00316273
215 43600 -0.00316273
216 43800 -0.00316273
217 44000 -0.00316273
218 44200 -0.00316273
219 44400 -0.00316273
220 44600 -0.00316273
221 44800 -0.00316273
222 45000 -0.00316273
223 45200 -0.00316273
224 45400 -0.00316273
225 45600 -0.00316273
226 45800 -0.00316273
227 46000 -0.00316273
228 46200 -0.00316273
229 46400 -0.00316273
230 46600 -0.00316273
231 46800 -0.00316273
232 47000 -0.00316273
233 47200 -0.00316273
234 47400 -0.00316273
235 47600 -0.00316273
236 47800 -0.00316273
237 48000 -0.00316273
238 48200 -0.00316273
239 48400 -0.00316273
240 48600 -0.00316273
241 48800 -0.00316273
242 49000 -0.00316273
243 49200 -0.00316273
244 49400 -0.00316273
245 49600 -0
246 49800 -0
247 50000 -0
248 50200 -0
249 50400 -0
250 50600 -0
251 50800 -0
252 51000 -0
253 51200 -0
254 51400 -0
255 51600 -0
256 51800 -0
257 52000 -0
258 52200 -0
259 52400 -0
260 52600 -0
261 52800 -0
262 53000 -0
263 53200 -0
264 53400 -0
265 53600 -0
266 53800 -0
267 54000 -0
268 54200 -0
269 54400 -0
270 54600 -0
271 54800 -0
272 55000 -0
273 55200 -0
274 55400 -0
275 55600 -0
276 55800 -0
277 56000 -0
278 56200 -0
279 56400 -0
280 56600 -0
281 56800 -0
282 57000 -0
283 57200 -0
284 57400 -0
285 57600 -0
286 57800 -0
287 58000 -0
288 58200 -0
289 58400 -0
290 58600 -0
291 58800 -0
292 59000 -0
293 59200 -0
294 59400 -0
295 59600 -0
296 59800 -0
297 60000 -0
298 60200 -0
299 60400 -0
300 60600 -0
301 60800 -0
302 61000 -0
303 61200 -0
304 61400 -0
305 61600 -0
306 61800 -0
307 62000 -0
308 62200 -0
309 62400 -0
310 62600 -0
311 62800 -0
312 63000 -0
313 63200 -0
314 63400 -0
315 63600 -0
316 63800 -0
317 64000 -0
318 64200 -0
319 64400 -0
320 64600 -0
321 64800 -0
322 65000 -0
323 65200 -0
324 65400 -0
325 65600 -0
326 65800 -0
327 66000 -0
328 66200 -0
329 66400 -0
330 66600 -0
331 66800 -0
332 67000 -0
333 67200 -0
334 67400 -0
335 67600 -0
336 67800 -0
337 68000 -0
338 68200 -0
339 68400 -0
340 68600 -0
341 68800 -0
342 69000 -0
343 69200 -0
344 69400 -0
345 69600 -0
346 69800 -0
347 70000 -0
348 70200 -0
349 70400 -0
350 70600 -0
351 70800 -0
352 71000 -0
353 71200 -0
354 71400 -0
355 71600 -0
356 71800 -0
357 72000 -0
358 72200 -0
359 72400 -0
360 72600 -0
361 72800 -0
362 73000 -0
363 73200 -0
364 73400 -0
365 73600 -0
366 73800 -0
367 74000 -0
368 74200 -0
369 74400 -0
370 74600 -0
371 74800 -0
372 75000 -0
373 75200 -0
374 75400 -0
375 75600 -0
376 75800 -0
377 76000 -0
378 76200 -0
379 76400 -0
380 76600 -0
381 76800 -0
382 77000 -0
383 77200 -0
384 77400 -0
385 77600 -0
386 77800 -0
387 78000 -0
388 78200 -0
389 78400 -0
390 78600 -0
391 78800 -0
392 79000 -0
393 79200 -0
394 79400 -0
395 79600 -0
396 79800 -0
397 80000 -0
398 80200 -0
399 80400 -0
400 80600 -0
401 80800 -0
402 81000 -0
403 81200 -0
404 81400 -0
405 81600 -0
406 81800 -0
407 82000 -0
408 82200 -0
409 82400 -0
410 82600 -0
411 82800 -0
412 83000 -0
413 83200 -0
414 83400 -0
415 83600 -0
416 83800 -0
417 84000 -0
418 84200 -0
419 84400 -0
420 84600 -0
421 84800 -0
422 85000 -0
423 85200 -0
424 85400 -0
425 85600 -0
426 85800 -0
427 86000 -0
428 86200 -0
429 86400 -0
430 86600 -0
431 86800 -0
432 87000 -0
433 87200 -0
434 87400 -0
435 87600 -0
436 87800 -0
437 88000 -0
438 88200 -0
439 88400 -0
440 88600 -0
441 88800 -0
442 89000 -0
443 89200 -0
444 89400 -0
445 89600 -0
446 89800 -0
447 90000 -0
448 90200 -0
449 90400 -0
450 90600 -0
451 90800 -0
452 91000 -0
453 91200 -0
454 91400 -0
455 91600 -0
456 91800 -0
457 92000 -0
458 92200 -0
459 92400 -0
460 92600 -0
461 92800 -0
462 93000 -0
463 93200 -0
464 93400 -0
465 93600 -0
466 93800 -0
467 94000 -0
468 94200 -0
469 94400 -0
470 94600 -0
471 94800 -0
472 95000 -0
473 95200 -0
474 95400 -0
475 95600 -0
476 95800 -0
477 96000 -0
478 96200 -0
479 96400 -0
480 96600 -0
481 96800 -0
482 97000 -0
483 97200 -0
484 97400 -0
485 97600 -0
486 97800 -0
487 98000 -0
488 98200 -0
489 98400 -0
490 98600 -0
491 98800 -0
492 99000 -0
493 99200 -0
494 99400 -0
495 99600 -0
496 99800 -0
497 100000 -0
498 100200 -0
499 100400 -0
500 100600 -0
501 100800 -0
502 101000 -0
503 101200 -0
504 101400 -0
505 101600 -0
506 101800 -0
507 102000 -0
508 102200 -0
509 102400 -0
510 102600 -0
511 102800 -0
512 103000 -0
513 103200 -0
514 103400 -0
515 103600 -0
516 103800 -0
517 104000 -0
518 104200 -0
519 104400 -0
520 104600 -0
521 104800 -0
522 105000 -0
523 105200 -0
524 105400 -0
525 105600 -0
526 105800 -0
527 106000 -0
528 106200 -0
529 106400 -0
530 106600 -0
531 106800 -0
532 107000 -0
533 107200 -0
534 107400 -0
535 107600 -0
536 107800 -0
537 108000 -0
538 108200 -0
539 108400 -0
540 108600 -0
541 108800 -0
542 109000 -0
543 109200 -0
544 109400 -0
545 109600 -0
546 109800 -0
547 110000 -0
548 110200 -0
549 110400 -0
550 110600 -0
551 110800 -0
552 111000 -0
553 111200 -0
554 111400 -0
555 111600 -0
556 111800 -0
557 112000 -0
558 112200 -0
559 112400 -0
560 112600 -0
561 112800 -0
562 113000 -0
563 113200 -0
564 113400 -0
565 113600 -0
566 113800 -0
567 114000 -0
568 114200 -0
569 114400 -0
570 114600 -0
571 114800 -0
572 115000 -0
573 115200 -0
574 115400 -0
575 115600 -0
576 115800 -0
577 116000 -0
578 116200 -0
579 116400 -0
580 116600 -0
581 116800 -0
582 117000 -0
583 117200 -0
584 117400 -0
585 117600 -0
586 117800 -0
587 118000 -0
588 118200 -0
589 118400 -0
590 118600 -0
591 118800 -0
592 119000 -0
593 119200 -0
594 119400 -0
595 119600 -0
596 119800 -0
597 120000 -0
598 120200 -0
599 120400 -0
600 120600 -0
601 120800 -0
602 121000 -0
603 121200 -0
604 121400 -0
605 121600 -0
606 121800 -0
607 122000 -0
608 122200 -0
609 122400 -0
610 122600 -0
611 122800 -0
612 123000 -0
613 123200 -0
614 123400 -0
615 123600 -0
616 123800 -0
617 124000 -0
618 124200 -0
619 124400 -0
620 124600 -0
621 124800 -0
622 125000 -0
623 125200 -0
624 125400 -0
625 125600 -0
626 125800 -0
627 126000 -0
628 126200 -0
629 126400 -0
630 126600 -0
631 126800 -0
632 127000 -0
633 127200 -0
634 127400 -0
635 127600 -0
636 127800 -0
637 128000 -0
638 128200 -0
639 128400 -0
640 128600 -0
641 128800 -0
642 129000 -0
643 129200 -0
644 129400 -0
645 129600 -0
646 129800 -0
647 130000 -0
648 130200 -0
649 130400 -0
650 130600 -0
651 130800 -0
652 131000 -0
653 131200 -0
654 131400 -0
655 131600 -0
656 131800 -0
657 132000 -0
658 132200 -0
659 132400 -0
660 132600 -0
661 132800 -0
662 133000 -0
663 133200 -0
664 133400 -0
665 133600 -0
666 133800 -0
667 134000 -0
668 134200 -0
669 134400 -0
670 134600 -0
671 134800 -0
672 135000 -0
673 135200 -0
674 135400 -0
675 135600 -0
676 135800 -0
677 136000 -0
678 136200 -0
679 136400 -0
680 136600 -0
681 136800 -0
682 137000 -0
683 137200 -0
684 137400 -0
685 137600 -0
686 137800 -0
687 138000 -0
688 138200 -0
689 138400 -0
690 138600 -0
691 138800 -0
692 139000 -0
693 139200 -0
694 139400 -0
695 139600 -0
696 139800 -0
697 140000 -0
698 140200 -0
699 140400 -0
700 140600 -0
701 140800 -0
702 141000 -0
703 141200 -0
704 141400 -0
705 141600 -0
706 141800 -0
707 142000 -0
708 142200 -0
709 142400 -0
710 142600 -0
711 142800 -0
712 143000 -0
713 143200 -0
714 143400 -0
715 143600 -0
716 143800 -0
717 144000 -0
718 144200 -0
719 144400 -0
720 144600 -0
721 144800 -0
722 145000 -0
723 145200 -0
724 145400 -0
725 145600 -0
726 145800 -0
727 146000 -0
728 146200 -0
729 146400 -0
730 146600 -0
731 146800 -0
732 147000 -0
733 147200 -0
734 147400 -0
735 147600 -0
736 147800 -0
737 148000 -0
738 148200 -0
739 148400 -0
740 148600 -0
741 148800 -0
742 149000 -0
743 149200 -0
744 149400 -0
745 149600 -0
746 149800 -0
747 150000 -0
748 150200 -0
749 150400 -0
750 150600 -0
751 150800 -0
752 151000 -0
753 151200 -0
754 151400 -0
755 151600 -0
756 151800 -0
757 152000 -0
758 152200 -0
759 152400 -0
760 152600 -0
761 152800 -0
762 153000 -0
763 153200 -0
764 153400 -0
765 153600 -0
766 153800 -0
767 154000 -0
768 154200 -0
769 154400 -0
770 154600 -0
771 154800 -0
772 155000 -0
773 155200 -0
774 155400 -0
775 155600 -0
776 155800 -0
777 156000 -0
778 156200 -0
779 156400 -0
780 156600 -0
781 156800 -0
782 157000 -0
783 157200 -0
784 157400 -0
785 157600 -0
786 157800 -0
787 158000 -0
788 158200 -0
789 158400 -0
790 158600 -0
791 158800 -0
792 159000 -0
793 159200 -0
794 159400 -0
795 159600 -0
796 159800 -0
797 160000 -0
798 160200 -0
799 160400 -0
800 160600 -0
801 160800 -0
802 161000 -0
803 161200 -0
804 161400 -0
805 161600 -0
806 161800 -0
807 162000 -0
808 162200 -0
809 162400 -0
810 162600 -0
811 162800 -0
812 163000 -0
813 163200 -0
814 163400 -0
815 163600 -0
816 163800 -0
817 164000 -0
818 164200 -0
819 164400 -0
820 164600 -0
821 164800 -0
822 165000 -0
823 165200 -0
824 165400 -0
825 165600 -0
826 165800 -0
827 166000 -0
828 166200 -0
829 166400 -0
830 166600 -0
831 166800 -0
832 167000 -0
833 167200 -0
834 167400 -0
835 167600 -0
836 167800 -0
837 168000 -0
838 168200 -0
839 168400 -0
840 168600 -0
841 168800 -0
842 169000 -0
843 169200 -0
844 169400 -0
845 169600 -0
846 169800 -0
847 170000 -0
848 170200 -0
849 170400 -0
850 170600 -0
851 170800 -0
852 171000 -0
853 171200 -0
854 171400 -0
855 171600 -0
856 171800 -0
857 172000 -0
858 172200 -0
859 172400 -0
860 172600 -0
861 172800 -0
862 173000 -0
863 173200 -0
864 173400 -0
865 173600 -0
866 173800 -0
867 174000 -0
868 174200 -0
869 174400 -0
870 174600 -0
871 174800 -0
872 175000 -0
873 175200 -0
874 175400 -0
875 175600 -0
876 175800 -0
877 176000 -0
878 176200 -0
879 176400 -0
880 176600 -0
881 176800 -0
882 177000 -0
883 177200 -0
884 177400 -0
885 177600 -0
886 177800 -0
887 178000 -0
888 178200 -0
889 178400 -0
890 178600 -0
891 178800 -0
892 179000 -0
893 179200 -0
894 179400 -0
895 179600 -0
896 179800 -0
897 180000 -0
898 180200 -0
899 180400 -0
900 180600 -0
901 180800 -0
902 181000 -0
903 181200 -0
904 181400 -0
905 181600 -0
906 181800 -0
907 182000 -0
908 182200 -0
909 182400 -0
910 182600 -0
911 182800 -0
912 183000 -0
913 183200 -0
914 183400 -0
915 183600 -0
916 183800 -0
917 184000 -0
918 184200 -0
919 184400 -0
920 184600 -0
921 184800 -0
922 185000 -0
923 185200 -0
924 185400 -0
925 185600 -0
926 185800 -0
927 186000 -0
928 186200 -0
929 186400 -0
930 186600 -0
931 186800 -0
932 187000 -0
933 187200 -0
934 187400 -0
935 187600 -0
936 187800 -0
937 188000 -0
938 188200 -0
939 188400 -0
940 188600 -0
941 188800 -0
942 189000 -0
943 189200 -0
944 189400 -0
945 189600 -0
946 189800 -0
947 190000 -0
948 190200 -0
949 190400 -0
950 190600 -0
951 190800 -0
952 191000 -0
953 191200 -0
954 191400 -0
955 191600 -0
956 191800 -0
957 192000 -0
958 192200 -0
959 192400 -0
960 192600 -0
961 192800 -0
962 193000 -0
963 193200 -0
964 193400 -0
965 193600 -0
966 193800 -0
967 194000 -0
968 194200 -0
969 194400 -0
970 194600 -0
971 194800 -0
972 195000 -0
973 195200 -0
974 195400 -0
975 195600 -0
976 195800 -0
977 196000 -0
978 196200 -0
979 196400 -0
980 196600 -0
981 196800 -0
982 197000 -0
983 197200 -0
984 197400 -0
985 197600 -0
986 197800 -0
987 198000 -0
988 198200 -0
989 198400 -0
990 198600 -0
991 198800 -0
992 199000 -0
993 199200 -0
994 199400 -0
995 199600 -0
996 199800 -0
997 200000 -0
998 200200 -0
999 200400 -0
1000 200600 -0
1001 200800 -0
1002 201000 -0
1003 201200 -0
1004 201400 -0
1005 201600 -0
1006 201800 -0
1007 202000 -0
1008 202200 -0
1009 202400 -0
1010 202600 -0
1011 202800 -0
1012 203000 -0
1013 203200 -0
1014 203400 -0
1015 203600 -0
1016 203800 -0
1017 204000 -0
1018 204200 -0
1019 204400 -0
1020 204600 -0
1021 204800 -0
1022 205000 -0
1023 205200 -0
1024 205400 -0
1025 205600 -0
1026 205800 -0
1027 206000 -0
1028 206200 -0
1029 206400 -0
1030 206600 -0
1031 206800 -0
1032 207000 -0
1033 207200 -0
1034 207400 -0
1035 207600 -0
1036 207800 -0
1037 208000 -0
1038 208200 -0
1039 208400 -0
1040 208600 -0
1041 208800 -0
1042 209000 -0
1043 209200 -0
1044 209400 -0
1045 209600 -0
1046 209800 -0
1047 210000 -0
1048 210200 -0
1049 210400 -0
1050 210600 -0
1051 210800 -0
1052 211000 -0
1053 211200 -0
1054 211400 -0
1055 211600 -0
1056 211800 -0
1057 212000 -0
1058 212200 -0
1059 212400 -0
1060 212600 -0
1061 212800 -0
1062 213000 -0
1063 213200 -0
1064 213400 -0
1065 213600 -0
1066 213800 -0
1067 214000 -0
1068 214200 -0
1069 214400 -0
1070 214600 -0
1071 214800 -0
1072 215000 -0
1073 215200 -0
1074 215400 -0
1075 215600 -0
1076 215800 -0
1077 216000 -0
1078 216200 -0
1079 216400 -0
1080 216600 -0
1081 216800 -0
1082 217000 -0
1083 217200 -0
1084 217400 -0
1085 217600 -0
1086 217800 -0
1087 218000 -0
1088 218200 -0
1089 218400 -0
1090 218600 -0
1091 218800 -0
1092 219000 -0
1093 219200 -0
1094 219400 -0
1095 219600 -0
1096 219800 -0
1097 220000 -0
1098 220200 -0
1099 220400 -0
1100 220600 -0
1101 220800 -0
1102 221000 -0
1103 221200 -0
1104 221400 -0
1105 221600 -0
1106 221800 -0
1107 222000 -0
1108 222200 -0
1109 222400 -0
1110 222600 -0
1111 222800 -0
1112 223000 -0
1113 223200 -0
1114 223400 -0
1115 223600 -0
1116 223800 -0
1117 224000 -0
1118 224200 -0
1119 224400 -0
1120 224600 -0
1121 224800 -0
1122 225000 -0
1123 225200 -0
1124 225400 -0
1125 225600 -0
1126 225800 -0
1127 226000 -0
1128 226200 -0
1129 226400 -0
1130 226600 -0
1131 226800 -0
1132 227000 -0
1133 227200 -0
1134 227400 -0
1135 227600 -0
1136 227800 -0
1137 228000 -0
1138 228200 -0
1139 228400 -0
1140 228600 -0
1141 228800 -0
1142 229000 -0
1143 229200 -0
1144 229400 -0
1145 229600 -0
1146 229800 -0
1147 230000 -0
1148 230200 -0
1149 230400 -0
1150 230600 -0
1151 230800 -0
1152 231000 -0
1153 231200 -0
1154 231400 -0
1155 231600 -0
1156 231800 -0
1157 232000 -0
1158 232200 -0
1159 232400 -0
1160 232600 -0
1161 232800 -0
1162 233000 -0
1163 233200 -0
1164 233400 -0
1165 233600 -0
1166 233800 -0
1167 234000 -0
1168 234200 -0
1169 234400 -0
1170 234600 -0
1171 234800 -0
1172 235000 -0
1173 235200 -0
1174 235400 -0
1175 235600 -0
1176 235800 -0
1177 236000 -0
1178 236200 -0
1179 236400 -0
1180 236600 -0
1181 236800 -0
1182 237000 -0
1183 237200 -0
1184 237400 -0
1185 237600 -0
1186 237800 -0
1187 238000 -0
1188 238200 -0
1189 238400 -0
1190 238600 -0
1191 238800 -0
1192 239000 -0
1193 239200 -0
1194 239400 -0
1195 239600 -0
1196 239800 -0
1197 240000 -0
1198 240200 -0
1199 240400 -0
1200 240600 -0
1201 240800 -0
1202 241000 -0
1203 241200 -0
1204 241400 -0
1205 241600 -0
1206 241800 -0
1207 242000 -0
1208 242200 -0
1209 242400 -0
1210 242600 -0
1211 242800 -0
1212 243000 -0
1213 243200 -0
1214 243400 -0
1215 243600 -0
1216 243800 -0
1217 244000 -0
1218 244200 -0
1219 244400 -0
1220 244600 -0
1221 244800 -0
1222 245000 -0
1223 245200 -0
1224 245400 -0
1225 245600 -0
1226 245800 -0
1227 246000 -0
1228 246200 -0
1229 246400 -0
1230 246600 -0
1231 246800 -0
1232 247000 -0
1233 247200 -0
1234 247400 -0
1235 247600 -0
1236 247800 -0
1237 248000 -0
1238 248200 -0
1239 248400 -0
1240 248600 -0
1241 248800 -0
1242 249000 -0
1243 249200 -0
1244 249400 -0
1245 249600 -0
1246 249800 -0
1247 250000 -0
1248 250200 -0
1249 250400 -0
1250 250600 -0
1251 250800 -0
1252 251000 -0
1253 251200 -0
1254 251400 -0
1255 251600 -0
1256 251800 -0
1257 252000 -0
1258 252200 -0
1259 252400 -0
1260 252600 -0
1261 252800 -0
1262 253000 -0
1263 253200 -0
1264 253400 -0
1265 253600 -0
1266 253800 -0
1267 254000 -0
1268 254200 -0
1269 254400 -0
1270 254600 -0
1271 254800 -0
1272 255000 -0
1273 255200 -0
1274 255400 -0
1275 255600 -0
1276 255800 -0
1277 256000 -0
1278 256200 -0
1279 256400 -0
1280 256600 -0
1281 256800 -0
1282 257000 -0
1283 257200 -0
1284 257400 -0
1285 257600 -0
1286 257800 -0
1287 258000 -0
1288 258200 -0
1289 258400 -0
1290 258600 -0
1291 258800 -0
1292 259000 -0
1293 259200 -0
1294 259400 -0
1295 259600 -0
1296 259800 -0
1297 260000 -0
1298 260200 -0
1299 260400 -0
1300 260600 -0
1301 260800 -0
1302 261000 -0
1303 261200 -0
1304 261400 -0
1305 261600 -0
1306 261800 -0
1307 262000 -0
1308 262200 -0
1309 262400 -0
1310 262600 -0
1311 262800 -0
1312 263000 -0
1313 263200 -0
1314 263400 -0
1315 263600 -0
1316 263800 -0
1317 264000 -0
1318 264200 -0
1319 264400 -0
1320 264600 -0
1321 264800 -0
1322 265000 -0
1323 265200 -0
1324 265400 -0
1325 265600 -0
1326 265800 -0
1327 266000 -0
1328 266200 -0
1329 266400 -0
1330 266600 -0
1331 266800 -0
1332 267000 -0
1333 267200 -0
1334 267400 -0
1335 267600 -0
1336 267800 -0
1337 268000 -0
1338 268200 -0
1339 268400 -0
1340 268600 -0
1341 268800 -0
1342 269000 -0
1343 269200 -0
1344 269400 -0
1345 269600 -0
1346 269800 -0
1347 270000 -0
1348 270200 -0
1349 270400 -0
1350 270600 -0
1351 270800 -0
1352 271000 -0
1353 271200 -0
1354 271400 -0
1355 271600 -0
1356 271800 -0
1357 272000 -0
1358 272200 -0
1359 272400 -0
1360 272600 -0
1361 272800 -0
1362 273000 -0
1363 273200 -0
1364 273400 -0
1365 273600 -0
1366 273800 -0
1367 274000 -0
1368 274200 -0
1369 274400 -0
1370 274600 -0
1371 274800 -0
1372 275000 -0
1373 275200 -0
1374 275400 -0
1375 275600 -0
1376 275800 -0
1377 276000 -0
1378 276200 -0
1379 276400 -0
1380 276600 -0
1381 276800 -0
1382 277000 -0
1383 277200 -0
1384 277400 -0
1385 277600 -0
1386 277800 -0
1387 278000 -0
1388 278200 -0
1389 278400 -0
1390 278600 -0
1391 278800 -0
1392 279000 -0
1393 279200 -0
1394 279400 -0
1395 279600 -0
1396 279800 -0
1397 280000 -0
1398 280200 -0
1399 280400 -0
1400 280600 -0
1401 280800 -0
1402 281000 -0
1403 281200 -0
1404 281400 -0
1405 281600 -0
1406 281800 -0
1407 282000 -0
1408 282200 -0
1409 282400 -0
1410 282600 -0
1411 282800 -0
1412 283000 -0
1413 283200 -0
1414 283400 -0
1415 283600 -0
1416 283800 -0
1417 284000 -0
1418 284200 -0
1419 284400 -0
1420 284600 -0
1421 284800 -0
1422 285000 -0
1423 285200 -0
1424 285400 -0
1425 285600 -0
1426 285800 -0
1427 286000 -0
1428 286200 -0
1429 286400 -0
1430 286600 -0
1431 286800 -0
1432 287000 -0
1433 287200 -0
1434 287400 -0
1435 287600 -0
1436 287800 -0
1437 288000 -0
1438 288200 -0
1439 288400 -0
1440 288600 -0
1441 288800 -0
1442 289000 -0
1443 289200 -0
1444 289400 -0
1445 289600 -0
1446 289800 -0
1447 290000 -0
1448 290200 -0
1449 290400 -0
1450 290600 -0
1451 290800 -0
1452 291000 -0
1453 291200 -0
1454 291400 -0
1455 291600 -0
1456 291800 -0
1457 292000 -0
1458 292200 -0
1459 292400 -0
1460 292600 -0
1461 292800 -0
1462 293000 -0
1463 293200 -0
1464 293400 -0
1465 293600 -0
1466 293800 -0
1467 294000 -0
1468 294200 -0
1469 294400 -0
1470 294600 -0
1471 294800 -0
1472 295000 -0
1473 295200 -0
1474 295400 -0
1475 295600 -0
1476 295800 -0
1477 296000 -0
1478 296200 -0
1479 296400 -0
1480 296600 -0
1481 296800 -0
1482 297000 -0
1483 297200 -0
1484 297400 -0
1485 297600 -0
1486 297800 -0
1487 298000 -0
1488 298200 -0
1489 298400 -0
1490 298600 -0
1491 298800 -0
1492 299000 -0
1493 299200 -0
1494 299400 -0
1495 299600 -0
1496 299800 -0
1497 300000 -0
1498 300200 -0
1499 300400 -0
1500 300600 -0
1501 300800 -0
1502 301000 -0
1503 301200 -0
1504 301400 -0
1505 301600 -0
1506 301800 -0
1507 302000 -0
1508 302200 -0
1509 302400 -0
1510 302600 -0
1511 302800 -0
1512 303000 -0
1513 303200 -0
1514 303400 -0
1515 303600 -0
1516 303800 -0
1517 304000 -0
1518 304200 -0
1519 304400 -0
1520 304600 -0
1521 304800 -0
1522 305000 -0
1523 305200 -0
1524 305400 -0
1525 305600 -0
1526 305800 -0
1527 306000 -0
1528 306200 -0
1529 306400 -0
1530 306600 -0
1531 306800 -0
1532 307000 -0
1533 307200 -0
1534 307400 -0
1535 307600 -0
1536 307800 -0
1537 308000 -0
1538 308200 -0
1539 308400 -0
1540 308600 -0
1541 308800 -0
1542 309000 -0
1543 309200 -0
1544 309400 -0
1545 309600 -0
1546 309800 -0
1547 310000 -0
1548 310200 -0
1549 310400 -0
1550 310600 -0
1551 310800 -0
1552 311000 -0
1553 311200 -0
1554 311400 -0
1555 311600 -0
1556 311800 -0
1557 312000 -0
1558 312200 -0
1559 312400 -0
1560 312600 -0
1561 312800 -0
1562 313000 -0
1563 313200 -0
1564 313400 -0
1565 313600 -0
1566 313800 -0
1567 314000 -0
1568 314200 -0
1569 314400 -0
1570 314600 -0
1571 314800 -0
1572 315000 -0
1573 315200 -0
1574 315400 -0
1575 315600 -0
1576 315800 -0
1577 316000 -0
1578 316200 -0
1579 316400 -0
1580 316600 -0
1581 316800 -0
1582 317000 -0
1583 317200 -0
1584 317400 -0
1585 317600 -0
1586 317800 -0
1587 318000 -0
1588 318200 -0
1589 318400 -0
1590 318600 -0
1591 318800 -0
1592 319000 -0
1593 319200 -0
1594 319400 -0
1595 319600 -0
1596 319800 -0
1597 320000 -0
1598 320200 -0
1599 320400 -0
1600 320600 -0
1601 320800 -0
1602 321000 -0
1603 321200 -0
1604 321400 -0
1605 321600 -0
1606 321800 -0
1607 322000 -0
1608 322200 -0
1609 322400 -0
1610 322600 -0
1611 322800 -0
1612 323000 -0
1613 323200 -0
1614 323400 -0
1615 323600 -0
1616 323800 -0
1617 324000 -0
1618 324200 -0
1619 324400 -0
1620 324600 -0
1621 324800 -0
1622 325000 -0
1623 325200 -0
1624 325400 -0
1625 325600 -0
1626 325800 -0
1627 326000 -0
1628 326200 -0
1629 326400 -0
1630 326600 -0
1631 326800 -0
1632 327000 -0
1633 327200 -0
1634 327400 -0
1635 327600 -0
1636 327800 -0
1637 328000 -0
1638 328200 -0
1639 328400 -0
1640 328600 -0
1641 328800 -0
1642 329000 -0
1643 329200 -0
1644 329400 -0
1645 329600 -0
1646 329800 -0
1647 330000 -0
1648 330200 -0
1649 330400 -0
1650 330600 -0
1651 330800 -0
1652 331000 -0
1653 331200 -0
1654 331400 -0
1655 331600 -0
1656 331800 -0
1657 332000 -0
1658 332200 -0
1659 332400 -0
1660 332600 -0
1661 332800 -0
1662 333000 -0
1663 333200 -0
1664 333400 -0
1665 333600 -0
1666 333800 -0
1667 334000 -0
1668 334200 -0
1669 334400 -0
1670 334600 -0
1671 334800 -0
1672 335000 -0
1673 335200 -0
1674 335400 -0
1675 335600 -0
1676 335800 -0
1677 336000 -0
1678 336200 -0
1679 336400 -0
1680 336600 -0
1681 336800 -0
1682 337000 -0
1683 337200 -0
1684 337400 -0
1685 337600 -0
1686 337800 -0
1687 338000 -0
1688 338200 -0
1689 338400 -0
1690 338600 -0
1691 338800 -0
1692 339000 -0
1693 339200 -0
1694 339400 -0
1695 339600 -0
1696 339800 -0
1697 340000 -0
1698 340200 -0
1699 340400 -0
1700 340600 -0
1701 340800 -0
1702 341000 -0
1703 341200 -0
1704 341400 -0
1705 341600 -0
1706 341800 -0
1707 342000 -0
1708 342200 -0
1709 342400 -0
1710 342600 -0
1711 342800 -0
1712 343000 -0
1713 343200 -0
1714 343400 -0
1715 343600 -0
1716 343800 -0
1717 344000 -0
1718 344200 -0
1719 344400 -0
1720 344600 -0
1721 344800 -0
1722 345000 -0
1723 345200 -0
1724 345400 -0
1725 345600 -0
1726 345800 -0
1727 346000 -0
1728 346200 -0
1729 346400 -0
1730 346600 -0
1731 346800 -0
1732 347000 -0
1733 347200 -0
1734 347400 -0
1735 347600 -0
1736 347800 -0
1737 348000 -0
1738 348200 -0
1739 348400 -0
1740 348600 -0
1741 348800 -0
1742 349000 -0
1743 349200 -0
1744 349400 -0
1745 349600 -0
1746 349800 -0
1747 350000 -0
1748 350200 -0
1749 350400 -0
1750 350600 -0
1751 350800 -0
1752 351000 -0
1753 351200 -0
1754 351400 -0
1755 351600 -0
1756 351800 -0
1757 352000 -0
1758 352200 -0
1759 352400 -0
1760 352600 -0
1761 352800 -0
1762 353000 -0
1763 353200 -0
1764 353400 -0
1765 353600 -0
1766 353800 -0
1767 354000 -0
1768 354200 -0
1769 354400 -0
1770 354600 -0
1771 354800 -0
1772 355000 -0
1773 355200 -0
1774 355400 -0
1775 355600 -0
1776 355800 -0
1777 356000 -0
1778 356200 -0
1779 356400 -0
1780 356600 -0
1781 356800 -0
1782 357000 -0
1783 357200 -0
1784 357400 -0
1785 357600 -0
1786 357800 -0
1787 358000 -0
1788 358200 -0
1789 358400 -0
1790 358600 -0
1791 358800 -0
1792 359000 -0
1793 359200 -0
1794 359400 -0
1795 359600 -0
1796 359800 -0
1797 360000 -0
1798 360200 -0
1799 360400 -0
1800 360600 -0
1801 360800 -0
1802 361000 -0
1803 361200 -0
1804 361400 -0
1805 361600 -0
1806 361800 -0
1807 362000 -0
1808 362200 -0
1809 362400 -0
1810 362600 -0
1811 362800 -0
1812 363000 -0
1813 363200 -0
1814 363400 -0
1815 363600 -0
1816 363800 -0
1817 364000 -0
1818 364200 -0
1819 364400 -0
1820 364600 -0
1821 364800 -0
1822 365000 -0
1823 365200 -0
1824 365400 -0
1825 365600 -0
1826 365800 -0
1827 366000 -0
1828 366200 -0
1829 366400 -0
1830 366600 -0
1831 366800 -0
1832 367000 -0
1833 367200 -0
1834 367400 -0
1835 367600 -0
1836 367800 -0
1837 368000 -0
1838 368200 -0
1839 368400 -0
1840 368600 -0
1841 368800 -0
1842 369000 -0
1843 369200 -0
1844 369400 -0
1845 369600 -0
1846 369800 -0
1847 370000 -0
1848 370200 -0
1849 370400 -0
1850 370600 -0
1851 370800 -0
1852 371000 -0
1853 371200 -0
1854 371400 -0
1855 371600 -0
1856 371800 -0
1857 372000 -0
1858 372200 -0
1859 372400 -0
1860 372600 -0
1861 372800 -0
1862 373000 -0
1863 373200 -0
1864 373400 -0
1865 373600 -0
1866 373800 -0
1867 374000 -0
1868 374200 -0
1869 374400 -0
1870 374600 -0
1871 374800 -0
1872 375000 -0
1873 375200 -0
1874 375400 -0
1875 375600 -0
1876 375800 -0
1877 376000 -0
1878 376200 -0
1879 376400 -0
1880 376600 -0
1881 376800 -0
1882 377000 -0
1883 377200 -0
1884 377400 -0
1885 377600 -0
1886 377800 -0
1887 378000 -0
1888 378200 -0
1889 378400 -0
1890 378600 -0
1891 378800 -0
1892 379000 -0
1893 379200 -0
1894 379400 -0
1895 379600 -0
1896 379800 -0
1897 380000 -0
1898 380200 -0
1899 380400 -0
1900 380600 -0
1901 380800 -0
1902 381000 -0
1903 381200 -0
1904 381400 -0
1905 381600 -0
1906 381800 -0
1907 382000 -0
1908 382200 -0
1909 382400 -0
1910 382600 -0
1911 382800 -0
1912 383000 -0
1913 383200 -0
1914 383400 -0
1915 383600 -0
1916 383800 -0
1917 384000 -0
1918 384200 -0
1919 384400 -0
1920 384600 -0
1921 384800 -0
1922 385000 -0
1923 385200 -0
1924 385400 -0
1925 385600 -0
1926 385800 -0
1927 386000 -0
1928 386200 -0
1929 386400 -0
1930 386600 -0
1931 386800 -0
1932 387000 -0
1933 387200 -0
1934 387400 -0
1935 387600 -0
1936 387800 -0
1937 388000 -0
1938 388200 -0
1939 388400 -0
1940 388600 -0
1941 388800 -0
1942 389000 -0
1943 389200 -0
1944 389400 -0
1945 389600 -0
1946 389800 -0
1947 390000 -0
1948 390200 -0
1949 390400 -0
1950 390600 -0
1951 390800 -0
1952 391000 -0
1953 391200 -0
1954 391400 -0
1955 391600 -0
1956 391800 -0
1957 392000 -0
1958 392200 -0
1959 392400 -0
1960 392600 -0
1961 392800 -0
1962 393000 -0
1963 393200 -0
1964 393400 -0
1965 393600 -0
1966 393800 -0
1967 394000 -0
1968 394200 -0
1969 394400 -0
1970 394600 -0
1971 394800 -0
1972 395000 -0
1973 395200 -0
1974 395400 -0
1975 395600 -0
1976 395800 -0
1977 396000 -0
1978 396200 -0
1979 396400 -0
1980 396600 -0
1981 396800 -0
1982 397000 -0
1983 397200 -0
1984 397400 -0
1985 397600 -0
1986 397800 -0
1987 398000 -0
1988 398200 -0
1989 398400 -0
1990 398600 -0
1991 398800 -0
1992 399000 -0
1993 399200 -0
1994 399400 -0
1995 399600 -0
1996 399800 -0
1997 400000 -0
1998 400200 -0
1999 400400 -0
2000 400600 -0
2001 400800 -0
2002 401000 -0
2003 401200 -0
2004 401400 -0
2005 401600 -0
2006 401800 -0
2007 402000 -0
2008 402200 -0
2009 402400 -0
2010 402600 -0
2011 402800 -0
2012 403000 -0
2013 403200 -0
2014 403400 -0
2015 403600 -0
2016 403800 -0
2017 404000 -0
2018 404200 -0
2019 404400 -0
2020 404600 -0
2021 404800 -0
2022 405000 -0
2023 405200 -0
2024 405400 -0
2025 405600 -0
2026 405800 -0
2027 406000 -0
2028 406200 -0
2029 406400 -0
2030 406600 -0
2031 406800 -0
2032 407000 -0
2033 407200 -0
2034 407400 -0
2035 407600 -0
2036 407800 -0
2037 408000 -0
2038 408200 -0
2039 408400 -0
2040 408600 -0
2041 408800 -0
2042 409000 -0
2043 409200 -0
2044 409400 -0
2045 409600 -0
2046 409800 -0
2047 410000 -0
2048 410200 -0
2049 410400 -0
2050 410600 -0
2051 410800 -0
2052 411000 -0
2053 411200 -0
2054 411400 -0
2055 411600 -0
2056 411800 -0
2057 412000 -0
2058 412200 -0
2059 412400 -0
2060 412600 -0
2061 412800 -0
2062 413000 -0
2063 413200 -0
2064 413400 -0
2065 413600 -0
2066 413800 -0
2067 414000 -0
2068 414200 -0
2069 414400 -0
2070 414600 -0
2071 414800 -0
2072 415000 -0
2073 415200 -0
2074 415400 -0
2075 415600 -0
2076 415800 -0
2077 416000 -0
2078 416200 -0
2079 416400 -0
2080 416600 -0
2081 416800 -0
2082 417000 -0
2083 417200 -0
2084 417400 -0
2085 417600 -0
2086 417800 -0
2087 418000 -0
2088 418200 -0
2089 418400 -0
2090 418600 -0
2091 418800 -0
2092 419000 -0
2093 419200 -0
2094 419400 -0
2095 419600 -0
2096 419800 -0
2097 420000 -0
2098 420200 -0
2099 420400 -0
2100 420600 -0
2101 420800 -0
2102 421000 -0
2103 421200 -0
2104 421400 -0
2105 421600 -0
2106 421800 -0
2107 422000 -0
2108 422200 -0
2109 422400 -0
2110 422600 -0
2111 422800 -0
2112 423000 -0
2113 423200 -0
2114 423400 -0
2115 423600 -0
2116 423800 -0
2117 424000 -0
2118 424200 -0
2119 424400 -0
2120 424600 -0
2121 424800 -0
2122 425000 -0
2123 425200 -0
2124 425400 -0
2125 425600 -0
2126 425800 -0
2127 426000 -0
2128 426200 -0
2129 426400 -0
2130 426600 -0
2131 426800 -0
2132 427000 -0
2133 427200 -0
2134 427400 -0
2135 427600 -0
2136 427800 -0
2137 428000 -0
2138 428200 -0
2139 428400 -0
2140 428600 -0
2141 428800 -0
2142 429000 -0
2143 429200 -0
2144 429400 -0
2145 429600 -0
2146 429800 -0
2147 430000 -0
2148 430200 -0
2149 430400 -0
2150 430600 -0
2151 430800 -0
2152 431000 -0
2153 431200 -0
2154 431400 -0
2155 431600 -0
2156 431800 -0
2157 432000 -0
2158 432200 -0
2159 432400 -0
2160 432600 -0
2161 432800 -0
2162 433000 -0
2163 433200 -0
2164 433400 -0
2165 433600 -0
2166 433800 -0
2167 434000 -0
2168 434200 -0
2169 434400 -0
2170 434600 -0
2171 434800 -0
2172 435000 -0
2173 435200 -0
2174 435400 -0
2175 435600 -0
2176 435800 -0
2177 436000 -0
2178 436200 -0
2179 436400 -0
2180 436600 -0
2181 436800 -0
2182 437000 -0
2183 437200 -0
2184 437400 -0
2185 437600 -0
2186 437800 -0
2187 438000 -0
2188 438200 -0
2189 438400 -0
2190 438600 -0
2191 438800 -0
2192 439000 -0
2193 439200 -0
2194 439400 -0
2195 439600 -0
2196 439800 -0
2197 440000 -0
2198 440200 -0
2199 440400 -0
2200 440600 -0
2201 440800 -0
2202 441000 -0
2203 441200 -0
2204 441400 -0
2205 441600 -0
2206 441800 -0
2207 442000 -0
2208 442200 -0
2209 442400 -0
2210 442600 -0
2211 442800 -0
2212 443000 -0
2213 443200 -0
2214 443400 -0
2215 443600 -0
2216 443800 -0
2217 444000 -0
2218 444200 -0
2219 444400 -0
2220 444600 -0
2221 444800 -0
2222 445000 -0
2223 445200 -0
2224 445400 -0
2225 445600 -0
2226 445800 -0
2227 446000 -0
2228 446200 -0
2229 446400 -0
2230 446600 -0
2231 446800 -0
2232 447000 -0
2233 447200 -0
2234 447400 -0
2235 447600 -0
2236 447800 -0
2237 448000 -0
2238 448200 -0
2239 448400 -0
2240 448600 -0
2241 448800 -0
2242 449000 -0
2243 449200 -0
2244 449400 -0
2245 449600 -0
2246 449800 -0
2247 450000 -0
2248 450200 -0
2249 450400 -0
2250 450600 -0
2251 450800 -0
2252 451000 -0
2253 451200 -0
2254 451400 -0
2255 451600 -0
2256 451800 -0
2257 452000 -0
2258 452200 -0
2259 452400 -0
2260 452600 -0
2261 452800 -0
2262 453000 -0
2263 453200 -0
2264 453400 -0
2265 453600 -0
2266 453800 -0
2267 454000 -0
2268 454200 -0
2269 454400 -0
2270 454600 -0
2271 454800 -0
2272 455000 -0
2273 455200 -0
2274 455400 -0
2275 455600 -0
2276 455800 -0
2277 456000 -0
2278 456200 -0
2279 456400 -0
2280 456600 -0
2281 456800 -0
2282 457000 -0
2283 457200 -0
2284 457400 -0
2285 457600 -0
2286 457800 -0
2287 458000 -0
2288 458200 -0
2289 458400 -0
2290 458600 -0
2291 458800 -0
2292 459000 -0
2293 459200 -0
2294 459400 -0
2295 459600 -0
2296 459800 -0
2297 460000 -0
2298 460200 -0
2299 460400 -0
2300 460600 -0
2301 460800 -0
2302 461000 -0
2303 461200 -0
2304 461400 -0
2305 461600 -0
2306 461800 -0
2307 462000 -0
2308 462200 -0
2309 462400 -0
2310 462600 -0
2311 462800 -0
2312 463000 -0
2313 463200 -0
2314 463400 -0
2315 463600 -0
2316 463800 -0
2317 464000 -0
2318 464200 -0
2319 464400 -0
2320 464600 -0
2321 464800 -0
2322 465000 -0
2323 465200 -0
2324 465400 -0
2325 465600 -0
2326 465800 -0
2327 466000 -0
2328 466200 -0
2329 466400 -0
2330 466600 -0
2331 466800 -0
2332 467000 -0
2333 467200 -0
2334 467400 -0
2335 467600 -0
2336 467800 -0
2337 468000 -0
2338 468200 -0
2339 468400 -0
2340 468600 -0
2341 468800 -0
2342 469000 -0
2343 469200 -0
2344 469400 -0
2345 469600 -0
2346 469800 -0
2347 470000 -0
2348 470200 -0
2349 470400 -0
2350 470600 -0
2351 470800 -0
2352 471000 -0
2353 471200 -0
2354 471400 -0
2355 471600 -0
2356 471800 -0
2357 472000 -0
2358 472200 -0
2359 472400 -0
2360 472600 -0
2361 472800 -0
2362 473000 -0
2363 473200 -0
2364 473400 -0
2365 473600 -0
2366 473800 -0
2367 474000 -0
2368 474200 -0
2369 474400 -0
2370 474600 -0
2371 474800 -0
2372 475000 -0
2373 475200 -0
2374 475400 -0
2375 475600 -0
2376 475800 -0
2377 476000 -0
2378 476200 -0
2379 476400 -0
2380 476600 -0
2381 476800 -0
2382 477000 -0
2383 477200 -0
2384 477400 -0
2385 477600 -0
2386 477800 -0
2387 478000 -0
2388 478200 -0
2389 478400 -0
2390 478600 -0
2391 478800 -0
2392 479000 -0
2393 479200 -0
2394 479400 -0
2395 479600 -0
2396 479800 -0
2397 480000 -0
2398 480200 -0
2399 480400 -0
2400 480600 -0
2401 480800 -0
2402 481000 -0
2403 481200 -0
2404 481400 -0
2405 481600 -0
2406 481800 -0
2407 482000 -0
2408 482200 -0
2409 482400 -0
2410 482600 -0
2411 482800 -0
2412 483000 -0
2413 483200 -0
2414 483400 -0
2415 483600 -0
2416 483800 -0
2417 484000 -0
2418 484200 -0
2419 484400 -0
2420 484600 -0
2421 484800 -0
2422 485000 -0
2423 485200 -0
2424 485400 -0
2425 485600 -0
2426 485800 -0
2427 486000 -0
2428 486200 -0
2429 486400 -0
2430 486600 -0
2431 486800 -0
2432 487000 -0
2433 487200 -0
2434 487400 -0
2435 487600 -0
2436 487800 -0
2437 488000 -0
2438 488200 -0
2439 488400 -0
2440 488600 -0
2441 488800 -0
2442 489000 -0
2443 489200 -0
2444 489400 -0
2445 489600 -0
2446 489800 -0
2447 490000 -0
2448 490200 -0
2449 490400 -0
2450 490600 -0
2451 490800 -0
2452 491000 -0
2453 491200 -0
2454 491400 -0
2455 491600 -0
2456 491800 -0
2457 492000 -0
2458 492200 -0
2459 492400 -0
2460 492600 -0
2461 492800 -0
2462 493000 -0
2463 493200 -0
2464 493400 -0
2465 493600 -0
2466 493800 -0
2467 494000 -0
2468 494200 -0
2469 494400 -0
2470 494600 -0
2471 494800 -0
2472 495000 -0
2473 495200 -0
2474 495400 -0
2475 495600 -0
2476 495800 -0
2477 496000 -0
2478 496200 -0
2479 496400 -0
2480 496600 -0
2481 496800 -0
2482 497000 -0
2483 497200 -0
2484 497400 -0
2485 497600 -0
2486 497800 -0
2487 498000 -0
2488 498200 -0
2489 498400 -0
2490 498600 -0
2491 498800 -0
2492 499000 -0
2493 499200 -0
2494 499400 -0
2495 499600 -0
2496 499800 -0
2497 500000 -0
2498 500200 -0
2499 500400 -0
2500 500600 -0
2501 500800 -0
2502 501000 -0
2503 501200 -0
2504 501400 -0
2505 501600 -0
2506 501800 -0
2507 502000 -0
2508 502200 -0
2509 502400 -0
2510 502600 -0
2511 502800 -0
2512 503000 -0
2513 503200 -0
2514 503400 -0
2515 503600 -0
2516 503800 -0
2517 504000 -0
2518 504200 -0
2519 504400 -0
2520 504600 -0
2521 504800 -0
2522 505000 -0
2523 505200 -0
2524 505400 -0
2525 505600 -0
2526 505800 -0
2527 506000 -0
2528 506200 -0
2529 506400 -0
2530 506600 -0
2531 506800 -0
2532 507000 -0
2533 507200 -0
2534 507400 -0
2535 507600 -0
2536 507800 -0
2537 508000 -0
2538 508200 -0
2539 508400 -0
2540 508600 -0
2541 508800 -0
2542 509000 -0
2543 509200 -0
2544 509400 -0
2545 509600 -0
2546 509800 -0
2547 510000 -0
2548 510200 -0
2549 510400 -0
2550 510600 -0
2551 510800 -0
2552 511000 -0
2553 511200 -0
2554 511400 -0
2555 511600 -0
2556 511800 -0
2557 512000 -0
2558 512200 -0
2559 512400 -0
2560 512600 -0
2561 512800 -0
2562 513000 -0
2563 513200 -0
2564 513400 -0
2565 513600 -0
2566 513800 -0
2567 514000 -0
2568 514200 -0
2569 514400 -0
2570 514600 -0
2571 514800 -0
2572 515000 -0
2573 515200 -0
2574 515400 -0
2575 515600 -0
2576 515800 -0
2577 516000 -0
2578 516200 -0
2579 516400 -0
2580 516600 -0
2581 516800 -0
2582 517000 -0
2583 517200 -0
2584 517400 -0
2585 517600 -0
2586 517800 -0
2587 518000 -0
2588 518200 -0
2589 518400 -0
2590 518600 -0
2591 518800 -0
2592 519000 -0
2593 519200 -0
2594 519400 -0
2595 519600 -0
2596 519800 -0
2597 520000 -0
2598 520200 -0
2599 520400 -0
2600 520600 -0
2601 520800 -0
2602 521000 -0
2603 521200 -0
2604 521400 -0
2605 521600 -0
2606 521800 -0
2607 522000 -0
2608 522200 -0
2609 522400 -0
2610 522600 -0
2611 522800 -0
2612 523000 -0
2613 523200 -0
2614 523400 -0
2615 523600 -0
2616 523800 -0
2617 524000 -0
2618 524200 -0
2619 524400 -0
2620 524600 -0
2621 524800 -0
2622 525000 -0
2623 525200 -0
2624 525400 -0
2625 525600 -0
2626 525800 -0
2627 526000 -0
2628 526200 -0
2629 526400 -0
2630 526600 -0
2631 526800 -0
2632 527000 -0
2633 527200 -0
2634 527400 -0
2635 527600 -0
2636 527800 -0
2637 528000 -0
2638 528200 -0
2639 528400 -0
2640 528600 -0
2641 528800 -0
2642 529000 -0
2643 529200 -0
2644 529400 -0
2645 529600 -0
2646 529800 -0
2647 530000 -0
2648 530200 -0
2649 530400 -0
2650 530600 -0
2651 530800 -0
2652 531000 -0
2653 531200 -0
2654 531400 -0
2655 531600 -0
2656 531800 -0
2657 532000 -0
2658 532200 -0
2659 532400 -0
2660 532600 -0
2661 532800 -0
2662 533000 -0
2663 533200 -0
2664 533400 -0
2665 533600 -0
2666 533800 -0
2667 534000 -0
2668 534200 -0
2669 534400 -0
2670 534600 -0
2671 534800 -0
2672 535000 -0
2673 535200 -0
2674 535400 -0
2675 535600 -0
2676 535800 -0
2677 536000 -0
2678 536200 -0
2679 536400 -0
2680 536600 -0
2681 536800 -0
2682 537000 -0
2683 537200 -0
2684 537400 -0
2685 537600 -0
2686 537800 -0
2687 538000 -0
2688 538200 -0
2689 538400 -0
2690 538600 -0
2691 538800 -0
2692 539000 -0
2693 539200 -0
2694 539400 -0
2695 539600 -0
2696 539800 -0
2697 540000 -0
2698 540200 -0
2699 540400 -0
2700 540600 -0
2701 540800 -0
2702 541000 -0
2703 541200 -0
2704 541400 -0
2705 541600 -0
2706 541800 -0
2707 542000 -0
2708 542200 -0
2709 542400 -0
2710 542600 -0
2711 542800 -0
2712 543000 -0
2713 543200 -0
2714 543400 -0
2715 543600 -0
2716 543800 -0
2717 544000 -0
2718 544200 -0
2719 544400 -0
2720 544600 -0
2721 544800 -0
2722 545000 -0
2723 545200 -0
2724 545400 -0
2725 545600 -0
2726 545800 -0
2727 546000 -0
2728 546200 -0
2729 546400 -0
2730 546600 -0
2731 546800 -0
2732 547000 -0
2733 547200 -0
2734 547400 -0
2735 547600 -0
2736 547800 -0
2737 548000 -0
2738 548200 -0
2739 548400 -0
2740 548600 -0
2741 548800 -0
2742 549000 -0
2743 549200 -0
2744 549400 -0
2745 549600 -0
2746 549800 -0
2747 550000 -0
2748 550200 -0
2749 550400 -0
2750 550600 -0
2751 550800 -0
2752 551000 -0
2753 551200 -0
2754 551400 -0
2755 551600 -0
2756 551800 -0
2757 552000 -0
2758 552200 -0
2759 552400 -0
2760 552600 -0
2761 552800 -0
2762 553000 -0
2763 553200 -0
2764 553400 -0
2765 553600 -0
2766 553800 -0
2767 554000 -0
2768 554200 -0
2769 554400 -0
2770 554600 -0
2771 554800 -0
2772 555000 -0
2773 555200 -0
2774 555400 -0
2775 555600 -0
2776 555800 -0
2777 556000 -0
2778 556200 -0
2779 556400 -0
2780 556600 -0
2781 556800 -0
2782 557000 -0
2783 557200 -0
2784 557400 -0
2785 557600 -0
2786 557800 -0
2787 558000 -0
2788 558200 -0
2789 558400 -0
2790 558600 -0
2791 558800 -0
2792 559000 -0
2793 559200 -0
2794 559400 -0
2795 559600 -0
2796 559800 -0
2797 560000 -0
2798 560200 -0
2799 560400 -0
2800 560600 -0
2801 560800 -0
2802 561000 -0
2803 561200 -0
2804 561400 -0
2805 561600 -0
2806 561800 -0
2807 562000 -0
2808 562200 -0
2809 562400 -0
2810 562600 -0
2811 562800 -0
2812 563000 -0
2813 563200 -0
2814 563400 -0
2815 563600 -0
2816 563800 -0
2817 564000 -0
2818 564200 -0
2819 564400 -0
2820 564600 -0
2821 564800 -0
2822 565000 -0
2823 565200 -0
2824 565400 -0
2825 565600 -0
2826 565800 -0
2827 566000 -0
2828 566200 -0
2829 566400 -0
2830 566600 -0
2831 566800 -0
2832 567000 -0
2833 567200 -0
2834 567400 -0
2835 567600 -0
2836 567800 -0
2837 568000 -0
2838 568200 -0
2839 568400 -0
2840 568600 -0
2841 568800 -0
2842 569000 -0
2843 569200 -0
2844 569400 -0
2845 569600 -0
2846 569800 -0
2847 570000 -0
2848 570200 -0
2849 570400 -0
2850 570600 -0
2851 570800 -0
2852 571000 -0
2853 571200 -0
2854 571400 -0
2855 571600 -0
2856 571800 -0
2857 572000 -0
2858 572200 -0
2859 572400 -0
2860 572600 -0
2861 572800 -0
2862 573000 -0
2863 573200 -0
2864 573400 -0
2865 573600 -0
2866 573800 -0
2867 574000 -0
2868 574200 -0
2869 574400 -0
2870 574600 -0
2871 574800 -0
2872 575000 -0
2873 575200 -0
2874 575400 -0
2875 575600 -0
2876 575800 -0
2877 576000 -0
2878 576200 -0
2879 576400 -0
2880 576600 -0
2881 576800 -0
2882 577000 -0
2883 577200 -0
2884 577400 -0
2885 577600 -0
2886 577800 -0
2887 578000 -0
2888 578200 -0
2889 578400 -0
2890 578600 -0
2891 578800 -0
2892 579000 -0
2893 579200 -0
2894 579400 -0
2895 579600 -0
2896 579800 -0
2897 580000 -0
2898 580200 -0
2899 580400 -0
2900 580600 -0
2901 580800 -0
2902 581000 -0
2903 581200 -0
2904 581400 -0
2905 581600 -0
2906 581800 -0
2907 582000 -0
2908 582200 -0
2909 582400 -0
2910 582600 -0
2911 582800 -0
2912 583000 -0
2913 583200 -0
2914 583400 -0
2915 583600 -0
2916 583800 -0
2917 584000 -0
2918 584200 -0
2919 584400 -0
2920 584600 -0
2921 584800 -0
2922 585000 -0
2923 585200 -0
2924 585400 -0
2925 585600 -0
2926 585800 -0
2927 586000 -0
2928 586200 -0
2929 586400 -0
2930 586600 -0
2931 586800 -0
2932 587000 -0
2933 587200 -0
2934 587400 -0
2935 587600 -0
2936 587800 -0
2937 588000 -0
2938 588200 -0
2939 588400 -0
2940 588600 -0
2941 588800 -0
2942 589000 -0
2943 589200 -0
2944 589400 -0
2945 589600 -0
2946 589800 -0
2947 590000 -0
2948 590200 -0
2949 590400 -0
2950 590600 -0
2951 590800 -0
2952 591000 -0
2953 591200 -0
2954 591400 -0
2955 591600 -0
2956 591800 -0
2957 592000 -0
2958 592200 -0
2959 592400 -0
2960 592600 -0
2961 592800 -0
2962 593000 -0
2963 593200 -0
2964 593400 -0
2965 593600 -0
2966 593800 -0
2967 594000 -0
2968 594200 -0
2969 594400 -0
2970 594600 -0
2971 594800 -0
2972 595000 -0
2973 595200 -0
2974 595400 -0
2975 595600 -0
2976 595800 -0
2977 596000 -0
2978 596200 -0
2979 596400 -0
2980 596600 -0
2981 596800 -0
2982 597000 -0
2983 597200 -0
2984 597400 -0
2985 597600 -0
2986 597800 -0
2987 598000 -0
2988 598200 -0
2989 598400 -0
2990 598600 -0
2991 598800 -0
2992 599000 -0
2993 599200 -0
2994 599400 -0
2995 599600 -0
2996 599800 -0
2997 600000 -0
2998 600200 -0
2999 600400 -0
3000 600600 -0
3001 600800 -0
3002 601000 -0
3003 601200 -0
3004 601400 -0
3005 601600 -0
3006 601800 -0
3007 602000 -0
3008 602200 -0
3009 602400 -0
3010 602600 -0
3011 602800 -0
3012 603000 -0
3013 603200 -0
3014 603400 -0
3015 603600 -0
3016 603800 -0
3017 604000 -0
3018 604200 -0
3019 604400 -0
3020 604600 -0
3021 604800 -0
3022 605000 -0
3023 605200 -0
3024 605400 -0
3025 605600 -0
3026 605800 -0
3027 606000 -0
3028 606200 -0
3029 606400 -0
3030 606600 -0
3031 606800 -0
3032 607000 -0
3033 607200 -0
3034 607400 -0
3035 607600 -0
3036 607800 -0
3037 608000 -0
3038 608200 -0
3039 608400 -0
3040 608600 -0
3041 608800 -0
3042 609000 -0
3043 609200 -0
3044 609400 -0
3045 609600 -0
3046 609800 -0
3047 610000 -0
3048 610200 -0
3049 610400 -0
3050 610600 -0
3051 610800 -0
3052 611000 -0
3053 611200 -0
3054 611400 -0
3055 611600 -0
3056 611800 -0
3057 612000 -0
3058 612200 -0
3059 612400 -0
3060 612600 -0
3061 612800 -0
3062 613000 -0
3063 613200 -0
3064 613400 -0
3065 613600 -0
3066 613800 -0
3067 614000 -0
3068 614200 -0
3069 614400 -0
3070 614600 -0
3071 614800 -0
3072 615000 -0
3073 615200 -0
3074 615400 -0
3075 615600 -0
3076 615800 -0
3077 616000 -0
3078 616200 -0
3079 616400 -0
3080 616600 -0
3081 616800 -0
3082 617000 -0
3083 617200 -0
3084 617400 -0
3085 617600 -0
3086 617800 -0
3087 618000 -0
3088 618200 -0
3089 618400 -0
3090 618600 -0
3091 618800 -0
3092 619000 -0
3093 619200 -0
3094 619400 -0
3095 619600 -0
3096 619800 -0
3097 620000 -0
3098 620200 -0
3099 620400 -0
3100 620600 -0
3101 620800 -0
3102 621000 -0
3103 621200 -0
3104 621400 -0
3105 621600 -0
3106 621800 -0
3107 622000 -0
3108 622200 -0
3109 622400 -0
3110 622600 -0
3111 622800 -0
3112 623000 -0
3113 623200 -0
3114 623400 -0
3115 623600 -0
3116 623800 -0
3117 624000 -0
3118 624200 -0
3119 624400 -0
3120 624600 -0
3121 624800 -0
3122 625000 -0
3123 625200 -0
3124 625400 -0
3125 625600 -0
3126 625800 -0
3127 626000 -0
3128 626200 -0
3129 626400 -0
3130 626600 -0
3131 626800 -0
3132 627000 -0
3133 627200 -0
3134 627400 -0
3135 627600 -0
3136 627800 -0
3137 628000 -0
3138 628200 -0
3139 628400 -0
3140 628600 -0
3141 628800 -0
3142 629000 -0
3143 629200 -0
3144 629400 -0
3145 629600 -0
3146 629800 -0
3147 630000 -0
3148 630200 -0
3149 630400 -0
3150 630600 -0
3151 630800 -0
3152 631000 -0
3153 631200 -0
3154 631400 -0
3155 631600 -0
3156 631800 -0
3157 632000 -0
3158 632200 -0
3159 632400 -0
3160 632600 -0
3161 632800 -0
3162 633000 -0
3163 633200 -0
3164 633400 -0
3165 633600 -0
3166 633800 -0
3167 634000 -0
3168 634200 -0
3169 634400 -0
3170 634600 -0
3171 634800 -0
3172 635000 -0
3173 635200 -0
3174 635400 -0
3175 635600 -0
3176 635800 -0
3177 636000 -0
3178 636200 -0
3179 636400 -0
3180 636600 -0
3181 636800 -0
3182 637000 -0
3183 637200 -0
3184 637400 -0
3185 637600 -0
3186 637800 -0
3187 638000 -0
3188 638200 -0
3189 638400 -0
3190 638600 -0
3191 638800 -0
3192 639000 -0
3193 639200 -0
3194 639400 -0
3195 639600 -0
3196 639800 -0
3197 640000 -0
3198 640200 -0
3199 640400 -0
3200 640600 -0
3201 640800 -0
3202 641000 -0
3203 641200 -0
3204 641400 -0
3205 641600 -0
3206 641800 -0
3207 642000 -0
3208 642200 -0
3209 642400 -0
3210 642600 -0
3211 642800 -0
3212 643000 -0
3213 643200 -0
3214 643400 -0
3215 643600 -0
3216 643800 -0
3217 644000 -0
3218 644200 -0
3219 644400 -0
3220 644600 -0
3221 644800 -0
3222 645000 -0
3223 645200 -0
3224 645400 -0
3225 645600 -0
3226 645800 -0
3227 646000 -0
3228 646200 -0
3229 646400 -0
3230 646600 -0
3231 646800 -0
3232 647000 -0
3233 647200 -0
3234 647400 -0
3235 647600 -0
3236 647800 -0
3237 648000 -0
3238 648200 -0
3239 648400 -0
3240 648600 -0
3241 648800 -0
3242 649000 -0
3243 649200 -0
3244 649400 -0
3245 649600 -0
3246 649800 -0
3247 650000 -0
3248 650200 -0
3249 650400 -0
3250 650600 -0
3251 650800 -0
3252 651000 -0
3253 651200 -0
3254 651400 -0
3255 651600 -0
3256 651800 -0
3257 652000 -0
3258 652200 -0
3259 652400 -0
3260 652600 -0
3261 652800 -0
3262 653000 -0
3263 653200 -0
3264 653400 -0
3265 653600 -0
3266 653800 -0
3267 654000 -0
3268 654200 -0
3269 654400 -0
3270 654600 -0
3271 654800 -0
3272 655000 -0
3273 655200 -0
3274 655400 -0
3275 655600 -0
3276 655800 -0
3277 656000 -0
3278 656200 -0
3279 656400 -0
3280 656600 -0
3281 656800 -0
3282 657000 -0
3283 657200 -0
3284 657400 -0
3285 657600 -0
3286 657800 -0
3287 658000 -0
3288 658200 -0
3289 658400 -0
3290 658600 -0
3291 658800 -0
3292 659000 -0
3293 659200 -0
3294 659400 -0
3295 659600 -0
3296 659800 -0
3297 660000 -0
3298 660200 -0
3299 660400 -0
3300 660600 -0
3301 660800 -0
3302 661000 -0
3303 661200 -0
3304 661400 -0
3305 661600 -0
3306 661800 -0
3307 662000 -0
3308 662200 -0
3309 662400 -0
3310 662600 -0
3311 662800 -0
3312 663000 -0
3313 663200 -0
3314 663400 -0
3315 663600 -0
3316 663800 -0
3317 664000 -0
3318 664200 -0
3319 664400 -0
3320 664600 -0
3321 664800 -0
3322 665000 -0
3323 665200 -0
3324 665400 -0
3325 665600 -0
3326 665800 -0
3327 666000 -0
3328 666200 -0
3329 666400 -0
3330 666600 -0
3331 666800 -0
3332 667000 -0
3333 667200 -0
3334 667400 -0
3335 667600 -0
3336 667800 -0
3337 668000 -0
3338 668200 -0
3339 668400 -0
3340 668600 -0
3341 668800 -0
3342 669000 -0
3343 669200 -0
3344 669400 -0
3345 669600 -0
3346 669800 -0
3347 670000 -0
3348 670200 -0
3349 670400 -0
3350 670600 -0
3351 670800 -0
3352 671000 -0
3353 671200 -0
3354 671400 -0
3355 671600 -0
3356 671800 -0
3357 672000 -0
3358 672200 -0
3359 672400 -0
3360 672600 -0
3361 672800 -0
3362 673000 -0
3363 673200 -0
3364 673400 -0
3365 673600 -0
3366 673800 -0
3367 674000 -0
3368 674200 -0
3369 674400 -0
3370 674600 -0
3371 674800 -0
3372 675000 -0
3373 675200 -0
3374 675400 -0
3375 675600 -0
3376 675800 -0
3377 676000 -0
3378 676200 -0
3379 676400 -0
3380 676600 -0
3381 676800 -0
3382 677000 -0
3383 677200 -0
3384 677400 -0
3385 677600 -0
3386 677800 -0
3387 678000 -0
3388 678200 -0
3389 678400 -0
3390 678600 -0
3391 678800 -0
3392 679000 -0
3393 679200 -0
3394 679400 -0
3395 679600 -0
3396 679800 -0
3397 680000 -0
3398 680200 -0
3399 680400 -0
3400 680600 -0
3401 680800 -0
3402 681000 -0
3403 681200 -0
3404 681400 -0
3405 681600 -0
3406 681800 -0
3407 682000 -0
3408 682200 -0
3409 682400 -0
3410 682600 -0
3411 682800 -0
3412 683000 -0
3413 683200 -0
3414 683400 -0
3415 683600 -0
3416 683800 -0
3417 684000 -0
3418 684200 -0
3419 684400 -0
3420 684600 -0
3421 684800 -0
3422 685000 -0
3423 685200 -0
3424 685400 -0
3425 685600 -0
3426 685800 -0
3427 686000 -0
3428 686200 -0
3429 686400 -0
3430 686600 -0
3431 686800 -0
3432 687000 -0
3433 687200 -0
3434 687400 -0
3435 687600 -0
3436 687800 -0
3437 688000 -0
3438 688200 -0
3439 688400 -0
3440 688600 -0
3441 688800 -0
3442 689000 -0
3443 689200 -0
3444 689400 -0
3445 689600 -0
3446 689800 -0
3447 690000 -0
3448 690200 -0
3449 690400 -0
3450 690600 -0
3451 690800 -0
3452 691000 -0
3453 691200 -0
3454 691400 -0
3455 691600 -0
3456 691800 -0
3457 692000 -0
3458 692200 -0
3459 692400 -0
3460 692600 -0
3461 692800 -0
3462 693000 -0
3463 693200 -0
3464 693400 -0
3465 693600 -0
3466 693800 -0
3467 694000 -0
3468 694200 -0
3469 694400 -0
3470 694600 -0
3471 694800 -0
3472 695000 -0
3473 695200 -0
3474 695400 -0
3475 695600 -0
3476 695800 -0
3477 696000 -0
3478 696200 -0
3479 696400 -0
3480 696600 -0
3481 696800 -0
3482 697000 -0
3483 697200 -0
3484 697400 -0
3485 697600 -0
3486 697800 -0
3487 698000 -0
3488 698200 -0
3489 698400 -0
3490 698600 -0
3491 698800 -0
3492 699000 -0
3493 699200 -0
3494 699400 -0
3495 699600 -0
3496 699800 -0
3497 700000 -0
3498 700200 -0
3499 700400 -0
3500 700600 -0
3501 700800 -0
3502 701000 -0
3503 701200 -0
3504 701400 -0
3505 701600 -0
3506 701800 -0
3507 702000 -0
3508 702200 -0
3509 702400 -0
3510 702600 -0
3511 702800 -0
3512 703000 -0
3513 703200 -0
3514 703400 -0
3515 703600 -0
3516 703800 -0
3517 704000 -0
3518 704200 -0
3519 704400 -0
3520 704600 -0
3521 704800 -0
3522 705000 -0
3523 705200 -0
3524 705400 -0
3525 705600 -0
3526 705800 -0
3527 706000 -0
3528 706200 -0
3529 706400 -0
3530 706600 -0
3531 706800 -0
3532 707000 -0
3533 707200 -0
3534 707400 -0
3535 707600 -0
3536 707800 -0
3537 708000 -0
3538 708200 -0
3539 708400 -0
3540 708600 -0
3541 708800 -0
3542 709000 -0
3543 709200 -0
3544 709400 -0
3545 709600 -0
3546 709800 -0
3547 710000 -0
3548 710200 -0
3549 710400 -0
3550 710600 -0
3551 710800 -0
3552 711000 -0
3553 711200 -0
3554 711400 -0
3555 711600 -0
3556 711800 -0
3557 712000 -0
3558 712200 -0
3559 712400 -0
3560 712600 -0
3561 712800 -0
3562 713000 -0
3563 713200 -0
3564 713400 -0
3565 713600 -0
3566 713800 -0
3567 714000 -0
3568 714200 -0
3569 714400 -0
3570 714600 -0
3571 714800 -0
3572 715000 -0
3573 715200 -0
3574 715400 -0
3575 715600 -0
3576 715800 -0
3577 716000 -0
3578 716200 -0
3579 716400 -0
3580 716600 -0
3581 716800 -0
3582 717000 -0
3583 717200 -0
3584 717400 -0
3585 717600 -0
3586 717800 -0
3587 718000 -0
3588 718200 -0
3589 718400 -0
3590 718600 -0
3591 718800 -0
3592 719000 -0
3593 719200 -0
3594 719400 -0
3595 719600 -0
3596 719800 -0
3597 720000 -0
3598 720200 -0
